4.74434E+0	-9.21875E-2	2.35556E-3	1.59472E-3
4.74409E+0	-9.20898E-2	2.41363E-3	1.70281E-3
4.74487E+0	-9.20898E-2	2.12497E-3	1.70281E-3
4.74395E+0	-9.21387E-2	2.43597E-3	1.65038E-3
4.74404E+0	-9.21387E-2	2.42209E-3	1.65038E-3
4.74419E+0	-9.21875E-2	2.39359E-3	1.59472E-3
4.74409E+0	-9.26758E-2	2.41363E-3	6.87038E-4
4.74463E+0	-9.20410E-2	2.24886E-3	1.75230E-3
4.74453E+0	-9.21875E-2	2.28919E-3	1.59472E-3
4.74419E+0	-9.21875E-2	2.39359E-3	1.59472E-3
4.74443E+0	-9.21387E-2	2.32468E-3	1.65038E-3
4.74434E+0	-9.21875E-2	2.35556E-3	1.59472E-3
4.74419E+0	-9.22363E-2	2.39359E-3	1.53548E-3
4.74419E+0	-9.24805E-2	2.39359E-3	1.16545E-3
4.74370E+0	-9.25781E-2	2.45321E-3	9.61652E-4
4.74424E+0	-9.24316E-2	2.38199E-3	1.25211E-3
4.74419E+0	-9.23828E-2	2.39359E-3	1.33135E-3
4.74395E+0	-9.24805E-2	2.43597E-3	1.16545E-3
4.74473E+0	-9.24316E-2	2.20342E-3	1.25211E-3
4.74473E+0	-9.23340E-2	2.20342E-3	1.40441E-3
4.74438E+0	-9.21387E-2	2.34069E-3	1.65038E-3
4.74399E+0	-9.15527E-2	2.42954E-3	2.12497E-3
4.74409E+0	-9.18945E-2	2.41363E-3	1.88537E-3
4.74507E+0	-9.14551E-2	1.99883E-3	2.17869E-3
4.74473E+0	-9.09668E-2	2.20342E-3	2.36932E-3
4.74458E+0	-9.18457E-2	2.26964E-3	1.92518E-3
4.74448E+0	-9.19434E-2	2.30753E-3	1.84338E-3
4.74424E+0	-9.23828E-2	2.38199E-3	1.33135E-3
4.74434E+0	-9.17969E-2	2.35556E-3	1.96296E-3
4.74443E+0	-9.14062E-2	2.32468E-3	2.20342E-3
4.74414E+0	-9.16016E-2	2.40413E-3	2.09587E-3
4.74458E+0	-9.22852E-2	2.26964E-3	1.47222E-3
4.74429E+0	-9.20410E-2	2.36932E-3	1.75230E-3
4.74424E+0	-9.21875E-2	2.38199E-3	1.59472E-3
4.74512E+0	-9.17480E-2	1.96296E-3	1.99883E-3
4.74443E+0	-9.22363E-2	2.32468E-3	1.53548E-3
4.74609E+0	-9.24316E-2	6.94013E-4	1.25211E-3
4.74971E+0	-9.16504E-2	2.15256E-3	2.06520E-3
4.75103E+0	-9.11621E-2	4.88281E-4	2.30753E-3
4.75269E+0	-9.00391E-2	2.34069E-3	2.43597E-3
4.75415E+0	-9.14551E-2	2.34069E-3	2.17869E-3
4.75532E+0	-9.07227E-2	1.53548E-3	2.42209E-3
4.75581E+0	-9.19922E-2	4.88281E-4	1.79909E-3
4.75635E+0	-9.14551E-2	1.47222E-3	2.17869E-3
4.76113E+0	-9.23340E-2	2.26805E-3	1.40441E-3
4.76650E+0	-9.19922E-2	2.00904E-3	1.79909E-3
4.77085E+0	-9.26758E-2	1.25211E-3	6.87038E-4
4.77373E+0	-9.25781E-2	2.32468E-3	9.61652E-4
4.77534E+0	-9.26758E-2	4.88281E-4	6.87038E-4
4.77539E+0	-9.26758E-2	0.00000E+0	6.87038E-4
4.77539E+0	-9.27246E-2	0.00000E+0	4.88281E-4
4.77549E+0	-9.27246E-2	6.87038E-4	4.88281E-4
4.77852E+0	-9.26758E-2	2.35556E-3	6.87038E-4
4.78076E+0	-9.27246E-2	1.47222E-3	4.88281E-4
4.78491E+0	-9.27734E-2	1.06955E-3	0.00000E+0
4.78525E+0	-9.27246E-2	6.87038E-4	4.88281E-4
4.78667E+0	-9.27734E-2	2.26964E-3	0.00000E+0
4.78833E+0	-9.27734E-2	2.34069E-3	0.00000E+0
4.78979E+0	-9.27734E-2	1.06955E-3	0.00000E+0
4.78999E+0	-9.27734E-2	4.88281E-4	0.00000E+0
4.79004E+0	-9.27734E-2	0.00000E+0	0.00000E+0
4.79004E+0	-9.27734E-2	0.00000E+0	0.00000E+0
4.79009E+0	-9.27734E-2	4.88281E-4	0.00000E+0
4.79004E+0	-9.27734E-2	0.00000E+0	0.00000E+0
4.79077E+0	-9.27734E-2	1.75230E-3	0.00000E+0
4.79468E+0	-9.27734E-2	1.06955E-3	0.00000E+0
4.79492E+0	-9.27734E-2	0.00000E+0	0.00000E+0
4.79497E+0	-9.27734E-2	4.88281E-4	0.00000E+0
4.80010E+0	-9.27734E-2	2.38603E-3	0.00000E+0
4.80430E+0	-9.27734E-2	1.33135E-3	0.00000E+0
4.80469E+0	-9.27734E-2	0.00000E+0	0.00000E+0
4.80469E+0	-9.27734E-2	0.00000E+0	0.00000E+0
4.80615E+0	-9.27734E-2	2.24886E-3	0.00000E+0
4.81147E+0	-9.27734E-2	2.39359E-3	0.00000E+0
4.81445E+0	-9.27734E-2	0.00000E+0	0.00000E+0
4.81616E+0	-9.27734E-2	2.34069E-3	0.00000E+0
4.82104E+0	-9.27734E-2	2.34069E-3	0.00000E+0
4.82690E+0	-9.27734E-2	2.44141E-3	0.00000E+0
4.82910E+0	-9.27734E-2	0.00000E+0	0.00000E+0
4.83003E+0	-9.27734E-2	1.92518E-3	0.00000E+0
4.83330E+0	-9.27734E-2	1.70281E-3	0.00000E+0
4.83398E+0	-9.27734E-2	0.00000E+0	0.00000E+0
4.83398E+0	-9.27734E-2	0.00000E+0	0.00000E+0
4.83501E+0	-9.27734E-2	1.99883E-3	0.00000E+0
4.84121E+0	-9.27734E-2	2.45174E-3	0.00000E+0
4.84375E+0	-9.27734E-2	0.00000E+0	0.00000E+0
4.84375E+0	-9.27734E-2	0.00000E+0	0.00000E+0
4.84375E+0	-9.27734E-2	0.00000E+0	0.00000E+0
4.84375E+0	-9.27734E-2	0.00000E+0	0.00000E+0
4.84375E+0	-9.27734E-2	0.00000E+0	0.00000E+0
4.84375E+0	-9.27734E-2	0.00000E+0	0.00000E+0
4.84478E+0	-9.27734E-2	1.99883E-3	0.00000E+0
4.85083E+0	-9.27734E-2	2.44141E-3	0.00000E+0
4.85356E+0	-9.27734E-2	4.88281E-4	0.00000E+0
4.85659E+0	-9.27734E-2	2.36932E-3	0.00000E+0
4.85972E+0	-9.27734E-2	2.17869E-3	0.00000E+0
4.86309E+0	-9.28223E-2	9.61652E-4	4.88281E-4
4.86426E+0	-9.27734E-2	1.96296E-3	0.00000E+0
4.86821E+0	-9.27734E-2	2.02278E-3	0.00000E+0
4.87686E+0	-9.28223E-2	3.07096E-3	4.88281E-4
4.88154E+0	-9.27734E-2	2.46546E-3	0.00000E+0
4.88677E+0	-9.27734E-2	1.92518E-3	0.00000E+0
4.88970E+0	-9.28223E-2	2.41363E-3	4.88281E-4
4.89253E+0	-9.27734E-2	8.48571E-4	0.00000E+0
4.89595E+0	-9.28223E-2	2.26964E-3	4.88281E-4
4.89756E+0	-9.27734E-2	6.87038E-4	0.00000E+0
4.90161E+0	-9.28223E-2	1.75230E-3	4.88281E-4
4.90557E+0	-9.28223E-2	2.32468E-3	4.88281E-4
4.90811E+0	-9.27734E-2	1.88537E-3	0.00000E+0
4.91230E+0	-9.27734E-2	1.18593E-3	0.00000E+0
4.91704E+0	-9.27734E-2	1.62686E-3	0.00000E+0
4.92412E+0	-9.27734E-2	2.54240E-3	0.00000E+0
4.92974E+0	-9.27734E-2	2.58700E-3	0.00000E+0
4.93550E+0	-9.27734E-2	1.99883E-3	0.00000E+0
4.93818E+0	-9.27246E-2	2.32468E-3	4.88281E-4
4.94292E+0	-9.23828E-2	2.26964E-3	1.33135E-3
4.94658E+0	-9.17480E-2	1.16545E-3	1.99883E-3
4.95078E+0	-9.19434E-2	1.33135E-3	1.84338E-3
4.95264E+0	-9.16016E-2	2.24886E-3	2.09587E-3
4.95610E+0	-9.12109E-2	4.88281E-4	2.28919E-3
4.95991E+0	-9.05273E-2	2.11589E-3	2.44584E-3
4.96484E+0	-8.91602E-2	1.96296E-3	2.15256E-3
4.96704E+0	-8.86719E-2	2.12497E-3	1.79909E-3
4.97173E+0	-8.85254E-2	2.11589E-3	1.65038E-3
4.97559E+0	-8.87207E-2	0.00000E+0	1.84338E-3
4.97700E+0	-8.92090E-2	2.22680E-3	2.17869E-3
4.98120E+0	-8.93066E-2	1.88473E-3	2.22680E-3
4.98716E+0	-9.05762E-2	2.36932E-3	2.44141E-3
4.99326E+0	-9.05273E-2	2.38199E-3	2.44584E-3
4.99810E+0	-9.17480E-2	2.39359E-3	1.99883E-3
5.00283E+0	-9.13574E-2	2.42209E-3	2.22680E-3
5.00479E+0	-9.10645E-2	6.87038E-4	2.34069E-3
5.00503E+0	-9.23340E-2	8.37142E-4	1.40441E-3
5.00596E+0	-9.23340E-2	2.03288E-3	1.40441E-3
5.00630E+0	-9.21387E-2	2.22680E-3	1.65038E-3
5.00684E+0	-9.20898E-2	2.40413E-3	1.70281E-3
5.00684E+0	-9.17969E-2	2.40413E-3	1.96296E-3
5.00674E+0	-9.17969E-2	2.38199E-3	1.96296E-3
5.00684E+0	-9.19922E-2	2.40413E-3	1.79909E-3
5.00654E+0	-9.20410E-2	2.32468E-3	1.75230E-3
5.00640E+0	-9.21387E-2	2.26964E-3	1.65038E-3
5.00640E+0	-9.19922E-2	2.26964E-3	1.79909E-3
5.00713E+0	-9.19434E-2	2.44584E-3	1.84338E-3
5.00649E+0	-9.23340E-2	2.30753E-3	1.40441E-3
5.00752E+0	-9.17969E-2	2.44584E-3	1.96296E-3
5.01035E+0	-9.21387E-2	1.59472E-3	1.65038E-3
5.01445E+0	-9.24805E-2	9.61652E-4	1.16545E-3
5.01650E+0	-9.26270E-2	2.38199E-3	8.37142E-4
5.01943E+0	-9.26270E-2	6.87038E-4	8.37142E-4
5.01943E+0	-9.27246E-2	6.87038E-4	4.88281E-4
5.01938E+0	-9.27734E-2	8.37142E-4	0.00000E+0
5.01953E+0	-9.27734E-2	0.00000E+0	0.00000E+0
5.01958E+0	-9.27734E-2	4.88281E-4	0.00000E+0
5.01958E+0	-9.27734E-2	4.88281E-4	0.00000E+0
5.01953E+0	-9.27246E-2	0.00000E+0	4.88281E-4
5.01953E+0	-9.27734E-2	6.94013E-4	0.00000E+0
5.01973E+0	-9.27734E-2	9.61652E-4	0.00000E+0
5.01978E+0	-9.27246E-2	1.06955E-3	4.88281E-4
5.01963E+0	-9.26270E-2	6.87038E-4	8.37142E-4
5.01982E+0	-9.26270E-2	1.16545E-3	8.37142E-4
5.02368E+0	-9.25781E-2	2.72129E-3	9.61652E-4
5.03047E+0	-9.27246E-2	2.20779E-3	4.88281E-4
5.03418E+0	-9.27246E-2	0.00000E+0	4.88281E-4
5.03418E+0	-9.27246E-2	0.00000E+0	4.88281E-4
5.03462E+0	-9.27734E-2	1.40441E-3	0.00000E+0
5.03755E+0	-9.27734E-2	2.26964E-3	0.00000E+0
5.04180E+0	-9.27734E-2	2.43597E-3	0.00000E+0
5.04556E+0	-9.27734E-2	2.30753E-3	0.00000E+0
5.05132E+0	-9.27734E-2	2.45321E-3	0.00000E+0
5.05591E+0	-9.27734E-2	2.44141E-3	0.00000E+0
5.06104E+0	-9.27734E-2	2.45371E-3	0.00000E+0
5.06904E+0	-9.27734E-2	4.85908E-3	0.00000E+0
5.07671E+0	-9.27734E-2	2.22680E-3	0.00000E+0
5.07949E+0	-9.28223E-2	2.20342E-3	4.88281E-4
5.08320E+0	-9.27734E-2	9.61652E-4	0.00000E+0
5.08657E+0	-9.28223E-2	2.17869E-3	4.88281E-4
5.08784E+0	-9.27734E-2	4.88281E-4	0.00000E+0
5.08789E+0	-9.27734E-2	0.00000E+0	0.00000E+0
5.08794E+0	-9.27734E-2	4.88281E-4	0.00000E+0
5.09106E+0	-9.27734E-2	2.34069E-3	0.00000E+0
5.09189E+0	-9.28223E-2	1.88537E-3	4.88281E-4
5.09204E+0	-9.27734E-2	1.75230E-3	0.00000E+0
5.09341E+0	-9.27734E-2	1.65038E-3	0.00000E+0
5.09731E+0	-9.27734E-2	1.25211E-3	0.00000E+0
5.09771E+0	-9.27734E-2	4.88281E-4	0.00000E+0
5.09839E+0	-9.27734E-2	1.75230E-3	0.00000E+0
5.10088E+0	-9.27734E-2	2.32468E-3	0.00000E+0
5.10293E+0	-9.27734E-2	1.33135E-3	0.00000E+0
5.10762E+0	-9.27734E-2	1.68861E-3	0.00000E+0
5.11265E+0	-9.27734E-2	1.73573E-3	0.00000E+0
5.11694E+0	-9.27734E-2	1.06955E-3	0.00000E+0
5.11772E+0	-9.27734E-2	1.53548E-3	0.00000E+0
5.12114E+0	-9.27734E-2	1.92518E-3	0.00000E+0
5.12310E+0	-9.27734E-2	1.99883E-3	0.00000E+0
5.12666E+0	-9.27734E-2	1.16545E-3	0.00000E+0
5.12861E+0	-9.27734E-2	2.32468E-3	0.00000E+0
5.13159E+0	-9.27734E-2	1.06955E-3	0.00000E+0
5.13174E+0	-9.27734E-2	6.87038E-4	0.00000E+0
5.13184E+0	-9.27734E-2	0.00000E+0	0.00000E+0
5.13408E+0	-9.27734E-2	2.44584E-3	0.00000E+0
5.13672E+0	-9.27734E-2	0.00000E+0	0.00000E+0
5.13672E+0	-9.27734E-2	0.00000E+0	0.00000E+0
5.13843E+0	-9.27734E-2	2.34069E-3	0.00000E+0
5.14155E+0	-9.27734E-2	4.88281E-4	0.00000E+0
5.14160E+0	-9.28223E-2	0.00000E+0	4.88281E-4
5.14185E+0	-9.28223E-2	1.06955E-3	4.88281E-4
5.14321E+0	-9.28711E-2	2.30753E-3	6.87038E-4
5.14614E+0	-9.28223E-2	1.25211E-3	4.88281E-4
5.14648E+0	-9.27734E-2	0.00000E+0	0.00000E+0
5.14653E+0	-9.27734E-2	8.48571E-4	0.00000E+0
5.14805E+0	-9.28223E-2	2.28919E-3	4.88281E-4
5.15103E+0	-9.28223E-2	1.25211E-3	4.88281E-4
5.15137E+0	-9.27734E-2	0.00000E+0	0.00000E+0
5.15146E+0	-9.28223E-2	6.87038E-4	4.88281E-4
5.15366E+0	-9.28223E-2	2.44928E-3	4.88281E-4
5.15620E+0	-9.27734E-2	4.88281E-4	0.00000E+0
5.15620E+0	-9.27734E-2	4.88281E-4	0.00000E+0
5.15635E+0	-9.27734E-2	6.87038E-4	0.00000E+0
5.15762E+0	-9.28223E-2	2.20342E-3	4.88281E-4
5.15918E+0	-9.27734E-2	2.40413E-3	0.00000E+0
5.16113E+0	-9.27734E-2	0.00000E+0	0.00000E+0
5.16206E+0	-9.27734E-2	1.92518E-3	0.00000E+0
5.16445E+0	-9.28223E-2	2.28919E-3	4.88281E-4
5.16592E+0	-9.27734E-2	6.87038E-4	0.00000E+0
5.16597E+0	-9.27734E-2	4.88281E-4	0.00000E+0
5.16602E+0	-9.27734E-2	0.00000E+0	0.00000E+0
5.16602E+0	-9.27734E-2	0.00000E+0	0.00000E+0
5.16626E+0	-9.28223E-2	1.06955E-3	4.88281E-4
5.16729E+0	-9.27734E-2	2.15256E-3	0.00000E+0
5.16919E+0	-9.28223E-2	2.34069E-3	4.88281E-4
5.17041E+0	-9.27734E-2	1.47222E-3	0.00000E+0
5.17085E+0	-9.27734E-2	4.88281E-4	0.00000E+0
5.17158E+0	-9.27734E-2	1.70281E-3	0.00000E+0
5.17310E+0	-9.27734E-2	2.44141E-3	0.00000E+0
5.17515E+0	-9.28223E-2	1.65038E-3	4.88281E-4
5.17578E+0	-9.27734E-2	0.00000E+0	0.00000E+0
5.17583E+0	-9.27734E-2	4.88281E-4	0.00000E+0
5.17656E+0	-9.27734E-2	1.79909E-3	0.00000E+0
5.17759E+0	-9.27734E-2	2.36932E-3	0.00000E+0
5.18027E+0	-9.27734E-2	1.33135E-3	0.00000E+0
5.18071E+0	-9.27734E-2	4.88281E-4	0.00000E+0
5.18164E+0	-9.27734E-2	1.96296E-3	0.00000E+0
5.18271E+0	-9.27734E-2	2.42209E-3	0.00000E+0
5.18477E+0	-9.27734E-2	1.79909E-3	0.00000E+0
5.18564E+0	-9.27734E-2	6.87038E-4	0.00000E+0
5.18691E+0	-9.27734E-2	2.20342E-3	0.00000E+0
5.18999E+0	-9.28223E-2	1.40441E-3	4.88281E-4
5.19058E+0	-9.27734E-2	8.37142E-4	0.00000E+0
5.19316E+0	-9.27734E-2	2.43597E-3	0.00000E+0
5.19526E+0	-9.27246E-2	4.88281E-4	4.88281E-4
5.19531E+0	-9.26758E-2	0.00000E+0	6.87038E-4
5.19531E+0	-9.27734E-2	0.00000E+0	0.00000E+0
5.19531E+0	-9.27734E-2	0.00000E+0	0.00000E+0
5.19551E+0	-9.26758E-2	9.61652E-4	6.87038E-4
5.19893E+0	-9.27734E-2	2.15256E-3	0.00000E+0
5.20024E+0	-9.27734E-2	4.88281E-4	0.00000E+0
5.20054E+0	-9.27246E-2	1.25211E-3	4.88281E-4
5.20142E+0	-9.27246E-2	2.12497E-3	4.88281E-4
5.20229E+0	-9.27246E-2	2.42954E-3	4.88281E-4
5.20435E+0	-9.27246E-2	1.75230E-3	4.88281E-4
5.20503E+0	-9.26758E-2	4.88281E-4	6.87038E-4
5.20508E+0	-9.26270E-2	0.00000E+0	8.37142E-4
5.20591E+0	-9.24805E-2	1.84338E-3	1.16545E-3
5.20605E+0	-9.24805E-2	1.96296E-3	1.16545E-3
5.20620E+0	-9.25293E-2	2.06520E-3	1.06955E-3
5.20620E+0	-9.23828E-2	2.06520E-3	1.33135E-3
5.20645E+0	-9.25781E-2	2.20342E-3	9.61652E-4
5.20581E+0	-9.21875E-2	1.75230E-3	1.59472E-3
5.20610E+0	-9.25781E-2	1.99883E-3	9.61652E-4
5.20615E+0	-9.21875E-2	2.03288E-3	1.59472E-3
5.20620E+0	-9.22363E-2	2.06520E-3	1.53548E-3
5.20620E+0	-9.25781E-2	2.06520E-3	9.61652E-4
5.20605E+0	-9.27246E-2	1.96296E-3	4.88281E-4
5.20698E+0	-9.26758E-2	2.39359E-3	6.87038E-4
5.20981E+0	-9.24316E-2	8.37142E-4	1.25211E-3
5.20996E+0	-9.26270E-2	0.00000E+0	8.37142E-4
5.20991E+0	-9.26270E-2	4.88281E-4	8.37142E-4
5.21001E+0	-9.26758E-2	4.88281E-4	6.87038E-4
5.21230E+0	-9.25781E-2	2.45174E-3	9.61652E-4
5.21479E+0	-9.24316E-2	4.88281E-4	1.25211E-3
5.21484E+0	-9.21875E-2	0.00000E+0	1.59472E-3
5.21484E+0	-9.24805E-2	0.00000E+0	1.16545E-3
5.21533E+0	-9.22363E-2	1.47222E-3	1.53548E-3
5.21665E+0	-9.23340E-2	2.36932E-3	1.40441E-3
5.21714E+0	-9.21387E-2	2.44928E-3	1.65038E-3
5.21924E+0	-9.23340E-2	1.47222E-3	1.40441E-3
5.21968E+0	-9.22852E-2	4.88281E-4	1.47222E-3
5.21982E+0	-9.25293E-2	6.87038E-4	1.06955E-3
5.21973E+0	-9.25781E-2	0.00000E+0	9.61652E-4
5.21992E+0	-9.24805E-2	9.61652E-4	1.16545E-3
5.22026E+0	-9.27246E-2	1.53548E-3	4.88281E-4
5.22012E+0	-9.24316E-2	1.33135E-3	1.25211E-3
5.22100E+0	-9.24805E-2	2.15256E-3	1.16545E-3
5.22158E+0	-9.25293E-2	2.38199E-3	1.06955E-3
5.22314E+0	-9.27246E-2	2.24886E-3	4.88281E-4
5.22451E+0	-9.27734E-2	6.87038E-4	0.00000E+0
5.22456E+0	-9.26270E-2	4.88281E-4	8.37142E-4
5.22461E+0	-9.25781E-2	0.00000E+0	9.61652E-4
5.22466E+0	-9.26270E-2	4.88281E-4	8.37142E-4
5.22520E+0	-9.26270E-2	1.59472E-3	8.37142E-4
5.22539E+0	-9.27246E-2	1.79909E-3	4.88281E-4
5.22505E+0	-9.26270E-2	1.40441E-3	8.37142E-4
5.22725E+0	-9.25781E-2	2.44584E-3	9.61652E-4
5.22866E+0	-9.27246E-2	1.84338E-3	4.88281E-4
5.22939E+0	-9.27246E-2	6.87038E-4	4.88281E-4
5.22949E+0	-9.27246E-2	0.00000E+0	4.88281E-4
5.22949E+0	-9.26758E-2	0.00000E+0	6.87038E-4
5.22949E+0	-9.27734E-2	0.00000E+0	0.00000E+0
5.22954E+0	-9.27246E-2	4.88281E-4	4.88281E-4
5.23271E+0	-9.27734E-2	2.32468E-3	0.00000E+0
5.23438E+0	-9.27734E-2	0.00000E+0	0.00000E+0
5.23452E+0	-9.27734E-2	8.37142E-4	0.00000E+0
5.23462E+0	-9.27734E-2	1.06955E-3	0.00000E+0
5.23467E+0	-9.27734E-2	1.16545E-3	0.00000E+0
5.23696E+0	-9.27734E-2	2.44928E-3	0.00000E+0
5.23970E+0	-9.27734E-2	1.40441E-3	0.00000E+0
5.24019E+0	-9.27734E-2	1.92518E-3	0.00000E+0
5.24297E+0	-9.27734E-2	2.09587E-3	0.00000E+0
5.24414E+0	-9.27734E-2	0.00000E+0	0.00000E+0
5.24434E+0	-9.27734E-2	9.61652E-4	0.00000E+0
5.24507E+0	-9.27734E-2	1.92518E-3	0.00000E+0
5.24619E+0	-9.28223E-2	2.42209E-3	4.88281E-4
5.24863E+0	-9.27734E-2	1.33135E-3	0.00000E+0
5.24907E+0	-9.27734E-2	4.88281E-4	0.00000E+0
5.24990E+0	-9.27734E-2	1.88537E-3	0.00000E+0
5.25083E+0	-9.28223E-2	2.36932E-3	4.88281E-4
5.25322E+0	-9.27734E-2	1.70281E-3	0.00000E+0
5.25391E+0	-9.27734E-2	0.00000E+0	0.00000E+0
5.25391E+0	-9.27734E-2	0.00000E+0	0.00000E+0
5.25391E+0	-9.27734E-2	0.00000E+0	0.00000E+0
5.25449E+0	-9.27734E-2	2.33089E-3	0.00000E+0
5.25635E+0	-9.28223E-2	4.24994E-3	4.88281E-4
5.26152E+0	-9.28223E-2	4.06575E-3	4.88281E-4
5.26260E+0	-9.27734E-2	3.07096E-3	0.00000E+0
5.26318E+0	-9.29199E-2	2.13909E-3	8.37142E-4
5.26396E+0	-9.28223E-2	1.16545E-3	4.88281E-4
5.26787E+0	-9.28223E-2	1.70281E-3	4.88281E-4
5.26899E+0	-9.28223E-2	1.40441E-3	4.88281E-4
5.27212E+0	-9.27734E-2	2.17869E-3	0.00000E+0
5.27344E+0	-9.28223E-2	0.00000E+0	4.88281E-4
5.27349E+0	-9.27734E-2	4.88281E-4	0.00000E+0
5.27437E+0	-9.29199E-2	1.92518E-3	8.37142E-4
5.27734E+0	-9.27734E-2	1.96296E-3	0.00000E+0
5.27808E+0	-9.27734E-2	1.06955E-3	0.00000E+0
5.27832E+0	-9.28711E-2	0.00000E+0	6.87038E-4
5.27832E+0	-9.28223E-2	0.00000E+0	4.88281E-4
5.27876E+0	-9.28223E-2	1.40441E-3	4.88281E-4
5.27900E+0	-9.28223E-2	1.70281E-3	4.88281E-4
5.28174E+0	-9.27734E-2	2.24886E-3	0.00000E+0
5.28652E+0	-9.27734E-2	2.28919E-3	0.00000E+0
5.28979E+0	-9.27734E-2	2.34069E-3	0.00000E+0
5.29312E+0	-9.27734E-2	1.08741E-3	0.00000E+0
5.29604E+0	-9.28223E-2	2.36932E-3	4.88281E-4
5.29634E+0	-9.27734E-2	2.26964E-3	0.00000E+0
5.29595E+0	-9.28223E-2	2.39359E-3	4.88281E-4
5.29570E+0	-9.27734E-2	2.43597E-3	0.00000E+0
5.29692E+0	-9.27734E-2	1.92518E-3	0.00000E+0
5.29790E+0	-9.28711E-2	4.88281E-4	6.87038E-4
5.29785E+0	-9.28711E-2	0.00000E+0	6.87038E-4
5.29810E+0	-9.27734E-2	1.06955E-3	0.00000E+0
5.29980E+0	-9.27734E-2	2.40413E-3	0.00000E+0
5.30181E+0	-9.27734E-2	1.92518E-3	0.00000E+0
5.30273E+0	-9.27734E-2	0.00000E+0	0.00000E+0
5.30386E+0	-9.27734E-2	2.06520E-3	0.00000E+0
5.30742E+0	-9.27734E-2	1.37408E-3	0.00000E+0
5.31147E+0	-9.27734E-2	1.99883E-3	0.00000E+0
5.31255E+0	-9.27734E-2	4.88281E-4	0.00000E+0
5.31509E+0	-9.27734E-2	2.44928E-3	0.00000E+0
5.31743E+0	-9.28223E-2	4.88281E-4	4.88281E-4
5.31899E+0	-9.27734E-2	2.30753E-3	0.00000E+0
5.31987E+0	-9.28223E-2	2.45321E-3	4.88281E-4
5.32104E+0	-9.28223E-2	2.12497E-3	4.88281E-4
5.32231E+0	-9.27734E-2	8.48571E-4	0.00000E+0
5.32354E+0	-9.27734E-2	2.15256E-3	0.00000E+0
5.32354E+0	-9.27734E-2	2.15256E-3	0.00000E+0
5.32354E+0	-9.27734E-2	2.15256E-3	0.00000E+0
5.32490E+0	-9.27734E-2	2.44584E-3	0.00000E+0
5.32524E+0	-9.28223E-2	2.39359E-3	4.88281E-4
5.32700E+0	-9.28223E-2	8.37142E-4	4.88281E-4
5.32725E+0	-9.28223E-2	6.87038E-4	4.88281E-4
5.32739E+0	-9.28223E-2	1.06955E-3	4.88281E-4
5.32881E+0	-9.27734E-2	2.32468E-3	0.00000E+0
5.33135E+0	-9.28223E-2	1.70281E-3	4.88281E-4
5.33203E+0	-9.27734E-2	0.00000E+0	0.00000E+0
5.33203E+0	-9.27734E-2	0.00000E+0	0.00000E+0
5.33320E+0	-9.28223E-2	2.09587E-3	4.88281E-4
5.33677E+0	-9.27734E-2	8.37142E-4	0.00000E+0
5.33691E+0	-9.27734E-2	0.00000E+0	0.00000E+0
5.33691E+0	-9.27734E-2	0.00000E+0	0.00000E+0
5.33779E+0	-9.28711E-2	1.88537E-3	6.87038E-4
5.34209E+0	-9.28223E-2	1.67428E-3	4.88281E-4
5.34687E+0	-9.27734E-2	1.68861E-3	0.00000E+0
5.34990E+0	-9.28223E-2	2.32468E-3	4.88281E-4
5.35151E+0	-9.27734E-2	4.88281E-4	0.00000E+0
5.35156E+0	-9.27734E-2	0.00000E+0	0.00000E+0
5.35186E+0	-9.28223E-2	1.16545E-3	4.88281E-4
5.35596E+0	-9.28223E-2	1.47222E-3	4.88281E-4
5.35791E+0	-9.27734E-2	2.24886E-3	0.00000E+0
5.36113E+0	-9.27734E-2	9.61652E-4	0.00000E+0
5.36133E+0	-9.28223E-2	0.00000E+0	4.88281E-4
5.36128E+0	-9.27734E-2	4.88281E-4	0.00000E+0
5.36230E+0	-9.27734E-2	1.96296E-3	0.00000E+0
5.36533E+0	-9.27734E-2	1.88537E-3	0.00000E+0
5.36616E+0	-9.27734E-2	4.88281E-4	0.00000E+0
5.36724E+0	-9.27734E-2	1.99883E-3	0.00000E+0
5.37129E+0	-9.28711E-2	9.61652E-4	6.87038E-4
5.37461E+0	-9.27734E-2	2.20342E-3	0.00000E+0
5.37598E+0	-9.27734E-2	0.00000E+0	0.00000E+0
5.37598E+0	-9.27734E-2	0.00000E+0	0.00000E+0
5.37598E+0	-9.27734E-2	0.00000E+0	0.00000E+0
5.37632E+0	-9.27734E-2	1.25211E-3	0.00000E+0
5.37661E+0	-9.27734E-2	1.65038E-3	0.00000E+0
5.37930E+0	-9.27734E-2	2.28919E-3	0.00000E+0
5.38042E+0	-9.27734E-2	1.40441E-3	0.00000E+0
5.38057E+0	-9.27734E-2	1.16545E-3	0.00000E+0
5.38076E+0	-9.27734E-2	6.87038E-4	0.00000E+0
5.38096E+0	-9.27734E-2	6.87038E-4	0.00000E+0
5.38120E+0	-9.27734E-2	1.25211E-3	0.00000E+0
5.38120E+0	-9.27734E-2	1.25211E-3	0.00000E+0
5.38135E+0	-9.27734E-2	1.47222E-3	0.00000E+0
5.38105E+0	-9.28223E-2	9.61652E-4	4.88281E-4
5.38120E+0	-9.28223E-2	1.25211E-3	4.88281E-4
5.38101E+0	-9.28223E-2	8.37142E-4	4.88281E-4
5.38184E+0	-9.27734E-2	1.96296E-3	0.00000E+0
5.38340E+0	-9.28223E-2	2.45174E-3	4.88281E-4
5.38550E+0	-9.27734E-2	1.06955E-3	0.00000E+0
5.38589E+0	-9.27734E-2	8.37142E-4	0.00000E+0
5.38730E+0	-9.27734E-2	2.28919E-3	0.00000E+0
5.39043E+0	-9.28223E-2	9.61652E-4	4.88281E-4
5.39341E+0	-9.28223E-2	2.42954E-3	4.88281E-4
5.39580E+0	-9.27734E-2	1.16545E-3	0.00000E+0
5.40024E+0	-9.27734E-2	1.29001E-3	0.00000E+0
5.40361E+0	-9.27734E-2	2.32468E-3	0.00000E+0
5.40522E+0	-9.27734E-2	4.88281E-4	0.00000E+0
5.40552E+0	-9.28223E-2	1.06955E-3	4.88281E-4
5.40571E+0	-9.27734E-2	1.40441E-3	0.00000E+0
5.40840E+0	-9.27734E-2	2.35556E-3	0.00000E+0
5.41011E+0	-9.27734E-2	4.88281E-4	0.00000E+0
5.41025E+0	-9.27734E-2	6.87038E-4	0.00000E+0
5.41416E+0	-9.27734E-2	1.88537E-3	0.00000E+0
5.41504E+0	-9.27734E-2	0.00000E+0	0.00000E+0
5.41504E+0	-9.27734E-2	0.00000E+0	0.00000E+0
5.41504E+0	-9.27734E-2	0.00000E+0	0.00000E+0
5.41504E+0	-9.27246E-2	0.00000E+0	4.88281E-4
5.41504E+0	-9.27734E-2	0.00000E+0	0.00000E+0
5.41548E+0	-9.27734E-2	1.40441E-3	0.00000E+0
5.41929E+0	-9.28223E-2	1.65038E-3	4.88281E-4
5.41992E+0	-9.27734E-2	0.00000E+0	0.00000E+0
5.41992E+0	-9.27734E-2	0.00000E+0	0.00000E+0
5.42041E+0	-9.27734E-2	1.47222E-3	0.00000E+0
5.42314E+0	-9.27734E-2	2.32468E-3	0.00000E+0
5.42490E+0	-9.27734E-2	6.87038E-4	0.00000E+0
5.42788E+0	-9.27246E-2	2.36932E-3	4.88281E-4
5.43008E+0	-9.26758E-2	1.33135E-3	6.87038E-4
5.43423E+0	-9.23340E-2	1.25211E-3	1.40441E-3
5.43452E+0	-9.23828E-2	4.88281E-4	1.33135E-3
5.43457E+0	-9.21387E-2	0.00000E+0	1.65038E-3
5.43457E+0	-9.20898E-2	0.00000E+0	1.70281E-3
5.43457E+0	-9.20898E-2	0.00000E+0	1.70281E-3
5.43462E+0	-9.20410E-2	4.88281E-4	1.75230E-3
5.43525E+0	-9.20898E-2	1.70281E-3	1.70281E-3
5.43545E+0	-9.19434E-2	1.88537E-3	1.84338E-3
5.43687E+0	-9.14062E-2	2.44928E-3	2.20342E-3
5.43867E+0	-9.16992E-2	1.79909E-3	2.03288E-3
5.43965E+0	-9.12109E-2	9.61652E-4	2.28919E-3
5.44092E+0	-9.09668E-2	2.24886E-3	2.36932E-3
5.44312E+0	-9.04785E-2	2.12497E-3	2.44928E-3
5.44370E+0	-9.04785E-2	1.65038E-3	2.44928E-3
5.44434E+0	-8.99414E-2	0.00000E+0	2.42209E-3
5.44468E+0	-8.96484E-2	1.25211E-3	2.35556E-3
5.44551E+0	-8.93066E-2	2.09587E-3	2.22680E-3
5.44819E+0	-8.93066E-2	1.99883E-3	2.22680E-3
5.44922E+0	-8.91113E-2	0.00000E+0	2.12497E-3
5.44990E+0	-8.88184E-2	2.50422E-3	1.92518E-3
5.45459E+0	-8.87207E-2	4.88281E-3	1.84338E-3
5.45869E+0	-8.84766E-2	1.67428E-3	1.59472E-3
5.45898E+0	-8.87695E-2	0.00000E+0	1.88537E-3
5.45898E+0	-8.86230E-2	0.00000E+0	1.75230E-3
5.45898E+0	-8.87207E-2	0.00000E+0	1.84338E-3
5.45898E+0	-8.85254E-2	0.00000E+0	1.65038E-3
5.45918E+0	-8.85254E-2	9.61652E-4	1.65038E-3
5.46074E+0	-8.80859E-2	2.35556E-3	9.61652E-4
5.46323E+0	-8.85742E-2	1.65038E-3	1.70281E-3
5.46392E+0	-8.82813E-2	4.88281E-4	1.33135E-3
5.46606E+0	-8.84766E-2	2.44141E-3	1.59472E-3
5.46870E+0	-8.88184E-2	4.88281E-4	1.92518E-3
5.46875E+0	-8.84277E-2	0.00000E+0	1.53548E-3
5.46987E+0	-8.87695E-2	2.06520E-3	1.88537E-3
5.47334E+0	-8.88672E-2	1.35644E-3	1.96296E-3
5.47495E+0	-9.01367E-2	2.17869E-3	2.44584E-3
5.47773E+0	-9.00879E-2	1.79909E-3	2.44141E-3
5.47852E+0	-9.06738E-2	0.00000E+0	2.42954E-3
5.47852E+0	-9.06250E-2	0.00000E+0	2.43597E-3
5.47891E+0	-9.13086E-2	1.33135E-3	2.24886E-3
5.48086E+0	-9.15039E-2	2.45174E-3	2.15256E-3
5.48281E+0	-9.20898E-2	1.59472E-3	1.70281E-3
5.48521E+0	-9.23340E-2	2.36932E-3	1.40441E-3
5.48818E+0	-9.25781E-2	6.87038E-4	9.61652E-4
5.48823E+0	-9.26758E-2	4.88281E-4	6.87038E-4
5.48828E+0	-9.26758E-2	0.00000E+0	6.87038E-4
5.48828E+0	-9.27734E-2	0.00000E+0	0.00000E+0
5.48853E+0	-9.25781E-2	1.06955E-3	9.61652E-4
5.49048E+0	-9.26758E-2	2.44141E-3	6.87038E-4
5.49189E+0	-9.27734E-2	2.15256E-3	0.00000E+0
5.49150E+0	-9.27734E-2	2.32468E-3	0.00000E+0
5.49141E+0	-9.27246E-2	2.35556E-3	4.88281E-4
5.49160E+0	-9.27734E-2	2.28919E-3	0.00000E+0
5.49160E+0	-9.27734E-2	2.28919E-3	0.00000E+0
5.49248E+0	-9.27734E-2	1.70281E-3	0.00000E+0
5.49248E+0	-9.27734E-2	1.70281E-3	0.00000E+0
5.49321E+0	-9.27734E-2	4.88281E-4	0.00000E+0
5.49595E+0	-9.27734E-2	2.42954E-3	0.00000E+0
5.49756E+0	-9.27734E-2	1.47222E-3	0.00000E+0
5.49785E+0	-9.27734E-2	9.61652E-4	0.00000E+0
5.49805E+0	-9.27734E-2	0.00000E+0	0.00000E+0
5.49805E+0	-9.27734E-2	0.00000E+0	0.00000E+0
5.49810E+0	-9.27734E-2	4.88281E-4	0.00000E+0
5.49834E+0	-9.27734E-2	1.16545E-3	0.00000E+0
5.50054E+0	-9.27734E-2	2.45321E-3	0.00000E+0
5.50220E+0	-9.28223E-2	1.75230E-3	4.88281E-4
5.50259E+0	-9.27734E-2	1.25211E-3	0.00000E+0
5.50288E+0	-9.27734E-2	4.88281E-4	0.00000E+0
5.50298E+0	-9.29199E-2	4.88281E-4	8.37142E-4
5.50303E+0	-9.27734E-2	6.87038E-4	0.00000E+0
5.50303E+0	-9.27734E-2	6.87038E-4	0.00000E+0
5.50308E+0	-9.27734E-2	8.37142E-4	0.00000E+0
5.50601E+0	-9.27734E-2	2.36932E-3	0.00000E+0
5.50825E+0	-9.27734E-2	1.40441E-3	0.00000E+0
5.51099E+0	-9.28223E-2	2.34069E-3	4.88281E-4
5.51206E+0	-9.27734E-2	1.65038E-3	0.00000E+0
5.51294E+0	-9.28223E-2	1.06955E-3	4.88281E-4
5.51611E+0	-9.28223E-2	2.24886E-3	4.88281E-4
5.51743E+0	-9.27734E-2	8.37142E-4	0.00000E+0
5.51758E+0	-9.27734E-2	0.00000E+0	0.00000E+0
5.51763E+0	-9.27734E-2	4.88281E-4	0.00000E+0
5.51851E+0	-9.27734E-2	1.92518E-3	0.00000E+0
5.52144E+0	-9.28711E-2	1.99883E-3	6.87038E-4
5.52305E+0	-9.27734E-2	1.59472E-3	0.00000E+0
5.52603E+0	-9.27734E-2	2.17869E-3	0.00000E+0
5.52744E+0	-9.27734E-2	9.76562E-4	0.00000E+0
5.53169E+0	-9.28223E-2	1.53548E-3	4.88281E-4
5.53223E+0	-9.27734E-2	0.00000E+0	0.00000E+0
5.53223E+0	-9.29199E-2	0.00000E+0	8.37142E-4
5.53350E+0	-9.27734E-2	2.15256E-3	0.00000E+0
5.53706E+0	-9.27734E-2	4.88281E-4	0.00000E+0
5.53711E+0	-9.28223E-2	0.00000E+0	4.88281E-4
5.53716E+0	-9.27734E-2	4.88281E-4	0.00000E+0
5.53955E+0	-9.27734E-2	2.45371E-3	0.00000E+0
5.54180E+0	-9.27734E-2	9.61652E-4	0.00000E+0
5.54263E+0	-9.27734E-2	1.65038E-3	0.00000E+0
5.54639E+0	-9.27734E-2	1.47222E-3	0.00000E+0
5.54741E+0	-9.27734E-2	1.53548E-3	0.00000E+0
5.55073E+0	-9.27734E-2	1.99883E-3	0.00000E+0
5.55161E+0	-9.27246E-2	8.37142E-4	4.88281E-4
5.55176E+0	-9.24805E-2	0.00000E+0	1.16545E-3
5.55288E+0	-9.23340E-2	2.06520E-3	1.40441E-3
5.55396E+0	-9.21875E-2	2.44141E-3	1.59472E-3
5.55645E+0	-9.20898E-2	9.61652E-4	1.70281E-3
5.55903E+0	-9.15527E-2	2.45321E-3	2.12497E-3
5.56479E+0	-9.02344E-2	2.30753E-3	2.45174E-3
5.56675E+0	-8.94531E-2	1.25211E-3	2.28919E-3
5.56821E+0	-8.94531E-2	2.36932E-3	2.28919E-3
5.56841E+0	-8.92578E-2	2.41363E-3	2.20342E-3
5.56787E+0	-8.95020E-2	2.24886E-3	2.30753E-3
5.56753E+0	-8.90137E-2	2.06520E-3	2.06520E-3
5.56753E+0	-8.91113E-2	2.06520E-3	2.12497E-3
5.56792E+0	-8.94043E-2	2.26964E-3	2.26964E-3
5.56914E+0	-8.93066E-2	2.43597E-3	2.22680E-3
5.57207E+0	-8.89160E-2	1.92831E-3	1.99883E-3
5.57588E+0	-8.87695E-2	1.16545E-3	1.88537E-3
5.57617E+0	-8.89160E-2	0.00000E+0	1.99883E-3
5.57612E+0	-8.90625E-2	4.88281E-4	2.09587E-3
5.57617E+0	-8.87695E-2	0.00000E+0	1.88537E-3
5.57632E+0	-8.89160E-2	8.37142E-4	1.99883E-3
5.57852E+0	-8.91602E-2	2.45174E-3	2.15256E-3
5.57964E+0	-8.91113E-2	2.22680E-3	2.12497E-3
5.57920E+0	-8.95020E-2	2.38199E-3	2.30753E-3
5.57949E+0	-8.91602E-2	2.28919E-3	2.15256E-3
5.57935E+0	-8.95996E-2	2.34069E-3	2.34069E-3
5.57944E+0	-8.90625E-2	2.30753E-3	2.09587E-3
5.58076E+0	-8.96973E-2	1.16545E-3	2.36932E-3
5.58120E+0	-8.95996E-2	1.08741E-3	2.34069E-3
5.58418E+0	-8.97461E-2	2.35556E-3	2.38199E-3
5.58594E+0	-9.02832E-2	0.00000E+0	2.45321E-3
5.58647E+0	-9.08691E-2	1.53548E-3	2.39359E-3
5.58950E+0	-9.13574E-2	2.17869E-3	2.22680E-3
5.59082E+0	-9.18457E-2	0.00000E+0	1.92518E-3
5.59155E+0	-9.19922E-2	1.75230E-3	1.79909E-3
5.59443E+0	-9.22852E-2	2.15256E-3	1.47222E-3
5.59570E+0	-9.23828E-2	0.00000E+0	1.33135E-3
5.59570E+0	-9.24805E-2	0.00000E+0	1.16545E-3
5.59575E+0	-9.25781E-2	4.88281E-4	9.61652E-4
5.59761E+0	-9.26270E-2	2.39359E-3	8.37142E-4
5.60039E+0	-9.27734E-2	9.61652E-4	0.00000E+0
5.60103E+0	-9.25781E-2	1.40441E-3	9.61652E-4
5.60254E+0	-9.27734E-2	2.40413E-3	0.00000E+0
5.60552E+0	-9.27734E-2	8.48571E-4	0.00000E+0
5.60732E+0	-9.27734E-2	2.38199E-3	0.00000E+0
5.60942E+0	-9.27246E-2	1.92518E-3	4.88281E-4
5.61079E+0	-9.27734E-2	1.56653E-3	0.00000E+0
5.61484E+0	-9.27734E-2	1.33135E-3	0.00000E+0
5.61528E+0	-9.27734E-2	4.88281E-4	0.00000E+0
5.61885E+0	-9.27734E-2	2.15256E-3	0.00000E+0
5.62090E+0	-9.27734E-2	1.79909E-3	0.00000E+0
5.62402E+0	-9.27734E-2	1.96296E-3	0.00000E+0
5.62495E+0	-9.27734E-2	8.48571E-4	0.00000E+0
5.62549E+0	-9.27734E-2	1.47222E-3	0.00000E+0
5.62734E+0	-9.27734E-2	2.45174E-3	0.00000E+0
5.62974E+0	-9.27734E-2	8.37142E-4	0.00000E+0
5.63208E+0	-9.27246E-2	2.44141E-3	4.88281E-4
5.63633E+0	-9.27734E-2	2.28919E-3	0.00000E+0
5.64121E+0	-9.27246E-2	2.39208E-3	4.88281E-4
5.64380E+0	-9.25293E-2	1.75230E-3	1.06955E-3
5.64487E+0	-9.23340E-2	1.99400E-3	1.40441E-3
5.65322E+0	-9.19434E-2	3.07096E-3	1.84338E-3
5.65430E+0	-9.11621E-2	0.00000E+0	2.30753E-3
5.65498E+0	-8.99902E-2	1.70281E-3	2.42954E-3
5.65786E+0	-8.96484E-2	2.17869E-3	2.35556E-3
5.65918E+0	-8.91602E-2	0.00000E+0	2.15256E-3
5.65923E+0	-8.84277E-2	4.88281E-4	1.53548E-3
5.66074E+0	-8.86719E-2	2.28919E-3	1.79909E-3
5.66313E+0	-8.79883E-2	1.92518E-3	6.87038E-4
5.66406E+0	-8.80371E-2	0.00000E+0	8.37142E-4
5.66440E+0	-8.79883E-2	1.25211E-3	6.87038E-4
5.66782E+0	-8.80371E-2	2.06520E-3	8.37142E-4
5.66943E+0	-8.79883E-2	1.47222E-3	6.87038E-4
5.67358E+0	-8.78906E-2	1.60900E-3	0.00000E+0
5.67793E+0	-8.79395E-2	1.79909E-3	4.88281E-4
5.67871E+0	-8.79395E-2	0.00000E+0	4.88281E-4
5.67871E+0	-8.78906E-2	0.00000E+0	0.00000E+0
5.68003E+0	-8.78906E-2	2.17869E-3	0.00000E+0
5.68350E+0	-8.78906E-2	1.19805E-3	0.00000E+0
5.68677E+0	-8.78906E-2	2.34069E-3	0.00000E+0
5.68892E+0	-8.80371E-2	1.40441E-3	8.37142E-4
5.69297E+0	-8.81836E-2	1.33135E-3	1.16545E-3
5.69585E+0	-8.87695E-2	2.45321E-3	1.88537E-3
5.69824E+0	-8.96973E-2	0.00000E+0	2.36932E-3
5.69824E+0	-9.01367E-2	0.00000E+0	2.44584E-3
5.70127E+0	-9.10645E-2	2.38199E-3	2.34069E-3
5.70313E+0	-9.18457E-2	0.00000E+0	1.92518E-3
5.70313E+0	-9.19922E-2	0.00000E+0	1.79909E-3
5.70313E+0	-9.20410E-2	0.00000E+0	1.75230E-3
5.70313E+0	-9.21387E-2	0.00000E+0	1.65038E-3
5.70313E+0	-9.17480E-2	0.00000E+0	1.99883E-3
5.70313E+0	-9.21387E-2	0.00000E+0	1.65038E-3
5.70317E+0	-9.21387E-2	4.88281E-4	1.65038E-3
5.70625E+0	-9.25293E-2	2.35556E-3	1.06955E-3
5.71055E+0	-9.27246E-2	2.45174E-3	4.88281E-4
5.71289E+0	-9.27246E-2	0.00000E+0	4.88281E-4
5.71289E+0	-9.27734E-2	0.00000E+0	0.00000E+0
5.71528E+0	-9.27734E-2	2.45321E-3	0.00000E+0
5.71772E+0	-9.27734E-2	4.88281E-4	0.00000E+0
5.71997E+0	-9.27734E-2	2.44141E-3	0.00000E+0
5.72261E+0	-9.27734E-2	1.29745E-3	0.00000E+0
5.72700E+0	-9.27734E-2	1.53548E-3	0.00000E+0
5.72754E+0	-9.27734E-2	0.00000E+0	0.00000E+0
5.72876E+0	-9.27734E-2	2.12497E-3	0.00000E+0
5.73188E+0	-9.27734E-2	1.53548E-3	0.00000E+0
5.73306E+0	-9.27734E-2	1.65038E-3	0.00000E+0
5.73306E+0	-9.27734E-2	1.65038E-3	0.00000E+0
5.73301E+0	-9.28223E-2	1.59472E-3	4.88281E-4
5.73330E+0	-9.27734E-2	1.88537E-3	0.00000E+0
5.73564E+0	-9.27734E-2	2.32468E-3	0.00000E+0
5.73721E+0	-9.27734E-2	6.87038E-4	0.00000E+0
5.73989E+0	-9.27734E-2	2.44928E-3	0.00000E+0
5.74219E+0	-9.27734E-2	0.00000E+0	0.00000E+0
5.74243E+0	-9.27734E-2	1.06955E-3	0.00000E+0
5.74297E+0	-9.27734E-2	1.79909E-3	0.00000E+0
5.74639E+0	-9.27734E-2	1.70281E-3	0.00000E+0
5.75029E+0	-9.27734E-2	2.32468E-3	0.00000E+0
5.75576E+0	-9.27734E-2	2.03288E-3	0.00000E+0
5.75757E+0	-9.17480E-2	1.75230E-3	1.99883E-3
5.76001E+0	-9.09668E-2	2.34069E-3	2.36932E-3
5.76069E+0	-9.12109E-2	1.99883E-3	2.28919E-3
5.76270E+0	-8.99902E-2	1.96296E-3	2.42954E-3
5.76660E+0	-8.93555E-2	9.81482E-4	2.24886E-3
5.77207E+0	-8.85254E-2	2.62260E-3	1.65038E-3
5.77627E+0	-8.81836E-2	6.87038E-4	1.16545E-3
5.77637E+0	-8.80371E-2	0.00000E+0	8.37142E-4
5.77637E+0	-8.80859E-2	0.00000E+0	9.61652E-4
5.77637E+0	-8.80859E-2	0.00000E+0	9.61652E-4
5.77637E+0	-8.80371E-2	0.00000E+0	8.37142E-4
5.77637E+0	-8.81836E-2	0.00000E+0	1.16545E-3
5.77886E+0	-8.80371E-2	2.45321E-3	8.37142E-4
5.78218E+0	-8.86230E-2	1.92518E-3	1.75230E-3
5.78599E+0	-8.90137E-2	8.37142E-4	2.06520E-3
5.78613E+0	-8.92578E-2	0.00000E+0	2.20342E-3
5.78911E+0	-9.00879E-2	2.39359E-3	2.44141E-3
5.79209E+0	-9.13574E-2	2.03288E-3	2.22680E-3
5.79561E+0	-9.20898E-2	1.16545E-3	1.70281E-3
5.79585E+0	-9.23340E-2	4.88281E-4	1.40441E-3
5.79575E+0	-9.22363E-2	8.37142E-4	1.53548E-3
5.79590E+0	-9.25293E-2	0.00000E+0	1.06955E-3
5.79580E+0	-9.21875E-2	6.87038E-4	1.59472E-3
5.79595E+0	-9.25293E-2	4.88281E-4	1.06955E-3
5.79604E+0	-9.26758E-2	8.37142E-4	6.87038E-4
5.79629E+0	-9.26758E-2	1.33135E-3	6.87038E-4
5.79668E+0	-9.26270E-2	1.79909E-3	8.37142E-4
5.80010E+0	-9.27734E-2	1.70281E-3	0.00000E+0
5.80088E+0	-9.27734E-2	6.87038E-4	0.00000E+0
5.80239E+0	-9.27734E-2	2.30753E-3	0.00000E+0
5.80513E+0	-9.27734E-2	1.53548E-3	0.00000E+0
5.80571E+0	-9.27734E-2	4.88281E-4	0.00000E+0
5.80781E+0	-9.27734E-2	2.43597E-3	0.00000E+0
5.81040E+0	-9.27734E-2	8.37142E-4	0.00000E+0
5.81060E+0	-9.27734E-2	4.88281E-4	0.00000E+0
5.81172E+0	-9.27734E-2	2.09587E-3	0.00000E+0
5.81509E+0	-9.27734E-2	1.25211E-3	0.00000E+0
5.81675E+0	-9.27734E-2	2.17869E-3	0.00000E+0
5.81987E+0	-9.27734E-2	1.40441E-3	0.00000E+0
5.82031E+0	-9.27734E-2	0.00000E+0	0.00000E+0
5.82031E+0	-9.28223E-2	0.00000E+0	4.88281E-4
5.82061E+0	-9.27734E-2	1.16545E-3	0.00000E+0
5.82456E+0	-9.28223E-2	1.65038E-3	4.88281E-4
5.82998E+0	-9.27734E-2	2.94281E-3	0.00000E+0
5.83491E+0	-9.28223E-2	4.88281E-4	4.88281E-4
5.83711E+0	-9.27734E-2	2.43597E-3	0.00000E+0
5.84043E+0	-9.27734E-2	2.33089E-3	0.00000E+0
5.84111E+0	-9.27734E-2	3.30076E-3	0.00000E+0
5.84111E+0	-9.28223E-2	3.30076E-3	4.88281E-4
5.84092E+0	-9.27734E-2	3.07096E-3	0.00000E+0
5.84121E+0	-9.28223E-2	3.40562E-3	4.88281E-4
5.84160E+0	-9.27734E-2	3.77073E-3	0.00000E+0
5.84102E+0	-9.28223E-2	3.18944E-3	4.88281E-4
5.84141E+0	-9.28223E-2	3.59817E-3	4.88281E-4
5.84072E+0	-9.27734E-2	2.80882E-3	0.00000E+0
5.84111E+0	-9.27734E-2	3.30076E-3	0.00000E+0
5.84092E+0	-9.28223E-2	3.07096E-3	4.88281E-4
5.84121E+0	-9.28223E-2	3.40562E-3	4.88281E-4
5.84102E+0	-9.28711E-2	3.18944E-3	6.87038E-4
5.84209E+0	-9.27734E-2	4.13040E-3	0.00000E+0
5.84297E+0	-9.27734E-2	4.57838E-3	0.00000E+0
5.84170E+0	-9.27734E-2	3.85036E-3	0.00000E+0
5.84121E+0	-9.28223E-2	3.40562E-3	4.88281E-4
5.84229E+0	-9.27734E-2	4.24994E-3	0.00000E+0
5.84150E+0	-9.28223E-2	3.68677E-3	4.88281E-4
5.84082E+0	-9.28711E-2	2.94445E-3	6.87038E-4
5.84131E+0	-9.28223E-2	3.50459E-3	4.88281E-4
5.84121E+0	-9.27734E-2	3.40562E-3	0.00000E+0
5.84053E+0	-9.28223E-2	2.50422E-3	4.88281E-4
5.84121E+0	-9.28223E-2	3.40562E-3	4.88281E-4
5.84199E+0	-9.27734E-2	4.06575E-3	0.00000E+0
5.84111E+0	-9.27734E-2	3.30076E-3	0.00000E+0
5.84102E+0	-9.27734E-2	3.18944E-3	0.00000E+0
5.84092E+0	-9.27734E-2	3.07096E-3	0.00000E+0
5.84072E+0	-9.28223E-2	2.80882E-3	4.88281E-4
5.84141E+0	-9.27734E-2	3.59817E-3	0.00000E+0
5.84131E+0	-9.27734E-2	3.50459E-3	0.00000E+0
5.84229E+0	-9.28223E-2	4.24994E-3	4.88281E-4
5.84131E+0	-9.28223E-2	3.50459E-3	4.88281E-4
5.84111E+0	-9.27734E-2	3.30076E-3	0.00000E+0
5.84092E+0	-9.27734E-2	3.07096E-3	0.00000E+0
5.84072E+0	-9.28223E-2	2.80882E-3	4.88281E-4
5.84082E+0	-9.27734E-2	2.94445E-3	0.00000E+0
5.84092E+0	-9.27734E-2	3.07096E-3	0.00000E+0
5.84189E+0	-9.27734E-2	3.99766E-3	0.00000E+0
5.84170E+0	-9.27734E-2	3.85036E-3	0.00000E+0
5.84248E+0	-9.28223E-2	4.35738E-3	4.88281E-4
5.84160E+0	-9.28223E-2	3.77073E-3	4.88281E-4
5.84131E+0	-9.27734E-2	3.50459E-3	0.00000E+0
5.84170E+0	-9.27734E-2	3.85036E-3	0.00000E+0
5.84131E+0	-9.27734E-2	3.50459E-3	0.00000E+0
5.84219E+0	-9.27734E-2	4.19175E-3	0.00000E+0
5.84180E+0	-9.28223E-2	3.92593E-3	4.88281E-4
5.84170E+0	-9.27734E-2	3.85036E-3	0.00000E+0
5.84189E+0	-9.28223E-2	3.99766E-3	4.88281E-4
5.84248E+0	-9.28223E-2	4.35738E-3	4.88281E-4
5.84121E+0	-9.27734E-2	3.40562E-3	0.00000E+0
5.84180E+0	-9.28223E-2	3.92593E-3	4.88281E-4
5.84229E+0	-9.28223E-2	4.24994E-3	4.88281E-4
5.84150E+0	-9.27734E-2	3.68677E-3	0.00000E+0
5.84141E+0	-9.27734E-2	3.59817E-3	0.00000E+0
5.84180E+0	-9.29199E-2	3.92593E-3	8.37142E-4
5.84102E+0	-9.28223E-2	3.18944E-3	4.88281E-4
5.84111E+0	-9.28223E-2	3.30076E-3	4.88281E-4
5.84102E+0	-9.28223E-2	3.18944E-3	4.88281E-4
5.84072E+0	-9.27734E-2	2.80882E-3	0.00000E+0
5.84160E+0	-9.29199E-2	3.77073E-3	8.37142E-4
5.84063E+0	-9.28223E-2	2.66269E-3	4.88281E-4
5.84170E+0	-9.27734E-2	3.85036E-3	0.00000E+0
5.84121E+0	-9.27734E-2	3.40562E-3	0.00000E+0
5.84111E+0	-9.27734E-2	3.30076E-3	0.00000E+0
5.84150E+0	-9.27734E-2	3.68677E-3	0.00000E+0
5.84092E+0	-9.27734E-2	3.07096E-3	0.00000E+0
5.84141E+0	-9.28223E-2	3.59817E-3	4.88281E-4
5.84189E+0	-9.28711E-2	3.99766E-3	6.87038E-4
5.84160E+0	-9.28223E-2	3.77073E-3	4.88281E-4
5.84160E+0	-9.27734E-2	3.77073E-3	0.00000E+0
5.84141E+0	-9.28223E-2	3.59817E-3	4.88281E-4
5.84141E+0	-9.28223E-2	3.59817E-3	4.88281E-4
5.84170E+0	-9.27734E-2	3.85036E-3	0.00000E+0
5.84121E+0	-9.27734E-2	3.40562E-3	0.00000E+0
5.84141E+0	-9.28711E-2	3.59817E-3	6.87038E-4
5.84111E+0	-9.27734E-2	3.30076E-3	0.00000E+0
5.84170E+0	-9.27734E-2	3.85036E-3	0.00000E+0
5.84023E+0	-9.27734E-2	1.92330E-3	0.00000E+0
5.84131E+0	-9.27734E-2	3.50459E-3	0.00000E+0
5.84150E+0	-9.27734E-2	3.68677E-3	0.00000E+0
5.84121E+0	-9.27734E-2	3.40562E-3	0.00000E+0
5.84180E+0	-9.28223E-2	3.92593E-3	4.88281E-4
5.84229E+0	-9.27734E-2	4.24994E-3	0.00000E+0
5.84121E+0	-9.27734E-2	3.40562E-3	0.00000E+0
5.84160E+0	-9.28223E-2	3.77073E-3	4.88281E-4
5.84209E+0	-9.28223E-2	4.13040E-3	4.88281E-4
5.84092E+0	-9.28223E-2	3.07096E-3	4.88281E-4
5.84160E+0	-9.28711E-2	3.77073E-3	6.87038E-4
5.84072E+0	-9.27734E-2	2.80882E-3	0.00000E+0
5.84131E+0	-9.27734E-2	3.50459E-3	0.00000E+0
5.84150E+0	-9.27734E-2	3.68677E-3	0.00000E+0
5.84131E+0	-9.28711E-2	3.50459E-3	6.87038E-4
5.84180E+0	-9.28223E-2	3.92593E-3	4.88281E-4
5.84141E+0	-9.28223E-2	3.59817E-3	4.88281E-4
5.84150E+0	-9.27734E-2	3.68677E-3	0.00000E+0
5.84160E+0	-9.27734E-2	3.77073E-3	0.00000E+0
5.84141E+0	-9.27734E-2	3.59817E-3	0.00000E+0
5.84209E+0	-9.28223E-2	4.13040E-3	4.88281E-4
5.84160E+0	-9.28223E-2	3.77073E-3	4.88281E-4
5.84199E+0	-9.27734E-2	4.06575E-3	0.00000E+0
5.84150E+0	-9.28711E-2	3.68677E-3	6.87038E-4
5.84141E+0	-9.27734E-2	3.59817E-3	0.00000E+0
5.84072E+0	-9.27734E-2	2.80882E-3	0.00000E+0
5.84189E+0	-9.27734E-2	3.99766E-3	0.00000E+0
5.84199E+0	-9.28223E-2	4.06575E-3	4.88281E-4
5.84258E+0	-9.27734E-2	4.40684E-3	0.00000E+0
5.84229E+0	-9.27734E-2	4.24994E-3	0.00000E+0
5.84199E+0	-9.27734E-2	4.06575E-3	0.00000E+0
5.84141E+0	-9.28223E-2	3.59817E-3	4.88281E-4
5.84219E+0	-9.30176E-2	4.19175E-3	1.06955E-3
5.84160E+0	-9.28223E-2	3.77073E-3	4.88281E-4
5.84219E+0	-9.28223E-2	4.19175E-3	4.88281E-4
5.84121E+0	-9.28223E-2	3.40562E-3	4.88281E-4
5.84121E+0	-9.27734E-2	3.40562E-3	0.00000E+0
5.84102E+0	-9.27734E-2	3.18944E-3	0.00000E+0
5.84121E+0	-9.28223E-2	3.40562E-3	4.88281E-4
5.84131E+0	-9.27734E-2	3.50459E-3	0.00000E+0
5.84033E+0	-9.27734E-2	2.13909E-3	0.00000E+0
5.84102E+0	-9.27734E-2	3.18944E-3	0.00000E+0
5.84111E+0	-9.27734E-2	3.30076E-3	0.00000E+0
5.84023E+0	-9.27734E-2	1.92330E-3	0.00000E+0
5.84102E+0	-9.27734E-2	3.18944E-3	0.00000E+0
5.84092E+0	-9.28223E-2	3.07096E-3	4.88281E-4
5.84063E+0	-9.28711E-2	2.66269E-3	6.87038E-4
5.84082E+0	-9.27734E-2	2.94445E-3	0.00000E+0
5.84072E+0	-9.27734E-2	2.80882E-3	0.00000E+0
5.84180E+0	-9.27734E-2	3.92593E-3	0.00000E+0
5.84082E+0	-9.27734E-2	2.94445E-3	0.00000E+0
5.84121E+0	-9.27734E-2	3.40562E-3	0.00000E+0
5.84092E+0	-9.27734E-2	3.07096E-3	0.00000E+0
5.84102E+0	-9.27734E-2	3.18944E-3	0.00000E+0
5.84150E+0	-9.27734E-2	3.68677E-3	0.00000E+0
5.84072E+0	-9.28223E-2	2.80882E-3	4.88281E-4
5.84141E+0	-9.27734E-2	3.59817E-3	0.00000E+0
5.84111E+0	-9.28223E-2	3.30076E-3	4.88281E-4
5.84189E+0	-9.27734E-2	3.99766E-3	0.00000E+0
5.84092E+0	-9.28711E-2	3.07096E-3	6.87038E-4
5.84141E+0	-9.27734E-2	3.59817E-3	0.00000E+0
5.84131E+0	-9.28711E-2	3.50459E-3	6.87038E-4
5.84053E+0	-9.28223E-2	2.50422E-3	4.88281E-4
5.84102E+0	-9.28711E-2	3.18944E-3	6.87038E-4
5.84131E+0	-9.28223E-2	3.50459E-3	4.88281E-4
5.84082E+0	-9.27734E-2	2.94445E-3	0.00000E+0
5.84141E+0	-9.28223E-2	3.59817E-3	4.88281E-4
5.84082E+0	-9.27734E-2	2.94445E-3	0.00000E+0
5.84121E+0	-9.27734E-2	3.40562E-3	0.00000E+0
5.84072E+0	-9.27734E-2	2.80882E-3	0.00000E+0
5.84160E+0	-9.27734E-2	3.77073E-3	0.00000E+0
5.84082E+0	-9.28711E-2	2.94445E-3	6.87038E-4
5.84102E+0	-9.28223E-2	3.18944E-3	4.88281E-4
5.84053E+0	-9.27734E-2	2.50422E-3	0.00000E+0
5.84170E+0	-9.27734E-2	3.85036E-3	0.00000E+0
5.84917E+0	-9.28223E-2	3.26223E-3	4.88281E-4
5.85552E+0	-9.28223E-2	1.99883E-3	4.88281E-4
5.85801E+0	-9.27734E-2	2.20342E-3	0.00000E+0
5.85918E+0	-9.28223E-2	9.61652E-4	4.88281E-4
5.85942E+0	-9.27734E-2	4.88281E-4	0.00000E+0
5.86196E+0	-9.28223E-2	2.44928E-3	4.88281E-4
5.86597E+0	-9.27734E-2	2.34069E-3	0.00000E+0
5.86948E+0	-9.27734E-2	1.25211E-3	0.00000E+0
5.87354E+0	-9.27734E-2	1.47222E-3	0.00000E+0
5.87432E+0	-9.27734E-2	1.16545E-3	0.00000E+0
5.87466E+0	-9.27734E-2	1.65038E-3	0.00000E+0
5.87505E+0	-9.28223E-2	1.99883E-3	4.88281E-4
5.87476E+0	-9.27734E-2	1.75230E-3	0.00000E+0
5.87466E+0	-9.27734E-2	1.65038E-3	0.00000E+0
5.87471E+0	-9.27734E-2	1.70281E-3	0.00000E+0
5.87495E+0	-9.28223E-2	1.92518E-3	4.88281E-4
5.87495E+0	-9.28223E-2	1.92518E-3	4.88281E-4
5.87451E+0	-9.27734E-2	1.47222E-3	0.00000E+0
5.87524E+0	-9.27734E-2	2.12497E-3	0.00000E+0
5.87739E+0	-9.27734E-2	2.26964E-3	0.00000E+0
5.87705E+0	-9.27734E-2	2.38199E-3	0.00000E+0
5.87690E+0	-9.28223E-2	2.41363E-3	4.88281E-4
5.87661E+0	-9.27734E-2	2.44928E-3	0.00000E+0
5.87720E+0	-9.27734E-2	2.34069E-3	0.00000E+0
5.87661E+0	-9.27734E-2	2.44928E-3	0.00000E+0
5.87686E+0	-9.28223E-2	2.42209E-3	4.88281E-4
5.87720E+0	-9.27734E-2	2.34069E-3	0.00000E+0
5.87705E+0	-9.28223E-2	2.38199E-3	4.88281E-4
5.87715E+0	-9.28711E-2	2.35556E-3	6.87038E-4
5.87769E+0	-9.27734E-2	2.12497E-3	0.00000E+0
5.87744E+0	-9.28711E-2	2.24886E-3	6.87038E-4
5.87710E+0	-9.28223E-2	2.36932E-3	4.88281E-4
5.87676E+0	-9.27734E-2	2.43597E-3	0.00000E+0
5.87676E+0	-9.27734E-2	2.43597E-3	0.00000E+0
5.87725E+0	-9.27734E-2	2.32468E-3	0.00000E+0
5.87744E+0	-9.27734E-2	2.24886E-3	0.00000E+0
5.87739E+0	-9.28223E-2	2.26964E-3	4.88281E-4
5.87710E+0	-9.28711E-2	2.36932E-3	6.87038E-4
5.87739E+0	-9.28223E-2	2.26964E-3	4.88281E-4
5.87725E+0	-9.28223E-2	2.32468E-3	4.88281E-4
5.87725E+0	-9.28223E-2	2.32468E-3	4.88281E-4
5.87729E+0	-9.27734E-2	2.30753E-3	0.00000E+0
5.87705E+0	-9.28223E-2	2.38199E-3	4.88281E-4
5.87832E+0	-9.27734E-2	1.59472E-3	0.00000E+0
5.87783E+0	-9.27734E-2	2.03288E-3	0.00000E+0
5.87871E+0	-9.27734E-2	9.61652E-4	0.00000E+0
5.87837E+0	-9.27734E-2	1.53548E-3	0.00000E+0
5.87812E+0	-9.28223E-2	1.79909E-3	4.88281E-4
5.87837E+0	-9.28223E-2	1.53548E-3	4.88281E-4
5.87842E+0	-9.27734E-2	1.47222E-3	0.00000E+0
5.87866E+0	-9.27734E-2	1.06955E-3	0.00000E+0
5.87861E+0	-9.27734E-2	1.16545E-3	0.00000E+0
5.87866E+0	-9.27734E-2	1.06955E-3	0.00000E+0
5.87842E+0	-9.27734E-2	1.47222E-3	0.00000E+0
5.87871E+0	-9.28223E-2	9.61652E-4	4.88281E-4
5.87847E+0	-9.27734E-2	1.40441E-3	0.00000E+0
5.87842E+0	-9.28223E-2	1.47222E-3	4.88281E-4
5.87842E+0	-9.28711E-2	1.47222E-3	6.87038E-4
5.87842E+0	-9.27734E-2	1.47222E-3	0.00000E+0
5.87856E+0	-9.27734E-2	1.25211E-3	0.00000E+0
5.87866E+0	-9.27734E-2	1.06955E-3	0.00000E+0
5.87856E+0	-9.28223E-2	1.25211E-3	4.88281E-4
5.87847E+0	-9.27734E-2	1.40441E-3	0.00000E+0
5.87827E+0	-9.28223E-2	1.65038E-3	4.88281E-4
5.87852E+0	-9.27734E-2	1.33135E-3	0.00000E+0
5.87847E+0	-9.27734E-2	1.40441E-3	0.00000E+0
5.87847E+0	-9.27734E-2	1.40441E-3	0.00000E+0
5.87866E+0	-9.27734E-2	1.06955E-3	0.00000E+0
