5.20674E+0	-9.27734E-2	2.32468E-3	0.00000E+0
5.20664E+0	-9.27734E-2	2.28919E-3	0.00000E+0
5.20703E+0	-9.28223E-2	2.40413E-3	4.88281E-4
5.20659E+0	-9.27734E-2	2.26964E-3	0.00000E+0
5.20693E+0	-9.29199E-2	2.38199E-3	8.37142E-4
5.20679E+0	-9.27734E-2	2.34069E-3	0.00000E+0
5.20635E+0	-9.29199E-2	2.15256E-3	8.37142E-4
5.20684E+0	-9.27734E-2	2.35556E-3	0.00000E+0
5.20664E+0	-9.28711E-2	2.28919E-3	6.87038E-4
5.20757E+0	-9.28711E-2	2.45321E-3	6.87038E-4
5.20718E+0	-9.28711E-2	2.42954E-3	6.87038E-4
5.20728E+0	-9.28223E-2	2.44141E-3	4.88281E-4
5.20669E+0	-9.27734E-2	2.30753E-3	0.00000E+0
5.20713E+0	-9.27734E-2	2.42209E-3	0.00000E+0
5.20674E+0	-9.28711E-2	2.32468E-3	6.87038E-4
5.20669E+0	-9.27734E-2	2.30753E-3	0.00000E+0
5.20630E+0	-9.28223E-2	2.12497E-3	4.88281E-4
5.20654E+0	-9.28711E-2	2.24886E-3	6.87038E-4
5.20654E+0	-9.28223E-2	2.24886E-3	4.88281E-4
5.20654E+0	-9.28223E-2	2.24886E-3	4.88281E-4
5.20703E+0	-9.28223E-2	2.40413E-3	4.88281E-4
5.20698E+0	-9.28223E-2	2.39359E-3	4.88281E-4
5.20688E+0	-9.27734E-2	2.36932E-3	0.00000E+0
5.20688E+0	-9.27734E-2	2.36932E-3	0.00000E+0
5.20698E+0	-9.28223E-2	2.39359E-3	4.88281E-4
5.20698E+0	-9.28223E-2	2.39359E-3	4.88281E-4
5.20718E+0	-9.28223E-2	2.42954E-3	4.88281E-4
5.20659E+0	-9.27734E-2	2.26964E-3	0.00000E+0
5.20703E+0	-9.27734E-2	2.40413E-3	0.00000E+0
5.20703E+0	-9.27734E-2	2.40413E-3	0.00000E+0
5.20698E+0	-9.27734E-2	2.39359E-3	0.00000E+0
5.20718E+0	-9.27734E-2	2.42954E-3	0.00000E+0
5.20659E+0	-9.29199E-2	2.26964E-3	8.37142E-4
5.20645E+0	-9.28711E-2	2.20342E-3	6.87038E-4
5.20679E+0	-9.27734E-2	2.34069E-3	0.00000E+0
5.20664E+0	-9.27734E-2	2.28919E-3	0.00000E+0
5.20640E+0	-9.28711E-2	2.17869E-3	6.87038E-4
5.20679E+0	-9.28223E-2	2.34069E-3	4.88281E-4
5.20674E+0	-9.28223E-2	2.32468E-3	4.88281E-4
5.20684E+0	-9.27734E-2	2.35556E-3	0.00000E+0
5.20669E+0	-9.28711E-2	2.30753E-3	6.87038E-4
5.20688E+0	-9.28223E-2	2.36932E-3	4.88281E-4
5.20684E+0	-9.27734E-2	2.35556E-3	0.00000E+0
5.20688E+0	-9.28223E-2	2.36932E-3	4.88281E-4
5.20693E+0	-9.28223E-2	2.38199E-3	4.88281E-4
5.20684E+0	-9.28223E-2	2.35556E-3	4.88281E-4
5.20669E+0	-9.28711E-2	2.30753E-3	6.87038E-4
5.20664E+0	-9.27734E-2	2.28919E-3	0.00000E+0
5.20693E+0	-9.28223E-2	2.38199E-3	4.88281E-4
5.20684E+0	-9.27734E-2	2.35556E-3	0.00000E+0
5.20703E+0	-9.28711E-2	2.40413E-3	6.87038E-4
5.20732E+0	-9.27734E-2	2.44584E-3	0.00000E+0
5.20742E+0	-9.28223E-2	2.45174E-3	4.88281E-4
5.20698E+0	-9.27734E-2	2.39359E-3	0.00000E+0
5.20762E+0	-9.27734E-2	2.45174E-3	0.00000E+0
5.20659E+0	-9.28223E-2	2.26964E-3	4.88281E-4
5.20688E+0	-9.28711E-2	2.36932E-3	6.87038E-4
5.20688E+0	-9.27734E-2	2.36932E-3	0.00000E+0
5.20688E+0	-9.28711E-2	2.36932E-3	6.87038E-4
5.20688E+0	-9.28711E-2	2.36932E-3	6.87038E-4
5.20664E+0	-9.28223E-2	2.28919E-3	4.88281E-4
5.20708E+0	-9.27734E-2	2.41363E-3	0.00000E+0
5.20645E+0	-9.28223E-2	2.20342E-3	4.88281E-4
5.20747E+0	-9.27734E-2	2.45321E-3	0.00000E+0
5.20698E+0	-9.28223E-2	2.39359E-3	4.88281E-4
5.20757E+0	-9.27734E-2	2.45321E-3	0.00000E+0
5.20718E+0	-9.28711E-2	2.42954E-3	6.87038E-4
5.20718E+0	-9.28223E-2	2.42954E-3	4.88281E-4
5.20674E+0	-9.29199E-2	2.32468E-3	8.37142E-4
5.20762E+0	-9.28711E-2	2.45174E-3	6.87038E-4
5.20698E+0	-9.27734E-2	2.39359E-3	0.00000E+0
5.20713E+0	-9.28223E-2	2.42209E-3	4.88281E-4
5.20718E+0	-9.28223E-2	2.42954E-3	4.88281E-4
5.20708E+0	-9.28223E-2	2.41363E-3	4.88281E-4
5.20742E+0	-9.28711E-2	2.45174E-3	6.87038E-4
5.20669E+0	-9.28711E-2	2.30753E-3	6.87038E-4
5.20723E+0	-9.28223E-2	2.43597E-3	4.88281E-4
5.20713E+0	-9.28711E-2	2.42209E-3	6.87038E-4
5.20664E+0	-9.28223E-2	2.28919E-3	4.88281E-4
5.20693E+0	-9.27734E-2	2.38199E-3	0.00000E+0
5.20674E+0	-9.28711E-2	2.32468E-3	6.87038E-4
5.20679E+0	-9.28711E-2	2.34069E-3	6.87038E-4
5.20684E+0	-9.29199E-2	2.35556E-3	8.37142E-4
5.20698E+0	-9.27734E-2	2.39359E-3	0.00000E+0
5.20737E+0	-9.29199E-2	2.44928E-3	8.37142E-4
5.20718E+0	-9.28223E-2	2.42954E-3	4.88281E-4
5.20757E+0	-9.27734E-2	2.45321E-3	0.00000E+0
5.20688E+0	-9.28223E-2	2.36932E-3	4.88281E-4
5.20742E+0	-9.27734E-2	2.45174E-3	0.00000E+0
5.20645E+0	-9.28223E-2	2.20342E-3	4.88281E-4
5.20703E+0	-9.27734E-2	2.40413E-3	0.00000E+0
5.20669E+0	-9.28223E-2	2.30753E-3	4.88281E-4
5.20669E+0	-9.28223E-2	2.30753E-3	4.88281E-4
5.20679E+0	-9.28223E-2	2.34069E-3	4.88281E-4
5.20679E+0	-9.27734E-2	2.34069E-3	0.00000E+0
5.20688E+0	-9.28223E-2	2.36932E-3	4.88281E-4
5.20693E+0	-9.28711E-2	2.38199E-3	6.87038E-4
5.20742E+0	-9.27734E-2	2.45174E-3	0.00000E+0
5.20703E+0	-9.28711E-2	2.40413E-3	6.87038E-4
5.20688E+0	-9.27734E-2	2.36932E-3	0.00000E+0
5.20698E+0	-9.28223E-2	2.39359E-3	4.88281E-4
5.20723E+0	-9.28711E-2	2.43597E-3	6.87038E-4
5.20708E+0	-9.28711E-2	2.41363E-3	6.87038E-4
5.20742E+0	-9.27734E-2	2.45174E-3	0.00000E+0
5.20713E+0	-9.28223E-2	2.42209E-3	4.88281E-4
5.20659E+0	-9.27734E-2	2.26964E-3	0.00000E+0
5.20708E+0	-9.28223E-2	2.41363E-3	4.88281E-4
5.20649E+0	-9.28223E-2	2.22680E-3	4.88281E-4
5.20718E+0	-9.28711E-2	2.42954E-3	6.87038E-4
5.20718E+0	-9.27734E-2	2.42954E-3	0.00000E+0
5.20669E+0	-9.28711E-2	2.30753E-3	6.87038E-4
