4.75098E+0	-9.27734E-2	0.00000E+0	0.00000E+0
4.75093E+0	-9.27734E-2	4.88281E-4	0.00000E+0
4.75098E+0	-9.27734E-2	0.00000E+0	0.00000E+0
4.75098E+0	-9.27734E-2	0.00000E+0	0.00000E+0
4.75098E+0	-9.27734E-2	0.00000E+0	0.00000E+0
4.75098E+0	-9.27734E-2	0.00000E+0	0.00000E+0
4.75098E+0	-9.28223E-2	0.00000E+0	4.88281E-4
4.75098E+0	-9.27734E-2	0.00000E+0	0.00000E+0
4.75098E+0	-9.27734E-2	0.00000E+0	0.00000E+0
4.75098E+0	-9.27734E-2	0.00000E+0	0.00000E+0
4.75098E+0	-9.28223E-2	0.00000E+0	4.88281E-4
4.75098E+0	-9.27734E-2	0.00000E+0	0.00000E+0
4.75098E+0	-9.27734E-2	0.00000E+0	0.00000E+0
4.75093E+0	-9.27734E-2	4.88281E-4	0.00000E+0
4.75098E+0	-9.27734E-2	0.00000E+0	0.00000E+0
4.75098E+0	-9.28223E-2	0.00000E+0	4.88281E-4
4.75098E+0	-9.27734E-2	0.00000E+0	0.00000E+0
4.75098E+0	-9.28223E-2	0.00000E+0	4.88281E-4
4.75103E+0	-9.27246E-2	4.88281E-4	4.88281E-4
4.75098E+0	-9.27734E-2	0.00000E+0	0.00000E+0
4.75098E+0	-9.27734E-2	0.00000E+0	0.00000E+0
4.75098E+0	-9.27734E-2	0.00000E+0	0.00000E+0
4.75098E+0	-9.27734E-2	0.00000E+0	0.00000E+0
4.75103E+0	-9.28223E-2	4.88281E-4	4.88281E-4
4.75308E+0	-9.27734E-2	2.42954E-3	0.00000E+0
4.75576E+0	-9.27734E-2	6.87038E-4	0.00000E+0
4.75591E+0	-9.27734E-2	4.88281E-4	0.00000E+0
4.75894E+0	-9.27734E-2	2.56456E-3	0.00000E+0
4.76519E+0	-9.27734E-2	1.71338E-3	0.00000E+0
4.76992E+0	-9.27734E-2	1.87255E-3	0.00000E+0
4.77461E+0	-9.28223E-2	1.79909E-3	4.88281E-4
4.77783E+0	-9.28223E-2	2.45371E-3	4.88281E-4
4.78149E+0	-9.28223E-2	2.12497E-3	4.88281E-4
4.78594E+0	-9.28223E-2	1.79909E-3	4.88281E-4
4.79082E+0	-9.27734E-2	1.92831E-3	0.00000E+0
4.79512E+0	-9.27734E-2	9.61652E-4	0.00000E+0
4.79961E+0	-9.28223E-2	2.58933E-3	4.88281E-4
4.80527E+0	-9.27734E-2	1.73919E-3	0.00000E+0
4.81294E+0	-9.27734E-2	2.26964E-3	0.00000E+0
4.81606E+0	-9.27734E-2	2.30753E-3	0.00000E+0
4.81934E+0	-9.27734E-2	0.00000E+0	0.00000E+0
4.82104E+0	-9.27734E-2	2.34069E-3	0.00000E+0
4.82407E+0	-9.28223E-2	8.37142E-4	4.88281E-4
4.82583E+0	-9.28711E-2	2.30753E-3	6.87038E-4
4.82944E+0	-9.27734E-2	1.25211E-3	0.00000E+0
4.83359E+0	-9.27734E-2	1.33135E-3	0.00000E+0
4.83418E+0	-9.27734E-2	9.61652E-4	0.00000E+0
4.83730E+0	-9.27734E-2	2.28919E-3	0.00000E+0
4.83936E+0	-9.28223E-2	1.47222E-3	4.88281E-4
4.84331E+0	-9.28223E-2	1.40441E-3	4.88281E-4
4.84795E+0	-9.28223E-2	2.59861E-3	4.88281E-4
4.85352E+0	-9.27734E-2	6.94013E-4	0.00000E+0
4.85605E+0	-9.27734E-2	2.45174E-3	0.00000E+0
4.85972E+0	-9.27734E-2	2.17869E-3	0.00000E+0
4.86411E+0	-9.27734E-2	1.84338E-3	0.00000E+0
4.87295E+0	-9.27734E-2	4.90643E-3	0.00000E+0
4.87983E+0	-9.27734E-2	2.39359E-3	0.00000E+0
4.88198E+0	-9.27734E-2	1.84338E-3	0.00000E+0
4.88252E+0	-9.27734E-2	1.16545E-3	0.00000E+0
4.88604E+0	-9.27734E-2	2.32468E-3	0.00000E+0
4.89106E+0	-9.26270E-2	2.83570E-3	8.37142E-4
4.89800E+0	-9.16016E-2	2.18311E-3	2.09587E-3
4.90532E+0	-8.95996E-2	2.49217E-3	2.34069E-3
4.91333E+0	-8.81836E-2	3.20864E-3	1.16545E-3
4.91973E+0	-8.81348E-2	2.43597E-3	1.06955E-3
4.92578E+0	-8.89648E-2	2.08204E-3	2.03288E-3
4.93086E+0	-8.99902E-2	2.27230E-3	2.42954E-3
4.93623E+0	-9.07227E-2	1.16545E-3	2.42209E-3
4.93901E+0	-9.08691E-2	2.45321E-3	2.39359E-3
4.94385E+0	-9.06738E-2	2.45371E-3	2.42954E-3
4.94775E+0	-9.13574E-2	2.24886E-3	2.22680E-3
4.95239E+0	-9.15039E-2	2.12497E-3	2.15256E-3
4.95674E+0	-9.07715E-2	1.70281E-3	2.41363E-3
4.96245E+0	-8.88672E-2	2.37338E-3	1.96296E-3
4.96582E+0	-8.79395E-2	0.00000E+0	4.88281E-4
4.96646E+0	-8.78906E-2	1.65038E-3	0.00000E+0
4.96958E+0	-8.78906E-2	2.17869E-3	0.00000E+0
4.97456E+0	-8.78906E-2	1.99883E-3	0.00000E+0
4.97637E+0	-8.75977E-2	1.79909E-3	1.16545E-3
4.98247E+0	-8.53516E-2	2.41363E-3	2.45174E-3
4.98677E+0	-8.30566E-2	2.22680E-3	4.88281E-4
4.98975E+0	-8.30078E-2	1.47222E-3	0.00000E+0
4.99023E+0	-8.29590E-2	0.00000E+0	4.88281E-4
4.99023E+0	-8.26660E-2	0.00000E+0	1.25211E-3
4.99028E+0	-8.23242E-2	4.88281E-4	1.70281E-3
4.99272E+0	-8.15430E-2	2.45321E-3	2.24886E-3
4.99692E+0	-8.03711E-2	2.36932E-3	2.44584E-3
5.00288E+0	-7.85645E-2	2.41363E-3	1.40441E-3
5.00562E+0	-7.81250E-2	1.75230E-3	0.00000E+0
5.00825E+0	-7.82715E-2	2.26964E-3	8.37142E-4
5.00977E+0	-7.82227E-2	9.81482E-4	6.87038E-4
5.01299E+0	-7.81738E-2	2.32468E-3	4.88281E-4
5.01465E+0	-7.81738E-2	0.00000E+0	4.88281E-4
5.01465E+0	-7.80273E-2	0.00000E+0	6.87038E-4
5.01812E+0	-7.81250E-2	2.22680E-3	0.00000E+0
5.01953E+0	-7.82227E-2	0.00000E+0	6.87038E-4
5.01968E+0	-7.81250E-2	8.37142E-4	0.00000E+0
5.02432E+0	-7.82227E-2	1.69714E-3	6.87038E-4
5.02676E+0	-7.92969E-2	2.45174E-3	2.09587E-3
5.02744E+0	-7.92480E-2	2.38199E-3	2.06520E-3
5.02734E+0	-7.91016E-2	2.40413E-3	1.96296E-3
5.02686E+0	-7.91016E-2	2.45371E-3	1.96296E-3
5.02686E+0	-7.98828E-2	2.45371E-3	2.35556E-3
5.02754E+0	-7.84668E-2	2.35556E-3	1.25211E-3
5.02930E+0	-7.90527E-2	6.94013E-4	1.92518E-3
5.02949E+0	-7.92969E-2	9.61652E-4	2.09587E-3
5.02959E+0	-7.94434E-2	1.16545E-3	2.17869E-3
5.03032E+0	-7.91016E-2	1.99883E-3	1.96296E-3
5.03276E+0	-7.89551E-2	2.22680E-3	1.84338E-3
5.03452E+0	-8.10547E-2	1.25211E-3	2.40413E-3
5.03804E+0	-8.16895E-2	1.99883E-3	2.17869E-3
5.03926E+0	-8.19336E-2	1.53939E-3	2.03288E-3
5.04331E+0	-8.25684E-2	1.65038E-3	1.40441E-3
5.04634E+0	-8.30078E-2	2.54949E-3	0.00000E+0
5.04946E+0	-8.30078E-2	1.65038E-3	0.00000E+0
5.05005E+0	-8.30078E-2	2.12497E-3	0.00000E+0
5.05288E+0	-8.30078E-2	1.84338E-3	0.00000E+0
5.05376E+0	-8.31055E-2	4.88281E-4	6.87038E-4
5.05747E+0	-8.38379E-2	2.06520E-3	1.84338E-3
5.06274E+0	-8.70117E-2	2.44141E-3	1.88537E-3
5.06924E+0	-8.78418E-2	4.82726E-3	4.88281E-4
5.07139E+0	-8.78906E-2	3.85036E-3	0.00000E+0
5.07324E+0	-8.78906E-2	1.20207E-3	0.00000E+0
5.07700E+0	-8.78906E-2	2.06520E-3	0.00000E+0
5.07979E+0	-8.79395E-2	2.32468E-3	4.88281E-4
5.08550E+0	-8.92578E-2	2.45321E-3	2.20342E-3
5.08882E+0	-9.10156E-2	1.92518E-3	2.35556E-3
5.09233E+0	-9.23828E-2	1.40441E-3	1.33135E-3
5.09546E+0	-9.26270E-2	2.44141E-3	8.37142E-4
5.09766E+0	-9.27246E-2	0.00000E+0	4.88281E-4
5.10117E+0	-9.27734E-2	2.20342E-3	0.00000E+0
5.10508E+0	-9.27734E-2	2.45174E-3	0.00000E+0
5.10752E+0	-9.27734E-2	6.87038E-4	0.00000E+0
5.11030E+0	-9.27734E-2	2.41363E-3	0.00000E+0
5.11250E+0	-9.27734E-2	9.61652E-4	0.00000E+0
5.11499E+0	-9.27734E-2	2.44141E-3	0.00000E+0
5.11704E+0	-9.27734E-2	8.37142E-4	0.00000E+0
5.11689E+0	-9.27734E-2	1.16545E-3	0.00000E+0
5.11719E+0	-9.27734E-2	0.00000E+0	0.00000E+0
5.11812E+0	-9.27734E-2	1.92518E-3	0.00000E+0
5.12227E+0	-9.27734E-2	1.18593E-3	0.00000E+0
5.12622E+0	-9.27734E-2	1.75230E-3	0.00000E+0
5.12832E+0	-9.27734E-2	2.20342E-3	0.00000E+0
5.13281E+0	-9.27734E-2	2.19466E-3	0.00000E+0
5.13672E+0	-9.27734E-2	0.00000E+0	0.00000E+0
5.13760E+0	-9.27734E-2	1.88537E-3	0.00000E+0
5.14131E+0	-9.27734E-2	1.16545E-3	0.00000E+0
5.14165E+0	-9.28223E-2	4.88281E-4	4.88281E-4
5.14443E+0	-9.27734E-2	2.42209E-3	0.00000E+0
5.14619E+0	-9.27734E-2	1.16545E-3	0.00000E+0
5.14756E+0	-9.28223E-2	2.03288E-3	4.88281E-4
5.15103E+0	-9.27734E-2	1.25211E-3	0.00000E+0
5.15156E+0	-9.27734E-2	9.61652E-4	0.00000E+0
5.15288E+0	-9.27734E-2	2.26964E-3	0.00000E+0
5.15615E+0	-9.27734E-2	6.87038E-4	0.00000E+0
5.15625E+0	-9.27734E-2	0.00000E+0	0.00000E+0
5.15874E+0	-9.27734E-2	2.45321E-3	0.00000E+0
5.16270E+0	-9.27734E-2	2.28919E-3	0.00000E+0
5.16592E+0	-9.27734E-2	6.87038E-4	0.00000E+0
5.16636E+0	-9.27734E-2	1.25211E-3	0.00000E+0
5.17007E+0	-9.27734E-2	1.84338E-3	0.00000E+0
5.17100E+0	-9.27246E-2	6.87038E-4	4.88281E-4
5.17422E+0	-9.27246E-2	2.28919E-3	4.88281E-4
5.17583E+0	-9.27734E-2	4.88281E-4	0.00000E+0
5.17861E+0	-9.27734E-2	2.42209E-3	0.00000E+0
5.18062E+0	-9.27734E-2	8.48571E-4	0.00000E+0
5.18223E+0	-9.27734E-2	2.28919E-3	0.00000E+0
5.18491E+0	-9.27246E-2	1.65038E-3	4.88281E-4
5.18604E+0	-9.26758E-2	1.47222E-3	6.87038E-4
5.19019E+0	-9.26758E-2	1.06955E-3	6.87038E-4
5.19233E+0	-9.27246E-2	2.39359E-3	4.88281E-4
5.19526E+0	-9.26758E-2	4.88281E-4	6.87038E-4
5.19531E+0	-9.24805E-2	0.00000E+0	1.16545E-3
5.19531E+0	-9.26758E-2	0.00000E+0	6.87038E-4
5.19531E+0	-9.24805E-2	0.00000E+0	1.16545E-3
5.19531E+0	-9.25293E-2	0.00000E+0	1.06955E-3
5.19531E+0	-9.26270E-2	0.00000E+0	8.37142E-4
5.19541E+0	-9.25293E-2	6.87038E-4	1.06955E-3
5.20176E+0	-9.27246E-2	3.17127E-3	4.88281E-4
5.20576E+0	-9.24316E-2	1.70281E-3	1.25211E-3
5.20723E+0	-9.26758E-2	2.43597E-3	6.87038E-4
5.20825E+0	-9.24316E-2	2.34069E-3	1.25211E-3
5.20991E+0	-9.26270E-2	4.88281E-4	8.37142E-4
5.21021E+0	-9.25293E-2	1.06955E-3	1.06955E-3
5.21279E+0	-9.26758E-2	2.42209E-3	6.87038E-4
5.21484E+0	-9.25781E-2	0.00000E+0	9.61652E-4
5.21724E+0	-9.26758E-2	2.45321E-3	6.87038E-4
5.21855E+0	-9.26758E-2	2.09587E-3	6.87038E-4
5.21831E+0	-9.27246E-2	2.22680E-3	4.88281E-4
5.21953E+0	-9.27734E-2	9.61652E-4	0.00000E+0
5.22202E+0	-9.25781E-2	2.44928E-3	9.61652E-4
5.22461E+0	-9.27734E-2	6.94013E-4	0.00000E+0
5.22690E+0	-9.27734E-2	2.44928E-3	0.00000E+0
5.22944E+0	-9.27734E-2	4.88281E-4	0.00000E+0
5.22949E+0	-9.27734E-2	0.00000E+0	0.00000E+0
5.22954E+0	-9.27246E-2	4.88281E-4	4.88281E-4
5.22959E+0	-9.27734E-2	6.87038E-4	0.00000E+0
5.23330E+0	-9.27734E-2	2.03288E-3	0.00000E+0
5.23457E+0	-9.27734E-2	9.61652E-4	0.00000E+0
5.23564E+0	-9.27734E-2	2.15256E-3	0.00000E+0
5.23765E+0	-9.27734E-2	2.30753E-3	0.00000E+0
5.23916E+0	-9.27734E-2	1.19805E-3	0.00000E+0
5.24263E+0	-9.27734E-2	2.26964E-3	0.00000E+0
5.24414E+0	-9.28711E-2	0.00000E+0	6.87038E-4
5.24526E+0	-9.27734E-2	2.06520E-3	0.00000E+0
5.24829E+0	-9.27734E-2	1.75230E-3	0.00000E+0
5.24893E+0	-9.27734E-2	6.87038E-4	0.00000E+0
5.25176E+0	-9.27734E-2	2.43597E-3	0.00000E+0
5.25391E+0	-9.27734E-2	0.00000E+0	0.00000E+0
5.25400E+0	-9.27734E-2	9.76562E-4	0.00000E+0
5.25596E+0	-9.27734E-2	3.99766E-3	0.00000E+0
5.26353E+0	-9.28223E-2	2.24403E-3	4.88281E-4
5.26816E+0	-9.27734E-2	1.33135E-3	0.00000E+0
5.27119E+0	-9.28223E-2	2.44584E-3	4.88281E-4
5.27622E+0	-9.27734E-2	2.42954E-3	0.00000E+0
5.27881E+0	-9.27734E-2	1.47222E-3	0.00000E+0
5.28110E+0	-9.27734E-2	2.42954E-3	0.00000E+0
5.28164E+0	-9.27734E-2	2.28919E-3	0.00000E+0
5.28188E+0	-9.27734E-2	2.17869E-3	0.00000E+0
5.28193E+0	-9.27734E-2	2.15256E-3	0.00000E+0
5.28179E+0	-9.27734E-2	2.22680E-3	0.00000E+0
5.28188E+0	-9.27734E-2	2.17869E-3	0.00000E+0
5.28203E+0	-9.27734E-2	2.09587E-3	0.00000E+0
5.28193E+0	-9.28223E-2	2.15256E-3	4.88281E-4
5.28281E+0	-9.27734E-2	1.33135E-3	0.00000E+0
5.28320E+0	-9.28223E-2	6.94013E-4	4.88281E-4
5.28325E+0	-9.27734E-2	8.48571E-4	0.00000E+0
5.28369E+0	-9.29199E-2	1.62760E-3	8.37142E-4
5.28774E+0	-9.28223E-2	1.25211E-3	4.88281E-4
5.28838E+0	-9.27734E-2	1.16545E-3	0.00000E+0
5.29277E+0	-9.27734E-2	1.37408E-3	0.00000E+0
5.29727E+0	-9.27734E-2	1.59472E-3	0.00000E+0
5.30308E+0	-9.28223E-2	2.22247E-3	4.88281E-4
5.30957E+0	-9.28223E-2	2.40413E-3	4.88281E-4
5.31250E+0	-9.27734E-2	0.00000E+0	0.00000E+0
5.31260E+0	-9.27734E-2	6.87038E-4	0.00000E+0
5.31279E+0	-9.27734E-2	1.16545E-3	0.00000E+0
5.31509E+0	-9.27734E-2	2.44928E-3	0.00000E+0
5.31733E+0	-9.27734E-2	4.88281E-4	0.00000E+0
5.31738E+0	-9.27734E-2	0.00000E+0	0.00000E+0
5.31797E+0	-9.27734E-2	1.59472E-3	0.00000E+0
5.32056E+0	-9.27734E-2	2.34069E-3	0.00000E+0
5.32529E+0	-9.27734E-2	2.38199E-3	0.00000E+0
5.32881E+0	-9.27734E-2	2.32468E-3	0.00000E+0
5.33262E+0	-9.27734E-2	1.73919E-3	0.00000E+0
5.33672E+0	-9.27734E-2	9.61652E-4	0.00000E+0
5.33882E+0	-9.28223E-2	2.39359E-3	4.88281E-4
5.34087E+0	-9.27734E-2	1.92518E-3	0.00000E+0
5.34150E+0	-9.27734E-2	1.16545E-3	0.00000E+0
5.34312E+0	-9.27734E-2	2.17869E-3	0.00000E+0
5.34795E+0	-9.27734E-2	2.15256E-3	0.00000E+0
5.35142E+0	-9.27734E-2	8.37142E-4	0.00000E+0
5.35347E+0	-9.27734E-2	2.39359E-3	0.00000E+0
5.35635E+0	-9.27734E-2	6.87038E-4	0.00000E+0
5.35674E+0	-9.28223E-2	1.16545E-3	4.88281E-4
5.35996E+0	-9.27734E-2	2.20342E-3	0.00000E+0
5.36099E+0	-9.27734E-2	1.25211E-3	0.00000E+0
5.36123E+0	-9.27734E-2	6.87038E-4	0.00000E+0
5.36104E+0	-9.27734E-2	1.16545E-3	0.00000E+0
5.36123E+0	-9.27734E-2	6.87038E-4	0.00000E+0
5.36187E+0	-9.27734E-2	1.53548E-3	0.00000E+0
5.36445E+0	-9.28711E-2	2.35556E-3	6.87038E-4
5.36455E+0	-9.27734E-2	2.32468E-3	0.00000E+0
5.36543E+0	-9.28223E-2	1.79909E-3	4.88281E-4
5.36631E+0	-9.27734E-2	6.87038E-4	0.00000E+0
5.36978E+0	-9.28223E-2	2.17869E-3	4.88281E-4
5.37339E+0	-9.27734E-2	2.44928E-3	0.00000E+0
5.37598E+0	-9.27734E-2	0.00000E+0	0.00000E+0
5.37764E+0	-9.27734E-2	2.32468E-3	0.00000E+0
5.38057E+0	-9.27734E-2	1.16545E-3	0.00000E+0
5.38052E+0	-9.27734E-2	1.25211E-3	0.00000E+0
5.38066E+0	-9.27734E-2	9.61652E-4	0.00000E+0
5.38047E+0	-9.27734E-2	1.33135E-3	0.00000E+0
5.38076E+0	-9.27734E-2	6.87038E-4	0.00000E+0
5.38071E+0	-9.27734E-2	8.37142E-4	0.00000E+0
5.38076E+0	-9.27734E-2	6.87038E-4	0.00000E+0
5.38076E+0	-9.27734E-2	6.87038E-4	0.00000E+0
5.38120E+0	-9.27734E-2	1.43159E-3	0.00000E+0
5.38696E+0	-9.27734E-2	2.53813E-3	0.00000E+0
5.39282E+0	-9.27734E-2	2.44141E-3	0.00000E+0
5.40186E+0	-9.27734E-2	3.63943E-3	0.00000E+0
5.41230E+0	-9.27734E-2	2.97050E-3	0.00000E+0
5.41768E+0	-9.27734E-2	2.44584E-3	0.00000E+0
5.41992E+0	-9.27734E-2	0.00000E+0	0.00000E+0
5.41992E+0	-9.27734E-2	0.00000E+0	0.00000E+0
5.41992E+0	-9.27734E-2	0.00000E+0	0.00000E+0
5.41992E+0	-9.27734E-2	0.00000E+0	0.00000E+0
5.41992E+0	-9.27734E-2	0.00000E+0	0.00000E+0
5.41992E+0	-9.27246E-2	0.00000E+0	4.88281E-4
5.42163E+0	-9.27734E-2	2.34069E-3	0.00000E+0
5.42842E+0	-9.27734E-2	2.46546E-3	0.00000E+0
5.43413E+0	-9.27734E-2	1.40441E-3	0.00000E+0
5.43789E+0	-9.27734E-2	2.28919E-3	0.00000E+0
5.44185E+0	-9.27734E-2	2.45321E-3	0.00000E+0
5.44390E+0	-9.26758E-2	1.40441E-3	6.87038E-4
5.44561E+0	-9.25293E-2	2.15256E-3	1.06955E-3
5.45928E+0	-9.11133E-2	5.04390E-3	2.32468E-3
5.47363E+0	-8.81836E-2	3.73737E-3	1.16545E-3
5.47861E+0	-8.78906E-2	6.87038E-4	0.00000E+0
5.47900E+0	-8.78906E-2	1.47222E-3	0.00000E+0
5.47920E+0	-8.78906E-2	1.70281E-3	0.00000E+0
5.47896E+0	-8.78906E-2	1.40441E-3	0.00000E+0
5.47900E+0	-8.78906E-2	1.47222E-3	0.00000E+0
5.47920E+0	-8.78906E-2	1.70281E-3	0.00000E+0
5.47881E+0	-8.78906E-2	1.16545E-3	0.00000E+0
5.47939E+0	-8.78906E-2	1.88537E-3	0.00000E+0
5.48252E+0	-8.78906E-2	2.00904E-3	0.00000E+0
5.48896E+0	-8.78906E-2	2.77779E-3	0.00000E+0
5.49648E+0	-8.78906E-2	2.39208E-3	0.00000E+0
5.50269E+0	-8.78906E-2	1.45163E-3	0.00000E+0
5.50659E+0	-8.82813E-2	2.12497E-3	1.33135E-3
5.51016E+0	-8.88672E-2	2.45174E-3	1.96296E-3
5.51284E+0	-9.04297E-2	8.37142E-4	2.45174E-3
5.51577E+0	-9.08691E-2	2.36932E-3	2.39359E-3
5.51758E+0	-9.21875E-2	0.00000E+0	1.59472E-3
5.52007E+0	-9.24316E-2	2.45321E-3	1.25211E-3
5.52251E+0	-9.27246E-2	4.88281E-4	4.88281E-4
5.52515E+0	-9.27734E-2	2.44141E-3	0.00000E+0
5.52739E+0	-9.27734E-2	8.48571E-4	0.00000E+0
5.53125E+0	-9.27734E-2	1.96296E-3	0.00000E+0
5.53218E+0	-9.27734E-2	4.88281E-4	0.00000E+0
5.53247E+0	-9.28223E-2	1.06955E-3	4.88281E-4
5.53481E+0	-9.27734E-2	2.44928E-3	0.00000E+0
5.53706E+0	-9.27734E-2	4.88281E-4	0.00000E+0
5.53921E+0	-9.27734E-2	2.42954E-3	0.00000E+0
5.54360E+0	-9.27734E-2	2.30753E-3	0.00000E+0
5.54902E+0	-9.27734E-2	2.43597E-3	0.00000E+0
5.55376E+0	-9.27734E-2	2.41363E-3	0.00000E+0
5.55952E+0	-9.27734E-2	2.86947E-3	0.00000E+0
5.56597E+0	-9.27246E-2	1.40441E-3	4.88281E-4
5.56646E+0	-9.26270E-2	4.88281E-4	8.37142E-4
5.56646E+0	-9.24316E-2	4.88281E-4	1.25211E-3
5.56777E+0	-9.24316E-2	2.20342E-3	1.25211E-3
5.57036E+0	-9.21387E-2	1.92518E-3	1.65038E-3
5.57129E+0	-9.18945E-2	0.00000E+0	1.88537E-3
5.57236E+0	-9.11133E-2	2.03288E-3	2.32468E-3
5.57573E+0	-8.99414E-2	1.40441E-3	2.42209E-3
5.57617E+0	-8.84277E-2	0.00000E+0	1.53548E-3
5.57681E+0	-8.81348E-2	1.65038E-3	1.06955E-3
5.58022E+0	-8.78906E-2	1.84338E-3	0.00000E+0
5.58105E+0	-8.78906E-2	0.00000E+0	0.00000E+0
5.58135E+0	-8.78906E-2	1.16545E-3	0.00000E+0
5.58193E+0	-8.78906E-2	1.88537E-3	0.00000E+0
5.58364E+0	-8.78906E-2	2.44928E-3	0.00000E+0
5.58608E+0	-8.77930E-2	1.29001E-3	6.87038E-4
5.58975E+0	-8.65723E-2	2.03288E-3	2.17869E-3
5.59219E+0	-8.44238E-2	2.20342E-3	2.22680E-3
5.59512E+0	-8.34473E-2	1.59472E-3	1.40441E-3
5.59570E+0	-8.31055E-2	0.00000E+0	6.87038E-4
5.59800E+0	-8.30078E-2	2.44928E-3	0.00000E+0
5.60015E+0	-8.30078E-2	1.40441E-3	0.00000E+0
5.60044E+0	-8.30078E-2	8.37142E-4	0.00000E+0
5.60063E+0	-8.30566E-2	1.09623E-3	4.88281E-4
5.60425E+0	-8.28613E-2	2.12497E-3	8.37142E-4
5.60542E+0	-8.28613E-2	4.88281E-4	8.37142E-4
5.60620E+0	-8.30078E-2	1.75230E-3	0.00000E+0
5.61099E+0	-8.30078E-2	2.04174E-3	0.00000E+0
5.61523E+0	-8.30078E-2	0.00000E+0	0.00000E+0
5.61523E+0	-8.30566E-2	0.00000E+0	4.88281E-4
5.61523E+0	-8.32031E-2	0.00000E+0	9.61652E-4
5.61602E+0	-8.35937E-2	1.79909E-3	1.59472E-3
5.61997E+0	-8.49609E-2	8.37142E-4	2.40413E-3
5.62417E+0	-8.73047E-2	1.84338E-3	1.59472E-3
5.62549E+0	-8.78418E-2	1.47222E-3	4.88281E-4
5.62617E+0	-8.78906E-2	2.09587E-3	0.00000E+0
5.62925E+0	-8.78906E-2	1.65038E-3	0.00000E+0
5.63003E+0	-8.79395E-2	8.37142E-4	4.88281E-4
5.63389E+0	-8.82813E-2	1.88537E-3	1.33135E-3
5.63477E+0	-8.89648E-2	0.00000E+0	2.03288E-3
5.63843E+0	-9.07715E-2	2.12497E-3	2.41363E-3
5.64155E+0	-9.19434E-2	2.39359E-3	1.84338E-3
5.64434E+0	-9.23828E-2	9.61652E-4	1.33135E-3
5.64629E+0	-9.26270E-2	3.77073E-3	8.37142E-4
5.65435E+0	-9.26758E-2	4.88281E-4	6.87038E-4
5.65522E+0	-9.27734E-2	1.92518E-3	0.00000E+0
5.65669E+0	-9.27734E-2	2.45321E-3	0.00000E+0
5.65864E+0	-9.27734E-2	1.53548E-3	0.00000E+0
5.65918E+0	-9.27734E-2	0.00000E+0	0.00000E+0
5.65918E+0	-9.27734E-2	0.00000E+0	0.00000E+0
5.65918E+0	-9.26758E-2	0.00000E+0	6.87038E-4
5.66079E+0	-9.27734E-2	2.30753E-3	0.00000E+0
5.66504E+0	-9.27734E-2	1.96296E-3	0.00000E+0
5.66890E+0	-9.27734E-2	1.09623E-3	0.00000E+0
5.67256E+0	-9.27734E-2	2.15256E-3	0.00000E+0
5.67432E+0	-9.27734E-2	1.47222E-3	0.00000E+0
5.67837E+0	-9.27734E-2	1.25211E-3	0.00000E+0
5.68169E+0	-9.27734E-2	2.76693E-3	0.00000E+0
5.68828E+0	-9.27734E-2	1.68861E-3	0.00000E+0
5.69272E+0	-9.27734E-2	1.79036E-3	0.00000E+0
5.69614E+0	-9.27734E-2	2.42954E-3	0.00000E+0
5.69795E+0	-9.27246E-2	1.16545E-3	4.88281E-4
5.69810E+0	-9.27246E-2	8.37142E-4	4.88281E-4
5.69819E+0	-9.27734E-2	4.88281E-4	0.00000E+0
5.69819E+0	-9.27734E-2	4.88281E-4	0.00000E+0
5.69824E+0	-9.27246E-2	0.00000E+0	4.88281E-4
5.69824E+0	-9.27734E-2	0.00000E+0	0.00000E+0
5.69814E+0	-9.27734E-2	6.87038E-4	0.00000E+0
5.69824E+0	-9.27734E-2	0.00000E+0	0.00000E+0
5.69824E+0	-9.27734E-2	0.00000E+0	0.00000E+0
5.69824E+0	-9.27734E-2	0.00000E+0	0.00000E+0
5.69819E+0	-9.27734E-2	4.88281E-4	0.00000E+0
5.69819E+0	-9.27734E-2	4.88281E-4	0.00000E+0
5.69824E+0	-9.27734E-2	0.00000E+0	0.00000E+0
5.69819E+0	-9.27734E-2	4.88281E-4	0.00000E+0
5.69824E+0	-9.28223E-2	0.00000E+0	4.88281E-4
5.69819E+0	-9.27734E-2	4.88281E-4	0.00000E+0
5.69819E+0	-9.27734E-2	4.88281E-4	0.00000E+0
5.69824E+0	-9.27734E-2	0.00000E+0	0.00000E+0
5.69824E+0	-9.27734E-2	0.00000E+0	0.00000E+0
5.69824E+0	-9.27734E-2	0.00000E+0	0.00000E+0
5.69824E+0	-9.27734E-2	0.00000E+0	0.00000E+0
5.69824E+0	-9.27734E-2	0.00000E+0	0.00000E+0
5.69824E+0	-9.27734E-2	0.00000E+0	0.00000E+0
5.69819E+0	-9.27734E-2	4.88281E-4	0.00000E+0
5.69819E+0	-9.27734E-2	4.88281E-4	0.00000E+0
5.69824E+0	-9.27734E-2	0.00000E+0	0.00000E+0
5.69824E+0	-9.27734E-2	0.00000E+0	0.00000E+0
5.69824E+0	-9.27734E-2	0.00000E+0	0.00000E+0
5.69824E+0	-9.27734E-2	0.00000E+0	0.00000E+0
5.69824E+0	-9.27734E-2	0.00000E+0	0.00000E+0
5.69814E+0	-9.27734E-2	6.87038E-4	0.00000E+0
5.69824E+0	-9.27734E-2	0.00000E+0	0.00000E+0
5.69824E+0	-9.27734E-2	0.00000E+0	0.00000E+0
5.69824E+0	-9.27734E-2	0.00000E+0	0.00000E+0
5.69824E+0	-9.27734E-2	0.00000E+0	0.00000E+0
5.69824E+0	-9.27734E-2	0.00000E+0	0.00000E+0
5.69824E+0	-9.27734E-2	0.00000E+0	0.00000E+0
5.69824E+0	-9.27734E-2	0.00000E+0	0.00000E+0
