5.21504E+0	-9.27734E-2	9.61652E-4	0.00000E+0
5.21519E+0	-9.27734E-2	1.25211E-3	0.00000E+0
5.21489E+0	-9.27734E-2	4.88281E-4	0.00000E+0
5.21499E+0	-9.27734E-2	8.37142E-4	0.00000E+0
5.21499E+0	-9.27734E-2	8.37142E-4	0.00000E+0
5.21514E+0	-9.27734E-2	1.16545E-3	0.00000E+0
5.21494E+0	-9.28223E-2	6.87038E-4	4.88281E-4
5.21514E+0	-9.28223E-2	1.16545E-3	4.88281E-4
5.21504E+0	-9.28223E-2	9.61652E-4	4.88281E-4
5.21499E+0	-9.27734E-2	8.37142E-4	0.00000E+0
5.21533E+0	-9.27734E-2	1.47222E-3	0.00000E+0
5.21514E+0	-9.27734E-2	1.16545E-3	0.00000E+0
5.21519E+0	-9.27734E-2	1.25211E-3	0.00000E+0
5.21499E+0	-9.27734E-2	8.37142E-4	0.00000E+0
5.21504E+0	-9.27734E-2	9.61652E-4	0.00000E+0
5.21494E+0	-9.27734E-2	6.87038E-4	0.00000E+0
5.21494E+0	-9.28223E-2	6.87038E-4	4.88281E-4
5.21519E+0	-9.28223E-2	1.25211E-3	4.88281E-4
5.21484E+0	-9.27734E-2	0.00000E+0	0.00000E+0
5.21504E+0	-9.27734E-2	9.61652E-4	0.00000E+0
5.21519E+0	-9.27734E-2	1.25211E-3	0.00000E+0
5.21533E+0	-9.28223E-2	1.47222E-3	4.88281E-4
5.21504E+0	-9.28223E-2	9.61652E-4	4.88281E-4
5.21533E+0	-9.27734E-2	1.47222E-3	0.00000E+0
5.21533E+0	-9.27734E-2	1.47222E-3	0.00000E+0
5.21528E+0	-9.27734E-2	1.40441E-3	0.00000E+0
5.21548E+0	-9.27734E-2	1.65038E-3	0.00000E+0
5.21499E+0	-9.27734E-2	8.37142E-4	0.00000E+0
5.21499E+0	-9.28223E-2	8.37142E-4	4.88281E-4
5.21514E+0	-9.27734E-2	1.16545E-3	0.00000E+0
5.21528E+0	-9.28223E-2	1.40441E-3	4.88281E-4
5.21519E+0	-9.27734E-2	1.25211E-3	0.00000E+0
5.21509E+0	-9.27734E-2	1.06955E-3	0.00000E+0
5.21509E+0	-9.28223E-2	1.06955E-3	4.88281E-4
5.21519E+0	-9.28223E-2	1.25211E-3	4.88281E-4
5.21533E+0	-9.28223E-2	1.47222E-3	4.88281E-4
5.21519E+0	-9.27734E-2	1.25211E-3	0.00000E+0
5.21514E+0	-9.28223E-2	1.16545E-3	4.88281E-4
5.21494E+0	-9.28223E-2	6.87038E-4	4.88281E-4
5.21509E+0	-9.27734E-2	1.06955E-3	0.00000E+0
5.21494E+0	-9.27734E-2	6.87038E-4	0.00000E+0
5.21504E+0	-9.27734E-2	9.61652E-4	0.00000E+0
5.21499E+0	-9.27734E-2	8.37142E-4	0.00000E+0
5.21523E+0	-9.28223E-2	1.33135E-3	4.88281E-4
5.21519E+0	-9.27734E-2	1.25211E-3	0.00000E+0
5.21528E+0	-9.27734E-2	1.40441E-3	0.00000E+0
5.21509E+0	-9.28223E-2	1.06955E-3	4.88281E-4
5.21509E+0	-9.28223E-2	1.06955E-3	4.88281E-4
5.21489E+0	-9.27734E-2	4.88281E-4	0.00000E+0
5.21494E+0	-9.27734E-2	6.87038E-4	0.00000E+0
5.21523E+0	-9.27734E-2	1.33135E-3	0.00000E+0
5.21514E+0	-9.27734E-2	1.16545E-3	0.00000E+0
5.21519E+0	-9.27734E-2	1.25211E-3	0.00000E+0
5.21504E+0	-9.27734E-2	9.61652E-4	0.00000E+0
5.21504E+0	-9.27734E-2	9.61652E-4	0.00000E+0
5.21519E+0	-9.28223E-2	1.25211E-3	4.88281E-4
5.21509E+0	-9.27734E-2	1.06955E-3	0.00000E+0
5.21504E+0	-9.27734E-2	9.61652E-4	0.00000E+0
5.21504E+0	-9.27734E-2	9.61652E-4	0.00000E+0
5.21523E+0	-9.27734E-2	1.33135E-3	0.00000E+0
5.21509E+0	-9.28223E-2	1.06955E-3	4.88281E-4
5.21519E+0	-9.27734E-2	1.25211E-3	0.00000E+0
5.21509E+0	-9.27734E-2	1.06955E-3	0.00000E+0
5.21504E+0	-9.27734E-2	9.61652E-4	0.00000E+0
5.21504E+0	-9.27734E-2	9.61652E-4	0.00000E+0
5.21504E+0	-9.27734E-2	9.61652E-4	0.00000E+0
5.21489E+0	-9.27734E-2	4.88281E-4	0.00000E+0
5.21494E+0	-9.27734E-2	6.87038E-4	0.00000E+0
5.21489E+0	-9.28223E-2	4.88281E-4	4.88281E-4
5.21499E+0	-9.28223E-2	8.37142E-4	4.88281E-4
5.21494E+0	-9.27734E-2	6.87038E-4	0.00000E+0
5.21499E+0	-9.27734E-2	8.37142E-4	0.00000E+0
5.21494E+0	-9.27734E-2	6.87038E-4	0.00000E+0
5.21494E+0	-9.27734E-2	6.87038E-4	0.00000E+0
5.21499E+0	-9.27734E-2	8.37142E-4	0.00000E+0
5.21519E+0	-9.27734E-2	1.25211E-3	0.00000E+0
5.21509E+0	-9.27734E-2	1.06955E-3	0.00000E+0
5.21499E+0	-9.27734E-2	8.37142E-4	0.00000E+0
5.21504E+0	-9.27734E-2	9.61652E-4	0.00000E+0
5.21509E+0	-9.27734E-2	1.06955E-3	0.00000E+0
5.21499E+0	-9.27734E-2	8.37142E-4	0.00000E+0
5.21484E+0	-9.27734E-2	0.00000E+0	0.00000E+0
5.21484E+0	-9.27734E-2	0.00000E+0	0.00000E+0
5.21494E+0	-9.28223E-2	6.87038E-4	4.88281E-4
5.21489E+0	-9.27734E-2	4.88281E-4	0.00000E+0
5.21499E+0	-9.28223E-2	8.37142E-4	4.88281E-4
5.21514E+0	-9.27734E-2	1.16545E-3	0.00000E+0
5.21519E+0	-9.27734E-2	1.25211E-3	0.00000E+0
5.21519E+0	-9.28223E-2	1.25211E-3	4.88281E-4
5.21514E+0	-9.28223E-2	1.16545E-3	4.88281E-4
5.21519E+0	-9.27734E-2	1.25211E-3	0.00000E+0
5.21489E+0	-9.27734E-2	4.88281E-4	0.00000E+0
5.21504E+0	-9.27734E-2	9.61652E-4	0.00000E+0
5.21509E+0	-9.27734E-2	1.06955E-3	0.00000E+0
5.21509E+0	-9.28223E-2	1.06955E-3	4.88281E-4
5.21504E+0	-9.27734E-2	9.61652E-4	0.00000E+0
5.21494E+0	-9.27734E-2	6.87038E-4	0.00000E+0
5.21489E+0	-9.27734E-2	4.88281E-4	0.00000E+0
5.21504E+0	-9.27734E-2	9.61652E-4	0.00000E+0
5.21523E+0	-9.27734E-2	1.33135E-3	0.00000E+0
5.21499E+0	-9.27734E-2	8.37142E-4	0.00000E+0
5.21499E+0	-9.27734E-2	8.37142E-4	0.00000E+0
5.21494E+0	-9.27734E-2	6.87038E-4	0.00000E+0
5.21494E+0	-9.27734E-2	6.87038E-4	0.00000E+0
5.21494E+0	-9.28223E-2	6.87038E-4	4.88281E-4
5.21509E+0	-9.28223E-2	1.06955E-3	4.88281E-4
5.21494E+0	-9.27734E-2	6.87038E-4	0.00000E+0
5.21484E+0	-9.27734E-2	0.00000E+0	0.00000E+0
5.21499E+0	-9.28711E-2	8.37142E-4	6.87038E-4
5.21489E+0	-9.27734E-2	4.88281E-4	0.00000E+0
5.21489E+0	-9.27734E-2	4.88281E-4	0.00000E+0
5.21489E+0	-9.27734E-2	4.88281E-4	0.00000E+0
5.21509E+0	-9.27734E-2	1.06955E-3	0.00000E+0
5.21504E+0	-9.27734E-2	9.61652E-4	0.00000E+0
5.21504E+0	-9.27734E-2	9.61652E-4	0.00000E+0
