5.17090E+0	-9.28223E-2	0.00000E+0	4.88281E-4
5.17090E+0	-9.27734E-2	0.00000E+0	0.00000E+0
5.17090E+0	-9.27734E-2	0.00000E+0	0.00000E+0
5.17090E+0	-9.27734E-2	0.00000E+0	0.00000E+0
5.17090E+0	-9.27734E-2	0.00000E+0	0.00000E+0
5.17090E+0	-9.27734E-2	0.00000E+0	0.00000E+0
5.17090E+0	-9.28223E-2	0.00000E+0	4.88281E-4
5.17090E+0	-9.27734E-2	0.00000E+0	0.00000E+0
5.17090E+0	-9.27734E-2	0.00000E+0	0.00000E+0
5.17090E+0	-9.27734E-2	0.00000E+0	0.00000E+0
5.17090E+0	-9.28223E-2	0.00000E+0	4.88281E-4
5.17095E+0	-9.27734E-2	4.88281E-4	0.00000E+0
5.17090E+0	-9.27734E-2	0.00000E+0	0.00000E+0
5.17090E+0	-9.28223E-2	0.00000E+0	4.88281E-4
5.17090E+0	-9.27734E-2	0.00000E+0	0.00000E+0
5.17090E+0	-9.28223E-2	0.00000E+0	4.88281E-4
5.17090E+0	-9.27734E-2	0.00000E+0	0.00000E+0
5.17090E+0	-9.27734E-2	0.00000E+0	0.00000E+0
5.17090E+0	-9.27734E-2	0.00000E+0	0.00000E+0
5.17095E+0	-9.27734E-2	4.88281E-4	0.00000E+0
5.17090E+0	-9.27734E-2	0.00000E+0	0.00000E+0
5.17090E+0	-9.27734E-2	0.00000E+0	0.00000E+0
5.17095E+0	-9.27734E-2	4.88281E-4	0.00000E+0
5.17090E+0	-9.27734E-2	0.00000E+0	0.00000E+0
5.17090E+0	-9.27734E-2	0.00000E+0	0.00000E+0
5.17090E+0	-9.27734E-2	0.00000E+0	0.00000E+0
5.17090E+0	-9.27734E-2	0.00000E+0	0.00000E+0
5.17090E+0	-9.28223E-2	0.00000E+0	4.88281E-4
5.17095E+0	-9.28223E-2	4.88281E-4	4.88281E-4
5.17090E+0	-9.27734E-2	0.00000E+0	0.00000E+0
5.17090E+0	-9.27734E-2	0.00000E+0	0.00000E+0
5.17090E+0	-9.27734E-2	0.00000E+0	0.00000E+0
5.17090E+0	-9.28223E-2	0.00000E+0	4.88281E-4
5.17090E+0	-9.28223E-2	0.00000E+0	4.88281E-4
5.17090E+0	-9.27734E-2	0.00000E+0	0.00000E+0
5.17090E+0	-9.27734E-2	0.00000E+0	0.00000E+0
5.17095E+0	-9.27734E-2	4.88281E-4	0.00000E+0
5.17090E+0	-9.27734E-2	0.00000E+0	0.00000E+0
5.17090E+0	-9.27734E-2	0.00000E+0	0.00000E+0
5.17090E+0	-9.27734E-2	0.00000E+0	0.00000E+0
5.17090E+0	-9.28223E-2	0.00000E+0	4.88281E-4
5.17090E+0	-9.27734E-2	0.00000E+0	0.00000E+0
5.17090E+0	-9.27734E-2	0.00000E+0	0.00000E+0
5.17095E+0	-9.27734E-2	4.88281E-4	0.00000E+0
5.17095E+0	-9.27734E-2	4.88281E-4	0.00000E+0
5.17095E+0	-9.27734E-2	4.88281E-4	0.00000E+0
5.17090E+0	-9.27734E-2	0.00000E+0	0.00000E+0
5.17095E+0	-9.28223E-2	4.88281E-4	4.88281E-4
5.17090E+0	-9.28711E-2	0.00000E+0	6.87038E-4
5.17090E+0	-9.27734E-2	0.00000E+0	0.00000E+0
5.17090E+0	-9.28223E-2	0.00000E+0	4.88281E-4
5.17090E+0	-9.27734E-2	0.00000E+0	0.00000E+0
5.17090E+0	-9.27734E-2	0.00000E+0	0.00000E+0
5.17095E+0	-9.27734E-2	4.88281E-4	0.00000E+0
5.17090E+0	-9.27734E-2	0.00000E+0	0.00000E+0
5.17090E+0	-9.27734E-2	0.00000E+0	0.00000E+0
5.17090E+0	-9.27734E-2	0.00000E+0	0.00000E+0
5.17090E+0	-9.27734E-2	0.00000E+0	0.00000E+0
5.17090E+0	-9.27734E-2	0.00000E+0	0.00000E+0
5.17090E+0	-9.27734E-2	0.00000E+0	0.00000E+0
5.17090E+0	-9.27734E-2	0.00000E+0	0.00000E+0
5.17090E+0	-9.27734E-2	0.00000E+0	0.00000E+0
5.17090E+0	-9.28223E-2	0.00000E+0	4.88281E-4
5.17090E+0	-9.27734E-2	0.00000E+0	0.00000E+0
5.17090E+0	-9.27734E-2	0.00000E+0	0.00000E+0
5.17090E+0	-9.27734E-2	0.00000E+0	0.00000E+0
5.17090E+0	-9.27734E-2	0.00000E+0	0.00000E+0
5.17090E+0	-9.28223E-2	0.00000E+0	4.88281E-4
5.17095E+0	-9.27734E-2	4.88281E-4	0.00000E+0
5.17095E+0	-9.27734E-2	4.88281E-4	0.00000E+0
5.17095E+0	-9.27734E-2	4.88281E-4	0.00000E+0
5.17090E+0	-9.27734E-2	0.00000E+0	0.00000E+0
5.17090E+0	-9.27734E-2	0.00000E+0	0.00000E+0
5.17090E+0	-9.27734E-2	0.00000E+0	0.00000E+0
5.17095E+0	-9.27734E-2	4.88281E-4	0.00000E+0
5.17090E+0	-9.28223E-2	0.00000E+0	4.88281E-4
5.17090E+0	-9.27734E-2	0.00000E+0	0.00000E+0
5.17090E+0	-9.27734E-2	0.00000E+0	0.00000E+0
5.17090E+0	-9.28223E-2	0.00000E+0	4.88281E-4
5.17090E+0	-9.27734E-2	0.00000E+0	0.00000E+0
5.17090E+0	-9.27734E-2	0.00000E+0	0.00000E+0
5.17090E+0	-9.28223E-2	0.00000E+0	4.88281E-4
5.17090E+0	-9.27734E-2	0.00000E+0	0.00000E+0
5.17090E+0	-9.27734E-2	0.00000E+0	0.00000E+0
5.17090E+0	-9.27734E-2	0.00000E+0	0.00000E+0
5.17090E+0	-9.28223E-2	0.00000E+0	4.88281E-4
5.17090E+0	-9.27734E-2	0.00000E+0	0.00000E+0
5.17090E+0	-9.27734E-2	0.00000E+0	0.00000E+0
5.17090E+0	-9.28711E-2	0.00000E+0	6.87038E-4
5.17090E+0	-9.27734E-2	0.00000E+0	0.00000E+0
5.17090E+0	-9.27734E-2	0.00000E+0	0.00000E+0
5.17090E+0	-9.27734E-2	0.00000E+0	0.00000E+0
5.17095E+0	-9.27734E-2	4.88281E-4	0.00000E+0
5.17095E+0	-9.27734E-2	4.88281E-4	0.00000E+0
5.17090E+0	-9.27734E-2	0.00000E+0	0.00000E+0
5.17090E+0	-9.27734E-2	0.00000E+0	0.00000E+0
5.17090E+0	-9.27734E-2	0.00000E+0	0.00000E+0
5.17090E+0	-9.28223E-2	0.00000E+0	4.88281E-4
5.17090E+0	-9.27734E-2	0.00000E+0	0.00000E+0
5.17090E+0	-9.27734E-2	0.00000E+0	0.00000E+0
5.17090E+0	-9.27734E-2	0.00000E+0	0.00000E+0
5.17090E+0	-9.27734E-2	0.00000E+0	0.00000E+0
5.17090E+0	-9.28223E-2	0.00000E+0	4.88281E-4
5.17090E+0	-9.27734E-2	0.00000E+0	0.00000E+0
5.17090E+0	-9.27734E-2	0.00000E+0	0.00000E+0
5.17090E+0	-9.27734E-2	0.00000E+0	0.00000E+0
5.17090E+0	-9.27734E-2	0.00000E+0	0.00000E+0
5.17090E+0	-9.27734E-2	0.00000E+0	0.00000E+0
5.17090E+0	-9.27734E-2	0.00000E+0	0.00000E+0
5.17090E+0	-9.27734E-2	0.00000E+0	0.00000E+0
5.17090E+0	-9.27734E-2	0.00000E+0	0.00000E+0
5.17090E+0	-9.27734E-2	0.00000E+0	0.00000E+0
5.17090E+0	-9.27734E-2	0.00000E+0	0.00000E+0
5.17095E+0	-9.28223E-2	4.88281E-4	4.88281E-4
5.17090E+0	-9.27734E-2	0.00000E+0	0.00000E+0
5.17090E+0	-9.27734E-2	0.00000E+0	0.00000E+0
5.17090E+0	-9.28711E-2	0.00000E+0	6.87038E-4
5.17090E+0	-9.27734E-2	0.00000E+0	0.00000E+0
5.17090E+0	-9.27734E-2	0.00000E+0	0.00000E+0
5.17090E+0	-9.27734E-2	0.00000E+0	0.00000E+0
5.17095E+0	-9.28223E-2	4.88281E-4	4.88281E-4
5.17090E+0	-9.27734E-2	0.00000E+0	0.00000E+0
5.17090E+0	-9.27734E-2	0.00000E+0	0.00000E+0
5.17090E+0	-9.27734E-2	0.00000E+0	0.00000E+0
5.17090E+0	-9.27734E-2	0.00000E+0	0.00000E+0
5.17095E+0	-9.27734E-2	4.88281E-4	0.00000E+0
5.17090E+0	-9.27734E-2	0.00000E+0	0.00000E+0
5.17090E+0	-9.27734E-2	0.00000E+0	0.00000E+0
5.17090E+0	-9.28223E-2	0.00000E+0	4.88281E-4
5.17090E+0	-9.28223E-2	0.00000E+0	4.88281E-4
5.17090E+0	-9.27734E-2	0.00000E+0	0.00000E+0
5.17090E+0	-9.27734E-2	0.00000E+0	0.00000E+0
5.17090E+0	-9.27734E-2	0.00000E+0	0.00000E+0
5.17095E+0	-9.27734E-2	4.88281E-4	0.00000E+0
5.17090E+0	-9.28223E-2	0.00000E+0	4.88281E-4
5.17090E+0	-9.27734E-2	0.00000E+0	0.00000E+0
5.17095E+0	-9.27734E-2	4.88281E-4	0.00000E+0
5.17090E+0	-9.28223E-2	0.00000E+0	4.88281E-4
5.17090E+0	-9.27734E-2	0.00000E+0	0.00000E+0
5.17095E+0	-9.27734E-2	4.88281E-4	0.00000E+0
5.17090E+0	-9.27734E-2	0.00000E+0	0.00000E+0
5.17095E+0	-9.28223E-2	4.88281E-4	4.88281E-4
5.17090E+0	-9.27734E-2	0.00000E+0	0.00000E+0
5.17090E+0	-9.27734E-2	0.00000E+0	0.00000E+0
5.17090E+0	-9.27734E-2	0.00000E+0	0.00000E+0
5.17090E+0	-9.27734E-2	0.00000E+0	0.00000E+0
5.17090E+0	-9.27734E-2	0.00000E+0	0.00000E+0
5.17090E+0	-9.27734E-2	0.00000E+0	0.00000E+0
5.17090E+0	-9.27734E-2	0.00000E+0	0.00000E+0
5.17090E+0	-9.27734E-2	0.00000E+0	0.00000E+0
5.17100E+0	-9.27734E-2	6.87038E-4	0.00000E+0
5.17090E+0	-9.27734E-2	0.00000E+0	0.00000E+0
5.17090E+0	-9.27734E-2	0.00000E+0	0.00000E+0
5.17090E+0	-9.27734E-2	0.00000E+0	0.00000E+0
5.17090E+0	-9.27734E-2	0.00000E+0	0.00000E+0
5.17095E+0	-9.28711E-2	4.88281E-4	6.87038E-4
5.17090E+0	-9.28223E-2	0.00000E+0	4.88281E-4
5.17090E+0	-9.27734E-2	0.00000E+0	0.00000E+0
5.17090E+0	-9.28711E-2	0.00000E+0	6.87038E-4
5.17090E+0	-9.27734E-2	0.00000E+0	0.00000E+0
5.17090E+0	-9.27734E-2	0.00000E+0	0.00000E+0
5.17090E+0	-9.27734E-2	0.00000E+0	0.00000E+0
5.17090E+0	-9.27734E-2	0.00000E+0	0.00000E+0
5.17090E+0	-9.27734E-2	0.00000E+0	0.00000E+0
5.17090E+0	-9.28223E-2	0.00000E+0	4.88281E-4
5.17090E+0	-9.27734E-2	0.00000E+0	0.00000E+0
5.17090E+0	-9.27734E-2	0.00000E+0	0.00000E+0
5.17090E+0	-9.27734E-2	0.00000E+0	0.00000E+0
5.17090E+0	-9.27734E-2	0.00000E+0	0.00000E+0
5.17090E+0	-9.27734E-2	0.00000E+0	0.00000E+0
5.17090E+0	-9.28223E-2	0.00000E+0	4.88281E-4
5.17090E+0	-9.27734E-2	0.00000E+0	0.00000E+0
5.17090E+0	-9.27734E-2	0.00000E+0	0.00000E+0
5.17090E+0	-9.27734E-2	0.00000E+0	0.00000E+0
5.17090E+0	-9.27734E-2	0.00000E+0	0.00000E+0
5.17095E+0	-9.28223E-2	4.88281E-4	4.88281E-4
5.17090E+0	-9.27734E-2	0.00000E+0	0.00000E+0
5.17090E+0	-9.27734E-2	0.00000E+0	0.00000E+0
5.17090E+0	-9.27734E-2	0.00000E+0	6.94013E-4
5.17090E+0	-9.27734E-2	0.00000E+0	0.00000E+0
5.17090E+0	-9.27734E-2	0.00000E+0	0.00000E+0
5.17090E+0	-9.27734E-2	0.00000E+0	0.00000E+0
5.17090E+0	-9.27734E-2	0.00000E+0	0.00000E+0
5.17090E+0	-9.27734E-2	0.00000E+0	0.00000E+0
5.17090E+0	-9.27734E-2	0.00000E+0	0.00000E+0
5.17090E+0	-9.27734E-2	0.00000E+0	0.00000E+0
5.17095E+0	-9.27734E-2	4.88281E-4	0.00000E+0
5.17090E+0	-9.27734E-2	0.00000E+0	0.00000E+0
5.17090E+0	-9.28223E-2	0.00000E+0	4.88281E-4
5.17090E+0	-9.28223E-2	0.00000E+0	4.88281E-4
5.17090E+0	-9.28711E-2	0.00000E+0	6.87038E-4
5.17095E+0	-9.27734E-2	4.88281E-4	0.00000E+0
5.17090E+0	-9.27734E-2	0.00000E+0	0.00000E+0
5.17090E+0	-9.27734E-2	0.00000E+0	0.00000E+0
5.17090E+0	-9.27734E-2	0.00000E+0	0.00000E+0
5.17090E+0	-9.27734E-2	0.00000E+0	0.00000E+0
5.17090E+0	-9.28711E-2	0.00000E+0	6.87038E-4
5.17090E+0	-9.27734E-2	0.00000E+0	0.00000E+0
5.17090E+0	-9.27734E-2	0.00000E+0	0.00000E+0
5.17090E+0	-9.27734E-2	0.00000E+0	0.00000E+0
5.17090E+0	-9.27734E-2	0.00000E+0	0.00000E+0
5.17095E+0	-9.27734E-2	4.88281E-4	0.00000E+0
5.17090E+0	-9.27734E-2	0.00000E+0	0.00000E+0
5.17090E+0	-9.28223E-2	0.00000E+0	4.88281E-4
5.17090E+0	-9.27734E-2	0.00000E+0	0.00000E+0
5.17095E+0	-9.27734E-2	4.88281E-4	0.00000E+0
5.17090E+0	-9.28223E-2	0.00000E+0	4.88281E-4
5.17090E+0	-9.27734E-2	0.00000E+0	0.00000E+0
5.17090E+0	-9.28223E-2	0.00000E+0	4.88281E-4
5.17090E+0	-9.27734E-2	0.00000E+0	0.00000E+0
5.17090E+0	-9.27734E-2	0.00000E+0	0.00000E+0
5.17090E+0	-9.27734E-2	0.00000E+0	0.00000E+0
5.17090E+0	-9.27734E-2	0.00000E+0	0.00000E+0
5.17090E+0	-9.27734E-2	0.00000E+0	0.00000E+0
5.17090E+0	-9.28223E-2	0.00000E+0	4.88281E-4
5.17090E+0	-9.29199E-2	0.00000E+0	8.37142E-4
5.17090E+0	-9.27734E-2	0.00000E+0	0.00000E+0
5.17090E+0	-9.28223E-2	0.00000E+0	4.88281E-4
5.17090E+0	-9.27734E-2	0.00000E+0	0.00000E+0
5.17090E+0	-9.27734E-2	0.00000E+0	0.00000E+0
5.17090E+0	-9.28223E-2	0.00000E+0	4.88281E-4
5.17095E+0	-9.27734E-2	4.88281E-4	0.00000E+0
5.17090E+0	-9.27734E-2	0.00000E+0	0.00000E+0
5.17090E+0	-9.28223E-2	0.00000E+0	4.88281E-4
5.17090E+0	-9.27734E-2	0.00000E+0	0.00000E+0
5.17090E+0	-9.28223E-2	0.00000E+0	4.88281E-4
5.17095E+0	-9.27734E-2	4.88281E-4	0.00000E+0
5.17090E+0	-9.27734E-2	0.00000E+0	0.00000E+0
5.17095E+0	-9.28223E-2	4.88281E-4	4.88281E-4
5.17090E+0	-9.27734E-2	0.00000E+0	0.00000E+0
5.17090E+0	-9.28223E-2	0.00000E+0	4.88281E-4
5.17090E+0	-9.27734E-2	0.00000E+0	0.00000E+0
5.17090E+0	-9.27734E-2	0.00000E+0	0.00000E+0
5.17090E+0	-9.27734E-2	0.00000E+0	0.00000E+0
