4.74917E+0	-9.27734E-2	2.36932E-3	0.00000E+0
4.74976E+0	-9.28223E-2	2.12497E-3	4.88281E-4
4.74922E+0	-9.27734E-2	2.35556E-3	0.00000E+0
4.74902E+0	-9.27734E-2	2.40413E-3	0.00000E+0
4.74912E+0	-9.27734E-2	2.38199E-3	0.00000E+0
4.74956E+0	-9.27734E-2	2.22680E-3	0.00000E+0
4.74971E+0	-9.27734E-2	2.15256E-3	0.00000E+0
4.74951E+0	-9.27734E-2	2.24886E-3	0.00000E+0
4.74922E+0	-9.27734E-2	2.35556E-3	0.00000E+0
4.74985E+0	-9.27734E-2	2.06520E-3	0.00000E+0
4.74888E+0	-9.27734E-2	2.42954E-3	0.00000E+0
4.74946E+0	-9.27734E-2	2.26964E-3	0.00000E+0
4.74971E+0	-9.27734E-2	2.15256E-3	0.00000E+0
4.74927E+0	-9.27734E-2	2.34069E-3	0.00000E+0
4.74912E+0	-9.27734E-2	2.38199E-3	0.00000E+0
4.74941E+0	-9.27734E-2	2.28919E-3	0.00000E+0
4.74951E+0	-9.27734E-2	2.24886E-3	0.00000E+0
4.74863E+0	-9.27246E-2	2.45174E-3	4.88281E-4
4.74917E+0	-9.27734E-2	2.36932E-3	0.00000E+0
4.75044E+0	-9.26270E-2	1.53548E-3	8.37142E-4
4.75273E+0	-9.13574E-2	2.35556E-3	2.22680E-3
4.75737E+0	-8.90137E-2	2.26964E-3	2.06520E-3
4.76221E+0	-8.80371E-2	2.24886E-3	8.37142E-4
4.76553E+0	-8.78906E-2	9.76562E-4	0.00000E+0
4.76675E+0	-8.78906E-2	2.06520E-3	0.00000E+0
4.76978E+0	-8.78906E-2	1.75230E-3	0.00000E+0
4.77065E+0	-8.78906E-2	8.37142E-4	0.00000E+0
4.77148E+0	-8.78906E-2	1.96296E-3	0.00000E+0
4.77441E+0	-8.78906E-2	1.96296E-3	0.00000E+0
4.77539E+0	-8.78906E-2	0.00000E+0	0.00000E+0
4.77734E+0	-8.78906E-2	2.40413E-3	0.00000E+0
4.78018E+0	-8.78906E-2	9.76562E-4	0.00000E+0
4.78389E+0	-8.80859E-2	2.15256E-3	9.61652E-4
4.78823E+0	-8.91113E-2	2.36932E-3	2.12497E-3
4.79297E+0	-9.05273E-2	2.40413E-3	2.44584E-3
4.79492E+0	-9.18945E-2	0.00000E+0	1.88537E-3
4.79492E+0	-9.24316E-2	0.00000E+0	1.25211E-3
4.79536E+0	-9.25293E-2	1.40441E-3	1.06955E-3
4.79932E+0	-9.27734E-2	1.47222E-3	0.00000E+0
4.80151E+0	-9.27734E-2	2.34069E-3	0.00000E+0
4.80439E+0	-9.27734E-2	1.16545E-3	0.00000E+0
4.80513E+0	-9.27734E-2	1.40441E-3	0.00000E+0
4.80923E+0	-9.27734E-2	1.59094E-3	0.00000E+0
4.81362E+0	-9.27246E-2	1.84338E-3	4.88281E-4
4.81445E+0	-9.27734E-2	0.00000E+0	0.00000E+0
4.81445E+0	-9.27734E-2	0.00000E+0	0.00000E+0
4.81445E+0	-9.27734E-2	0.00000E+0	0.00000E+0
4.81445E+0	-9.27734E-2	0.00000E+0	0.00000E+0
4.81445E+0	-9.27734E-2	0.00000E+0	0.00000E+0
4.81626E+0	-9.27734E-2	2.36932E-3	0.00000E+0
4.81831E+0	-9.27734E-2	1.99883E-3	0.00000E+0
4.81909E+0	-9.27734E-2	1.06955E-3	0.00000E+0
4.81938E+0	-9.27734E-2	4.88281E-4	0.00000E+0
4.81943E+0	-9.27734E-2	6.87038E-4	0.00000E+0
4.82070E+0	-9.28223E-2	2.20342E-3	4.88281E-4
4.82642E+0	-9.27734E-2	2.53813E-3	0.00000E+0
4.83081E+0	-9.27734E-2	2.34069E-3	0.00000E+0
4.83296E+0	-9.27734E-2	1.99883E-3	0.00000E+0
4.83306E+0	-9.27734E-2	1.92518E-3	0.00000E+0
4.83374E+0	-9.27734E-2	1.06955E-3	0.00000E+0
4.83608E+0	-9.27734E-2	2.42954E-3	0.00000E+0
4.84160E+0	-9.28223E-2	2.43597E-3	4.88281E-4
4.84561E+0	-9.27734E-2	2.38199E-3	0.00000E+0
4.85142E+0	-9.27734E-2	2.42954E-3	0.00000E+0
4.85391E+0	-9.27734E-2	1.33135E-3	0.00000E+0
4.85708E+0	-9.27734E-2	2.17869E-3	0.00000E+0
4.85674E+0	-9.27734E-2	2.32468E-3	0.00000E+0
4.85713E+0	-9.27734E-2	2.15256E-3	0.00000E+0
4.85713E+0	-9.27734E-2	2.15256E-3	0.00000E+0
4.85957E+0	-9.27734E-2	2.20779E-3	0.00000E+0
4.86562E+0	-9.27734E-2	2.45174E-3	0.00000E+0
4.87529E+0	-9.27734E-2	4.35738E-3	0.00000E+0
4.87886E+0	-9.27734E-2	1.92518E-3	0.00000E+0
4.88330E+0	-9.27734E-2	2.35351E-3	0.00000E+0
4.88745E+0	-9.27734E-2	1.06955E-3	0.00000E+0
4.88770E+0	-9.27734E-2	0.00000E+0	0.00000E+0
4.88872E+0	-9.28223E-2	1.99883E-3	4.88281E-4
4.89199E+0	-9.27734E-2	1.59472E-3	0.00000E+0
4.89351E+0	-9.27734E-2	1.92518E-3	0.00000E+0
4.89629E+0	-9.27734E-2	2.09587E-3	0.00000E+0
4.89746E+0	-9.27734E-2	0.00000E+0	0.00000E+0
4.89746E+0	-9.27734E-2	0.00000E+0	0.00000E+0
4.89790E+0	-9.27734E-2	1.40441E-3	0.00000E+0
4.90176E+0	-9.27734E-2	1.59472E-3	0.00000E+0
4.90352E+0	-9.27734E-2	2.09587E-3	0.00000E+0
4.90708E+0	-9.27734E-2	8.37142E-4	0.00000E+0
4.91050E+0	-9.28223E-2	2.30753E-3	4.88281E-4
4.91421E+0	-9.27734E-2	2.42954E-3	0.00000E+0
4.91689E+0	-9.27734E-2	6.87038E-4	0.00000E+0
4.91787E+0	-9.27734E-2	1.88537E-3	0.00000E+0
4.92031E+0	-9.27246E-2	2.28919E-3	4.88281E-4
4.92231E+0	-9.27734E-2	1.40441E-3	0.00000E+0
4.92632E+0	-9.28223E-2	1.40441E-3	4.88281E-4
4.92856E+0	-9.27734E-2	2.36932E-3	0.00000E+0
4.93193E+0	-9.27734E-2	1.35644E-3	0.00000E+0
4.93535E+0	-9.27734E-2	2.09587E-3	0.00000E+0
4.93589E+0	-9.27246E-2	1.65038E-3	4.88281E-4
4.93638E+0	-9.27734E-2	8.37142E-4	0.00000E+0
4.93652E+0	-9.27246E-2	0.00000E+0	4.88281E-4
4.93936E+0	-9.26270E-2	2.42209E-3	8.37142E-4
4.94141E+0	-9.23828E-2	6.94013E-4	1.33135E-3
4.94175E+0	-9.25781E-2	1.25211E-3	9.61652E-4
4.94424E+0	-9.26270E-2	2.42209E-3	8.37142E-4
4.94629E+0	-9.21875E-2	0.00000E+0	1.59472E-3
4.94629E+0	-9.20410E-2	0.00000E+0	1.75230E-3
4.94644E+0	-9.18457E-2	8.37142E-4	1.92518E-3
4.94805E+0	-9.13086E-2	2.35556E-3	2.24886E-3
4.94888E+0	-9.19434E-2	2.44928E-3	1.84338E-3
4.95059E+0	-9.19922E-2	1.59472E-3	1.79909E-3
4.95449E+0	-9.16016E-2	2.28919E-3	2.09587E-3
4.95601E+0	-9.14062E-2	4.88281E-4	2.20342E-3
4.95605E+0	-9.14062E-2	0.00000E+0	2.20342E-3
4.95605E+0	-9.13086E-2	0.00000E+0	2.24886E-3
4.95605E+0	-9.09668E-2	0.00000E+0	2.36932E-3
4.95605E+0	-9.04297E-2	0.00000E+0	2.45174E-3
4.95605E+0	-9.09668E-2	0.00000E+0	2.36932E-3
4.95605E+0	-9.00879E-2	0.00000E+0	2.44141E-3
4.95630E+0	-9.12109E-2	1.06955E-3	2.28919E-3
4.96401E+0	-8.98926E-2	2.36932E-3	2.41363E-3
4.96997E+0	-8.96973E-2	1.75230E-3	2.36932E-3
4.97114E+0	-8.91113E-2	1.40441E-3	2.12497E-3
4.97344E+0	-8.94531E-2	2.43597E-3	2.28919E-3
4.97549E+0	-8.82813E-2	6.87038E-4	1.33135E-3
4.97559E+0	-8.86230E-2	0.00000E+0	1.75230E-3
4.97559E+0	-8.81348E-2	0.00000E+0	1.06955E-3
4.97559E+0	-8.81348E-2	0.00000E+0	1.06955E-3
4.97559E+0	-8.81348E-2	0.00000E+0	1.06955E-3
4.97559E+0	-8.80371E-2	0.00000E+0	8.37142E-4
4.97578E+0	-8.84766E-2	9.61652E-4	1.59472E-3
4.98096E+0	-8.79395E-2	2.81909E-3	4.88281E-4
4.98535E+0	-8.79395E-2	0.00000E+0	4.88281E-4
4.98535E+0	-8.78906E-2	0.00000E+0	0.00000E+0
4.98682E+0	-8.78906E-2	2.24886E-3	0.00000E+0
4.99014E+0	-8.78906E-2	6.87038E-4	0.00000E+0
4.99185E+0	-8.78906E-2	2.30753E-3	0.00000E+0
4.99473E+0	-8.78906E-2	1.33135E-3	0.00000E+0
4.99517E+0	-8.78906E-2	4.88281E-4	0.00000E+0
4.99888E+0	-8.78906E-2	2.06520E-3	0.00000E+0
5.00073E+0	-8.78906E-2	1.75230E-3	0.00000E+0
5.00273E+0	-8.78906E-2	2.43597E-3	0.00000E+0
5.00493E+0	-8.78906E-2	4.88281E-4	0.00000E+0
5.00669E+0	-8.78906E-2	2.36932E-3	0.00000E+0
5.00977E+0	-8.78906E-2	0.00000E+0	0.00000E+0
5.01021E+0	-8.78906E-2	1.40441E-3	0.00000E+0
5.01367E+0	-8.78418E-2	1.96296E-3	4.88281E-4
5.01523E+0	-8.78906E-2	1.59472E-3	0.00000E+0
5.01904E+0	-8.74023E-2	1.47222E-3	1.47222E-3
5.01953E+0	-8.73535E-2	0.00000E+0	1.53548E-3
5.02173E+0	-8.71094E-2	2.44141E-3	1.79909E-3
5.02432E+0	-8.62305E-2	6.87038E-4	2.32468E-3
5.02695E+0	-8.47168E-2	2.45174E-3	2.34069E-3
5.02832E+0	-8.45703E-2	1.96296E-3	2.28919E-3
5.02920E+0	-8.46191E-2	9.76562E-4	2.30753E-3
5.03188E+0	-8.45215E-2	2.44928E-3	2.26964E-3
5.03413E+0	-8.42773E-2	4.88281E-4	2.15256E-3
5.03413E+0	-8.40332E-2	4.88281E-4	1.99883E-3
5.03418E+0	-8.39844E-2	0.00000E+0	1.96296E-3
5.03472E+0	-8.32520E-2	1.53548E-3	1.06955E-3
5.03643E+0	-8.34473E-2	2.44584E-3	1.40441E-3
5.03892E+0	-8.33496E-2	8.37142E-4	1.25211E-3
5.03950E+0	-8.35449E-2	1.40441E-3	1.53548E-3
5.04077E+0	-8.34961E-2	2.34069E-3	1.47222E-3
5.04351E+0	-8.40820E-2	1.40441E-3	2.03288E-3
5.04395E+0	-8.42285E-2	0.00000E+0	2.12497E-3
5.04404E+0	-8.51074E-2	6.87038E-4	2.42954E-3
5.04556E+0	-8.40332E-2	2.30753E-3	1.99883E-3
5.04902E+0	-8.40820E-2	1.53939E-3	2.03288E-3
5.05181E+0	-8.45215E-2	2.39359E-3	2.26964E-3
5.05234E+0	-8.54492E-2	2.20342E-3	2.45371E-3
5.05312E+0	-8.54004E-2	1.59472E-3	2.45321E-3
5.05391E+0	-8.33984E-2	9.61652E-4	1.33135E-3
5.05840E+0	-8.65723E-2	1.37408E-3	2.17869E-3
5.06064E+0	-8.78906E-2	2.42209E-3	0.00000E+0
5.06216E+0	-8.78906E-2	2.17869E-3	0.00000E+0
5.06436E+0	-8.78906E-2	2.80882E-3	0.00000E+0
5.07422E+0	-8.78906E-2	2.59676E-3	0.00000E+0
5.07822E+0	-8.79883E-2	6.87038E-4	6.87038E-4
5.08223E+0	-8.85254E-2	1.79909E-3	1.65038E-3
5.08394E+0	-8.89648E-2	1.92518E-3	2.03288E-3
5.08774E+0	-8.96484E-2	8.37142E-4	2.35556E-3
5.08833E+0	-9.09668E-2	1.40441E-3	2.36932E-3
5.08984E+0	-9.16016E-2	2.40413E-3	2.09587E-3
5.09067E+0	-9.17969E-2	2.42954E-3	1.96296E-3
5.09058E+0	-9.23340E-2	2.44141E-3	1.40441E-3
5.09053E+0	-9.24805E-2	2.44584E-3	1.16545E-3
5.09077E+0	-9.25781E-2	2.41363E-3	9.61652E-4
5.09116E+0	-9.24316E-2	2.30753E-3	1.25211E-3
5.09209E+0	-9.25781E-2	1.70281E-3	9.61652E-4
5.09355E+0	-9.27246E-2	1.79909E-3	4.88281E-4
5.09712E+0	-9.27734E-2	1.53548E-3	0.00000E+0
5.09775E+0	-9.27734E-2	6.87038E-4	0.00000E+0
5.10190E+0	-9.27734E-2	1.65038E-3	0.00000E+0
5.10381E+0	-9.27734E-2	2.15256E-3	0.00000E+0
5.10713E+0	-9.27734E-2	1.16545E-3	0.00000E+0
5.10776E+0	-9.27734E-2	1.25211E-3	0.00000E+0
5.10908E+0	-9.27734E-2	2.32468E-3	0.00000E+0
5.11172E+0	-9.27734E-2	1.59472E-3	0.00000E+0
5.11318E+0	-9.27734E-2	1.88537E-3	0.00000E+0
5.11660E+0	-9.27734E-2	1.59472E-3	0.00000E+0
5.11719E+0	-9.28223E-2	0.00000E+0	4.88281E-4
5.11719E+0	-9.27734E-2	0.00000E+0	0.00000E+0
5.11719E+0	-9.27734E-2	0.00000E+0	0.00000E+0
5.11719E+0	-9.27734E-2	0.00000E+0	0.00000E+0
5.11792E+0	-9.27734E-2	1.75230E-3	0.00000E+0
5.12173E+0	-9.27734E-2	1.25211E-3	0.00000E+0
5.12314E+0	-9.27734E-2	2.03288E-3	0.00000E+0
5.12646E+0	-9.27734E-2	1.47222E-3	0.00000E+0
5.12690E+0	-9.27734E-2	4.88281E-4	0.00000E+0
5.12695E+0	-9.27734E-2	0.00000E+0	0.00000E+0
5.12764E+0	-9.27734E-2	1.70281E-3	0.00000E+0
5.12866E+0	-9.27734E-2	2.34069E-3	0.00000E+0
5.13047E+0	-9.28223E-2	2.20342E-3	4.88281E-4
5.13057E+0	-9.27734E-2	2.15256E-3	0.00000E+0
5.13081E+0	-9.27734E-2	1.99883E-3	0.00000E+0
5.13066E+0	-9.27734E-2	2.09587E-3	0.00000E+0
5.13149E+0	-9.27734E-2	1.25211E-3	0.00000E+0
5.13252E+0	-9.27734E-2	1.70281E-3	0.00000E+0
5.13516E+0	-9.27734E-2	2.28919E-3	0.00000E+0
5.13672E+0	-9.27734E-2	0.00000E+0	0.00000E+0
5.13672E+0	-9.27734E-2	0.00000E+0	0.00000E+0
5.13672E+0	-9.28223E-2	0.00000E+0	4.88281E-4
5.13687E+0	-9.27734E-2	8.37142E-4	0.00000E+0
5.13691E+0	-9.27734E-2	9.61652E-4	0.00000E+0
5.13770E+0	-9.27734E-2	1.96296E-3	0.00000E+0
5.14106E+0	-9.27734E-2	1.53548E-3	0.00000E+0
5.14155E+0	-9.27734E-2	4.88281E-4	0.00000E+0
5.14136E+0	-9.27734E-2	1.06955E-3	0.00000E+0
5.14155E+0	-9.28223E-2	4.88281E-4	4.88281E-4
5.14316E+0	-9.27734E-2	2.28919E-3	0.00000E+0
5.14629E+0	-9.27734E-2	9.61652E-4	0.00000E+0
5.14858E+0	-9.27734E-2	2.42954E-3	0.00000E+0
5.15112E+0	-9.27734E-2	1.06955E-3	0.00000E+0
5.15137E+0	-9.27734E-2	0.00000E+0	0.00000E+0
5.15186E+0	-9.27734E-2	1.47222E-3	0.00000E+0
5.15537E+0	-9.27734E-2	1.88537E-3	0.00000E+0
5.15693E+0	-9.27734E-2	1.70281E-3	0.00000E+0
5.16084E+0	-9.27734E-2	1.35644E-3	0.00000E+0
5.16211E+0	-9.27734E-2	1.96296E-3	0.00000E+0
5.16440E+0	-9.27734E-2	2.30753E-3	0.00000E+0
5.16563E+0	-9.27734E-2	1.33135E-3	0.00000E+0
5.16675E+0	-9.27734E-2	1.75230E-3	0.00000E+0
5.16973E+0	-9.27734E-2	2.09587E-3	0.00000E+0
5.17075E+0	-9.27734E-2	8.37142E-4	0.00000E+0
5.17061E+0	-9.27734E-2	1.16545E-3	0.00000E+0
5.17100E+0	-9.27734E-2	6.87038E-4	0.00000E+0
5.17495E+0	-9.27734E-2	1.84338E-3	0.00000E+0
5.17578E+0	-9.27734E-2	0.00000E+0	0.00000E+0
5.17578E+0	-9.27734E-2	0.00000E+0	0.00000E+0
5.17578E+0	-9.27734E-2	0.00000E+0	0.00000E+0
5.17612E+0	-9.27734E-2	1.25211E-3	0.00000E+0
5.17983E+0	-9.27734E-2	1.84338E-3	0.00000E+0
5.18076E+0	-9.27734E-2	6.87038E-4	0.00000E+0
5.18345E+0	-9.28711E-2	2.42954E-3	6.87038E-4
5.18560E+0	-9.27734E-2	8.48571E-4	0.00000E+0
5.18896E+0	-9.27734E-2	2.24886E-3	0.00000E+0
5.19043E+0	-9.27734E-2	6.94013E-4	0.00000E+0
5.19058E+0	-9.27734E-2	8.37142E-4	0.00000E+0
5.19341E+0	-9.28223E-2	2.39359E-3	4.88281E-4
5.19521E+0	-9.27734E-2	6.87038E-4	0.00000E+0
5.19531E+0	-9.27734E-2	0.00000E+0	0.00000E+0
5.19546E+0	-9.27734E-2	8.37142E-4	0.00000E+0
5.19897E+0	-9.27734E-2	2.12497E-3	0.00000E+0
5.20259E+0	-9.27734E-2	2.45321E-3	0.00000E+0
5.20508E+0	-9.27734E-2	0.00000E+0	0.00000E+0
5.20513E+0	-9.27734E-2	4.88281E-4	0.00000E+0
5.20513E+0	-9.27734E-2	4.88281E-4	0.00000E+0
5.20522E+0	-9.27734E-2	8.37142E-4	0.00000E+0
5.20522E+0	-9.27734E-2	8.37142E-4	0.00000E+0
5.20522E+0	-9.27734E-2	8.37142E-4	0.00000E+0
5.20542E+0	-9.27734E-2	1.25211E-3	0.00000E+0
5.20781E+0	-9.27734E-2	2.43597E-3	0.00000E+0
5.20996E+0	-9.27734E-2	0.00000E+0	0.00000E+0
5.21289E+0	-9.27734E-2	2.40413E-3	0.00000E+0
5.21577E+0	-9.27734E-2	1.92518E-3	0.00000E+0
5.21953E+0	-9.27734E-2	1.18593E-3	0.00000E+0
5.22349E+0	-9.27734E-2	2.28656E-3	0.00000E+0
5.22817E+0	-9.27734E-2	2.17869E-3	0.00000E+0
5.23203E+0	-9.27734E-2	2.45174E-3	0.00000E+0
5.23442E+0	-9.27734E-2	4.88281E-4	0.00000E+0
5.23569E+0	-9.27734E-2	2.17869E-3	0.00000E+0
5.23633E+0	-9.27734E-2	2.40413E-3	0.00000E+0
5.23872E+0	-9.27734E-2	1.53548E-3	0.00000E+0
5.23950E+0	-9.27734E-2	1.06955E-3	0.00000E+0
5.24185E+0	-9.27734E-2	2.44928E-3	0.00000E+0
5.24360E+0	-9.27734E-2	1.53548E-3	0.00000E+0
5.24355E+0	-9.27246E-2	1.59472E-3	4.88281E-4
5.24351E+0	-9.27734E-2	1.65038E-3	0.00000E+0
5.24346E+0	-9.27734E-2	1.70281E-3	0.00000E+0
5.24380E+0	-9.27246E-2	1.25211E-3	4.88281E-4
5.24380E+0	-9.27734E-2	1.25211E-3	0.00000E+0
5.24365E+0	-9.26758E-2	1.47222E-3	6.87038E-4
5.24409E+0	-9.27734E-2	4.88281E-4	0.00000E+0
5.24414E+0	-9.26758E-2	0.00000E+0	6.87038E-4
5.24414E+0	-9.27734E-2	0.00000E+0	0.00000E+0
5.24414E+0	-9.27246E-2	0.00000E+0	4.88281E-4
5.24741E+0	-9.26270E-2	2.30753E-3	8.37142E-4
5.25171E+0	-9.27246E-2	2.44141E-3	4.88281E-4
5.25547E+0	-9.27246E-2	3.59817E-3	4.88281E-4
5.26353E+0	-9.27734E-2	1.46484E-3	0.00000E+0
5.26851E+0	-9.27734E-2	1.90000E-3	0.00000E+0
5.27285E+0	-9.28223E-2	1.59472E-3	4.88281E-4
5.27563E+0	-9.27734E-2	2.44141E-3	0.00000E+0
5.27715E+0	-9.27734E-2	2.09587E-3	0.00000E+0
5.27832E+0	-9.28223E-2	0.00000E+0	4.88281E-4
5.28120E+0	-9.27734E-2	2.41363E-3	0.00000E+0
5.28765E+0	-9.27734E-2	1.40441E-3	0.00000E+0
5.29248E+0	-9.28223E-2	1.90063E-3	4.88281E-4
5.29746E+0	-9.27734E-2	1.50138E-3	0.00000E+0
5.30317E+0	-9.27734E-2	2.31170E-3	0.00000E+0
5.30786E+0	-9.26758E-2	1.27498E-3	6.87038E-4
5.31104E+0	-9.23828E-2	2.24886E-3	1.33135E-3
5.31240E+0	-9.22363E-2	6.87038E-4	1.53548E-3
5.31250E+0	-9.18945E-2	0.00000E+0	1.88537E-3
5.31455E+0	-8.97949E-2	2.42209E-3	2.39359E-3
5.31865E+0	-8.80859E-2	2.15256E-3	9.61652E-4
5.32554E+0	-8.78906E-2	2.30753E-3	0.00000E+0
5.33125E+0	-8.57910E-2	1.79909E-3	2.42954E-3
5.33594E+0	-8.33008E-2	1.96296E-3	1.16545E-3
5.33950E+0	-8.26172E-2	2.44928E-3	1.33135E-3
5.34253E+0	-8.02734E-2	1.75230E-3	2.43597E-3
5.34668E+0	-7.84668E-2	0.00000E+0	1.25211E-3
5.34673E+0	-7.81250E-2	4.88281E-4	0.00000E+0
5.34678E+0	-7.81250E-2	6.87038E-4	0.00000E+0
5.34678E+0	-7.81738E-2	6.87038E-4	4.88281E-4
5.34687E+0	-7.81738E-2	9.61652E-4	4.88281E-4
5.34673E+0	-7.81250E-2	4.88281E-4	0.00000E+0
5.34678E+0	-7.81250E-2	6.87038E-4	0.00000E+0
5.34678E+0	-7.81250E-2	6.87038E-4	0.00000E+0
5.34668E+0	-7.81250E-2	0.00000E+0	0.00000E+0
5.34687E+0	-7.87109E-2	9.61652E-4	1.59472E-3
5.34678E+0	-7.83691E-2	6.87038E-4	1.06955E-3
5.34810E+0	-7.85645E-2	2.22680E-3	1.40441E-3
5.35483E+0	-7.78809E-2	2.30753E-3	1.06955E-3
5.35898E+0	-7.79297E-2	2.45174E-3	9.61652E-4
5.36113E+0	-7.79297E-2	9.61652E-4	9.61652E-4
5.36138E+0	-7.77344E-2	1.62686E-3	1.33135E-3
5.36577E+0	-7.80762E-2	1.97459E-3	4.88281E-4
5.37114E+0	-7.80762E-2	1.62686E-3	4.88281E-4
5.37520E+0	-7.82227E-2	1.79909E-3	6.87038E-4
5.37593E+0	-7.81250E-2	4.88281E-4	0.00000E+0
5.37598E+0	-7.81250E-2	0.00000E+0	0.00000E+0
5.37598E+0	-7.81250E-2	0.00000E+0	0.00000E+0
5.37603E+0	-7.83691E-2	4.88281E-4	1.06955E-3
5.37954E+0	-7.85156E-2	2.17869E-3	1.33135E-3
5.38120E+0	-7.88086E-2	1.25211E-3	1.70281E-3
5.38462E+0	-7.90039E-2	2.06520E-3	1.88537E-3
5.38574E+0	-7.98340E-2	0.00000E+0	2.34069E-3
5.38657E+0	-8.05664E-2	1.84338E-3	2.45371E-3
5.39268E+0	-8.12500E-2	2.42209E-3	2.35556E-3
5.39902E+0	-8.17383E-2	2.78298E-3	2.15256E-3
5.40542E+0	-8.20801E-2	1.08741E-3	1.92518E-3
5.40991E+0	-8.28125E-2	1.06955E-3	9.61652E-4
5.41016E+0	-8.27637E-2	0.00000E+0	1.06955E-3
5.41016E+0	-8.28125E-2	0.00000E+0	9.61652E-4
5.41021E+0	-8.26660E-2	4.88281E-4	1.25211E-3
5.41021E+0	-8.29102E-2	4.88281E-4	6.87038E-4
5.41094E+0	-8.30078E-2	1.79909E-3	0.00000E+0
5.41064E+0	-8.28125E-2	1.47222E-3	9.61652E-4
5.41226E+0	-8.28613E-2	2.42954E-3	8.37142E-4
5.41504E+0	-8.30078E-2	0.00000E+0	0.00000E+0
5.41729E+0	-8.30078E-2	2.44584E-3	0.00000E+0
5.41914E+0	-8.30078E-2	1.79909E-3	0.00000E+0
5.41963E+0	-8.30078E-2	1.16545E-3	0.00000E+0
5.41982E+0	-8.30078E-2	6.87038E-4	0.00000E+0
5.42173E+0	-8.30078E-2	2.36932E-3	0.00000E+0
5.42456E+0	-8.30566E-2	1.06955E-3	4.88281E-4
5.42778E+0	-8.32031E-2	2.39359E-3	9.61652E-4
5.42964E+0	-8.36426E-2	4.88281E-4	1.65038E-3
5.42964E+0	-8.34473E-2	4.88281E-4	1.40441E-3
5.43071E+0	-8.42285E-2	1.99883E-3	2.12497E-3
5.43452E+0	-8.57422E-2	4.88281E-4	2.43597E-3
5.43457E+0	-8.63281E-2	0.00000E+0	2.28919E-3
5.43647E+0	-8.70605E-2	2.39359E-3	1.84338E-3
5.43945E+0	-8.71094E-2	1.38803E-3	1.79909E-3
5.44277E+0	-8.77441E-2	2.28919E-3	8.37142E-4
5.44438E+0	-8.78906E-2	8.48571E-4	0.00000E+0
5.44741E+0	-8.78418E-2	2.36932E-3	4.88281E-4
5.45098E+0	-8.78906E-2	3.77073E-3	0.00000E+0
5.45752E+0	-8.78906E-2	3.50459E-3	0.00000E+0
5.45898E+0	-8.78906E-2	0.00000E+0	0.00000E+0
5.45918E+0	-8.78906E-2	9.61652E-4	0.00000E+0
5.46299E+0	-8.78906E-2	1.88537E-3	0.00000E+0
5.46685E+0	-8.78906E-2	2.39359E-3	0.00000E+0
5.46899E+0	-8.78906E-2	1.06955E-3	0.00000E+0
5.47031E+0	-8.79395E-2	2.28919E-3	4.88281E-4
5.47261E+0	-8.79395E-2	1.99883E-3	4.88281E-4
5.47427E+0	-8.78906E-2	1.65038E-3	0.00000E+0
5.47856E+0	-8.80371E-2	1.09623E-3	8.37142E-4
5.48369E+0	-8.95508E-2	1.94076E-3	2.32468E-3
5.48818E+0	-8.94531E-2	6.87038E-4	2.28919E-3
5.49028E+0	-9.12109E-2	2.41363E-3	2.28919E-3
5.49316E+0	-9.15039E-2	0.00000E+0	2.15256E-3
5.49673E+0	-9.15039E-2	2.17869E-3	2.15256E-3
5.49980E+0	-9.24316E-2	2.35556E-3	1.25211E-3
5.50513E+0	-9.24805E-2	2.44141E-3	1.16545E-3
5.51289E+0	-9.27246E-2	3.09751E-3	4.88281E-4
5.51978E+0	-9.27734E-2	2.44141E-3	0.00000E+0
5.52935E+0	-9.27734E-2	2.51142E-3	0.00000E+0
5.53657E+0	-9.27734E-2	2.49217E-3	0.00000E+0
5.54365E+0	-9.27734E-2	2.61708E-3	0.00000E+0
5.55005E+0	-9.27734E-2	2.34069E-3	0.00000E+0
5.55176E+0	-9.27734E-2	0.00000E+0	0.00000E+0
5.55176E+0	-9.27734E-2	0.00000E+0	0.00000E+0
5.55166E+0	-9.27734E-2	6.87038E-4	0.00000E+0
5.55400E+0	-9.27734E-2	2.44584E-3	0.00000E+0
5.55723E+0	-9.27734E-2	1.59472E-3	0.00000E+0
5.56406E+0	-9.27734E-2	2.54808E-3	0.00000E+0
5.56987E+0	-9.26758E-2	2.33244E-3	6.87038E-4
5.57490E+0	-9.26270E-2	2.15256E-3	8.37142E-4
5.57910E+0	-9.26758E-2	2.40413E-3	6.87038E-4
5.58311E+0	-9.27246E-2	2.42209E-3	4.88281E-4
5.58569E+0	-9.26758E-2	1.06955E-3	6.87038E-4
5.58594E+0	-9.27734E-2	0.00000E+0	0.00000E+0
5.58813E+0	-9.27246E-2	2.44141E-3	4.88281E-4
5.59399E+0	-9.27734E-2	2.34069E-3	0.00000E+0
5.59756E+0	-9.27734E-2	2.38199E-3	0.00000E+0
5.60415E+0	-9.27734E-2	2.38956E-3	0.00000E+0
5.60938E+0	-9.28223E-2	1.96296E-3	4.88281E-4
5.61025E+0	-9.27734E-2	6.87038E-4	0.00000E+0
5.61069E+0	-9.27734E-2	1.25211E-3	0.00000E+0
5.61123E+0	-9.27734E-2	1.88537E-3	0.00000E+0
5.61318E+0	-9.27734E-2	2.42209E-3	0.00000E+0
5.61523E+0	-9.27734E-2	0.00000E+0	0.00000E+0
5.61895E+0	-9.28223E-2	2.09587E-3	4.88281E-4
5.62256E+0	-9.27734E-2	2.45371E-3	0.00000E+0
5.62573E+0	-9.27734E-2	1.75230E-3	0.00000E+0
5.62939E+0	-9.27734E-2	1.47222E-3	0.00000E+0
5.63184E+0	-9.27734E-2	2.40413E-3	0.00000E+0
5.63477E+0	-9.27734E-2	0.00000E+0	0.00000E+0
5.63491E+0	-9.27734E-2	8.37142E-4	0.00000E+0
5.63491E+0	-9.27734E-2	8.37142E-4	0.00000E+0
5.63506E+0	-9.27734E-2	1.16545E-3	0.00000E+0
5.63672E+0	-9.27734E-2	2.40413E-3	0.00000E+0
5.63975E+0	-9.27734E-2	1.19805E-3	0.00000E+0
5.63975E+0	-9.27246E-2	6.87038E-4	4.88281E-4
5.63984E+0	-9.27734E-2	9.61652E-4	0.00000E+0
5.64238E+0	-9.27734E-2	2.43597E-3	0.00000E+0
5.64424E+0	-9.27734E-2	1.16545E-3	0.00000E+0
5.65127E+0	-9.27734E-2	4.53929E-3	0.00000E+0
5.65815E+0	-9.27246E-2	1.99883E-3	4.88281E-4
5.66104E+0	-9.26758E-2	2.38199E-3	6.87038E-4
5.66353E+0	-9.27246E-2	1.53548E-3	4.88281E-4
5.66406E+0	-9.27246E-2	0.00000E+0	4.88281E-4
5.66406E+0	-9.27246E-2	0.00000E+0	4.88281E-4
5.66406E+0	-9.27734E-2	0.00000E+0	0.00000E+0
5.66489E+0	-9.27734E-2	1.84338E-3	0.00000E+0
5.66748E+0	-9.27734E-2	2.24886E-3	0.00000E+0
5.66895E+0	-9.27734E-2	6.94013E-4	0.00000E+0
5.66997E+0	-9.27734E-2	1.99883E-3	0.00000E+0
5.67188E+0	-9.27734E-2	2.40413E-3	0.00000E+0
5.67363E+0	-9.27734E-2	9.61652E-4	0.00000E+0
5.67573E+0	-9.27734E-2	2.39359E-3	0.00000E+0
5.67832E+0	-9.28223E-2	1.33135E-3	4.88281E-4
5.67871E+0	-9.27734E-2	0.00000E+0	0.00000E+0
5.68037E+0	-9.27734E-2	2.32468E-3	0.00000E+0
5.68335E+0	-9.27734E-2	1.06955E-3	0.00000E+0
5.68330E+0	-9.27734E-2	1.16545E-3	0.00000E+0
5.68345E+0	-9.27734E-2	8.37142E-4	0.00000E+0
5.68335E+0	-9.27734E-2	1.06955E-3	0.00000E+0
5.68335E+0	-9.27734E-2	1.06955E-3	0.00000E+0
5.68340E+0	-9.27734E-2	9.61652E-4	0.00000E+0
5.68345E+0	-9.27734E-2	8.37142E-4	0.00000E+0
5.68335E+0	-9.27734E-2	1.06955E-3	0.00000E+0
5.68345E+0	-9.27734E-2	8.37142E-4	0.00000E+0
5.68350E+0	-9.27734E-2	6.87038E-4	0.00000E+0
5.68335E+0	-9.27734E-2	1.06955E-3	0.00000E+0
5.68350E+0	-9.27734E-2	6.87038E-4	0.00000E+0
5.68320E+0	-9.27734E-2	1.33135E-3	0.00000E+0
5.68350E+0	-9.27734E-2	6.87038E-4	0.00000E+0
5.68335E+0	-9.27734E-2	1.06955E-3	0.00000E+0
5.68306E+0	-9.27734E-2	1.53548E-3	0.00000E+0
5.68330E+0	-9.27734E-2	1.16545E-3	0.00000E+0
5.68350E+0	-9.27734E-2	6.87038E-4	0.00000E+0
5.68320E+0	-9.28223E-2	1.33135E-3	4.88281E-4
5.68330E+0	-9.27734E-2	1.16545E-3	0.00000E+0
