4.75112E+0	-9.27734E-2	8.37142E-4	0.00000E+0
4.75122E+0	-9.28223E-2	1.06955E-3	4.88281E-4
4.75103E+0	-9.27734E-2	4.88281E-4	0.00000E+0
4.75103E+0	-9.27246E-2	4.88281E-4	4.88281E-4
4.75107E+0	-9.27734E-2	6.87038E-4	0.00000E+0
4.75098E+0	-9.27734E-2	0.00000E+0	0.00000E+0
4.75098E+0	-9.27734E-2	0.00000E+0	0.00000E+0
4.75103E+0	-9.27734E-2	4.88281E-4	0.00000E+0
4.75112E+0	-9.28223E-2	8.37142E-4	4.88281E-4
4.75103E+0	-9.27734E-2	4.88281E-4	0.00000E+0
4.75103E+0	-9.28223E-2	4.88281E-4	4.88281E-4
4.75098E+0	-9.27734E-2	0.00000E+0	0.00000E+0
4.75107E+0	-9.27734E-2	6.87038E-4	0.00000E+0
4.75107E+0	-9.28223E-2	6.87038E-4	4.88281E-4
4.75107E+0	-9.27734E-2	6.87038E-4	0.00000E+0
4.75098E+0	-9.27734E-2	0.00000E+0	0.00000E+0
4.75098E+0	-9.27734E-2	0.00000E+0	0.00000E+0
4.75098E+0	-9.27734E-2	0.00000E+0	0.00000E+0
4.75107E+0	-9.28223E-2	6.87038E-4	4.88281E-4
4.75098E+0	-9.27734E-2	0.00000E+0	0.00000E+0
4.75098E+0	-9.27734E-2	0.00000E+0	0.00000E+0
4.75103E+0	-9.28223E-2	4.88281E-4	4.88281E-4
4.75098E+0	-9.27734E-2	0.00000E+0	0.00000E+0
4.75117E+0	-9.28711E-2	9.61652E-4	6.87038E-4
4.75103E+0	-9.27734E-2	4.88281E-4	0.00000E+0
4.75098E+0	-9.27734E-2	0.00000E+0	0.00000E+0
4.75098E+0	-9.27734E-2	0.00000E+0	0.00000E+0
4.75093E+0	-9.29199E-2	4.88281E-4	8.37142E-4
4.75405E+0	-9.27734E-2	2.36932E-3	0.00000E+0
4.75615E+0	-9.27734E-2	1.16545E-3	0.00000E+0
4.76021E+0	-9.27734E-2	1.53548E-3	0.00000E+0
4.76182E+0	-9.27734E-2	2.03288E-3	0.00000E+0
4.76523E+0	-9.27734E-2	1.33135E-3	0.00000E+0
4.76548E+0	-9.27734E-2	8.37142E-4	0.00000E+0
4.76563E+0	-9.27734E-2	0.00000E+0	0.00000E+0
4.76733E+0	-9.27246E-2	2.34069E-3	4.88281E-4
4.77100E+0	-9.26758E-2	1.62760E-3	6.87038E-4
4.77520E+0	-9.26758E-2	9.61652E-4	6.87038E-4
4.77588E+0	-9.27246E-2	1.47222E-3	4.88281E-4
4.77881E+0	-9.25781E-2	2.24886E-3	9.61652E-4
4.78013E+0	-9.25781E-2	8.37142E-4	9.61652E-4
4.78032E+0	-9.26270E-2	4.88281E-4	8.37142E-4
4.78101E+0	-9.26270E-2	1.75230E-3	8.37142E-4
4.78262E+0	-9.25781E-2	2.45174E-3	9.61652E-4
4.78486E+0	-9.26758E-2	1.35644E-3	6.87038E-4
4.78550E+0	-9.26758E-2	1.25211E-3	6.87038E-4
4.78555E+0	-9.27246E-2	1.33135E-3	4.88281E-4
4.78569E+0	-9.25781E-2	1.53548E-3	9.61652E-4
4.78574E+0	-9.27246E-2	1.59472E-3	4.88281E-4
4.78579E+0	-9.27734E-2	1.65038E-3	0.00000E+0
4.78569E+0	-9.27246E-2	1.53548E-3	4.88281E-4
4.78589E+0	-9.26270E-2	1.75230E-3	8.37142E-4
4.78560E+0	-9.26270E-2	1.40441E-3	8.37142E-4
4.78765E+0	-9.25781E-2	2.45321E-3	9.61652E-4
4.79014E+0	-9.27734E-2	9.76562E-4	0.00000E+0
4.79424E+0	-9.26758E-2	1.70281E-3	6.87038E-4
4.79536E+0	-9.27246E-2	1.40441E-3	4.88281E-4
4.79980E+0	-9.27734E-2	1.83619E-3	0.00000E+0
4.80303E+0	-9.27734E-2	2.32468E-3	0.00000E+0
4.80386E+0	-9.27734E-2	1.84338E-3	0.00000E+0
4.80400E+0	-9.27734E-2	1.70281E-3	0.00000E+0
4.80547E+0	-9.27734E-2	1.79909E-3	0.00000E+0
4.80957E+0	-9.27734E-2	1.20207E-3	0.00000E+0
4.81011E+0	-9.27734E-2	1.53548E-3	0.00000E+0
4.81069E+0	-9.28223E-2	2.06520E-3	4.88281E-4
4.81079E+0	-9.27734E-2	2.12497E-3	0.00000E+0
4.81021E+0	-9.27734E-2	1.65038E-3	0.00000E+0
4.81235E+0	-9.27734E-2	2.42954E-3	0.00000E+0
4.81445E+0	-9.27734E-2	0.00000E+0	0.00000E+0
4.81450E+0	-9.27734E-2	4.88281E-4	0.00000E+0
4.81768E+0	-9.27734E-2	2.32468E-3	0.00000E+0
4.81938E+0	-9.28223E-2	4.88281E-4	4.88281E-4
4.81934E+0	-9.27734E-2	0.00000E+0	0.00000E+0
4.81948E+0	-9.27734E-2	8.37142E-4	0.00000E+0
4.82290E+0	-9.27734E-2	2.17869E-3	0.00000E+0
4.82441E+0	-9.28223E-2	9.61652E-4	4.88281E-4
4.82700E+0	-9.27734E-2	2.42954E-3	0.00000E+0
4.83130E+0	-9.27734E-2	2.44141E-3	0.00000E+0
4.83398E+0	-9.27734E-2	0.00000E+0	0.00000E+0
4.83398E+0	-9.27734E-2	0.00000E+0	0.00000E+0
4.83398E+0	-9.27734E-2	0.00000E+0	0.00000E+0
4.83398E+0	-9.28711E-2	0.00000E+0	6.87038E-4
4.83403E+0	-9.27734E-2	4.88281E-4	0.00000E+0
4.83398E+0	-9.27734E-2	0.00000E+0	0.00000E+0
4.83398E+0	-9.27734E-2	0.00000E+0	0.00000E+0
4.83398E+0	-9.27734E-2	0.00000E+0	0.00000E+0
4.83472E+0	-9.27734E-2	1.75230E-3	0.00000E+0
4.84072E+0	-9.27734E-2	2.66812E-3	0.00000E+0
4.84390E+0	-9.27734E-2	8.37142E-4	0.00000E+0
4.84609E+0	-9.27734E-2	2.45174E-3	0.00000E+0
4.84829E+0	-9.27734E-2	1.25211E-3	0.00000E+0
4.84834E+0	-9.28223E-2	1.16545E-3	4.88281E-4
4.84937E+0	-9.27734E-2	1.75230E-3	0.00000E+0
4.85283E+0	-9.28223E-2	1.70281E-3	4.88281E-4
4.85386E+0	-9.28223E-2	1.25211E-3	4.88281E-4
4.85796E+0	-9.28223E-2	1.56653E-3	4.88281E-4
4.86172E+0	-9.27734E-2	2.28919E-3	0.00000E+0
4.86328E+0	-9.27734E-2	0.00000E+0	0.00000E+0
4.86328E+0	-9.28223E-2	0.00000E+0	4.88281E-4
4.86328E+0	-9.28223E-2	0.00000E+0	4.88281E-4
4.86328E+0	-9.27734E-2	0.00000E+0	0.00000E+0
4.86494E+0	-9.27734E-2	2.32468E-3	0.00000E+0
4.86826E+0	-9.28223E-2	9.76562E-4	4.88281E-4
4.87490E+0	-9.27734E-2	4.53929E-3	0.00000E+0
4.87822E+0	-9.27734E-2	1.16545E-3	0.00000E+0
4.88125E+0	-9.27734E-2	2.28919E-3	0.00000E+0
4.88345E+0	-9.27734E-2	1.65038E-3	0.00000E+0
4.88711E+0	-9.27734E-2	1.59472E-3	0.00000E+0
4.88770E+0	-9.27734E-2	0.00000E+0	0.00000E+0
4.88823E+0	-9.27734E-2	1.53548E-3	0.00000E+0
4.89204E+0	-9.27734E-2	1.53548E-3	0.00000E+0
4.89590E+0	-9.28223E-2	2.28919E-3	4.88281E-4
4.89761E+0	-9.27734E-2	8.37142E-4	0.00000E+0
4.90156E+0	-9.28223E-2	1.79909E-3	4.88281E-4
4.90234E+0	-9.27734E-2	0.00000E+0	0.00000E+0
4.90269E+0	-9.27734E-2	1.25211E-3	0.00000E+0
4.90630E+0	-9.28223E-2	1.92518E-3	4.88281E-4
4.90840E+0	-9.27734E-2	2.09587E-3	0.00000E+0
4.91191E+0	-9.28223E-2	9.61652E-4	4.88281E-4
4.91323E+0	-9.27734E-2	2.06520E-3	0.00000E+0
4.91680E+0	-9.27734E-2	9.61652E-4	0.00000E+0
4.91743E+0	-9.28223E-2	1.40441E-3	4.88281E-4
4.92109E+0	-9.27734E-2	1.79909E-3	0.00000E+0
4.92261E+0	-9.27734E-2	1.75230E-3	0.00000E+0
4.92593E+0	-9.27734E-2	1.84338E-3	0.00000E+0
4.92676E+0	-9.27734E-2	0.00000E+0	0.00000E+0
4.92676E+0	-9.27734E-2	0.00000E+0	0.00000E+0
4.92866E+0	-9.27734E-2	2.39359E-3	0.00000E+0
4.93154E+0	-9.27734E-2	9.76562E-4	0.00000E+0
4.93325E+0	-9.27734E-2	2.30753E-3	0.00000E+0
4.93623E+0	-9.27734E-2	1.16545E-3	0.00000E+0
4.93652E+0	-9.27734E-2	0.00000E+0	0.00000E+0
4.93740E+0	-9.27734E-2	1.88537E-3	0.00000E+0
4.94102E+0	-9.27734E-2	1.33135E-3	0.00000E+0
4.94482E+0	-9.27734E-2	2.24886E-3	0.00000E+0
4.94805E+0	-9.26270E-2	2.35556E-3	8.37142E-4
4.95103E+0	-9.26270E-2	8.37142E-4	8.37142E-4
4.95132E+0	-9.26758E-2	8.37142E-4	6.87038E-4
4.95459E+0	-9.22363E-2	2.24886E-3	1.53548E-3
4.95669E+0	-9.16992E-2	1.65038E-3	2.03288E-3
4.96089E+0	-9.03809E-2	1.47141E-3	2.45321E-3
4.96367E+0	-8.94043E-2	2.43597E-3	2.26964E-3
4.96411E+0	-8.88672E-2	2.34069E-3	1.96296E-3
4.96372E+0	-8.88184E-2	2.42954E-3	1.92518E-3
4.96484E+0	-8.92578E-2	1.96296E-3	2.20342E-3
4.96582E+0	-8.86230E-2	9.81482E-4	1.75230E-3
4.97070E+0	-8.83301E-2	2.59676E-3	1.40441E-3
4.97544E+0	-8.78906E-2	8.37142E-4	0.00000E+0
4.97559E+0	-8.78906E-2	0.00000E+0	0.00000E+0
4.97656E+0	-8.78906E-2	1.96296E-3	0.00000E+0
4.98086E+0	-8.77441E-2	1.33135E-3	8.37142E-4
4.98511E+0	-8.76465E-2	1.27498E-3	1.06955E-3
4.98950E+0	-8.63281E-2	2.00844E-3	2.28919E-3
4.99458E+0	-8.38379E-2	1.53548E-3	1.84338E-3
4.99526E+0	-8.32031E-2	8.37142E-4	9.61652E-4
4.99663E+0	-8.31055E-2	2.26964E-3	6.87038E-4
5.00122E+0	-8.30078E-2	2.34069E-3	0.00000E+0
5.00605E+0	-8.29590E-2	2.09587E-3	4.88281E-4
5.00957E+0	-8.30078E-2	9.61652E-4	0.00000E+0
5.00977E+0	-8.30078E-2	0.00000E+0	0.00000E+0
5.00977E+0	-8.30566E-2	6.94013E-4	4.88281E-4
5.01304E+0	-8.32520E-2	2.30753E-3	1.06955E-3
5.01484E+0	-8.33496E-2	9.61652E-4	1.25211E-3
5.01816E+0	-8.38867E-2	2.20342E-3	1.88537E-3
5.01973E+0	-8.46680E-2	9.61652E-4	2.32468E-3
5.02324E+0	-8.54492E-2	2.09587E-3	2.45371E-3
5.02456E+0	-8.60352E-2	8.37142E-4	2.38199E-3
5.02700E+0	-8.77441E-2	2.44928E-3	8.37142E-4
5.03149E+0	-8.76953E-2	2.44141E-3	9.61652E-4
5.03442E+0	-8.78906E-2	1.27498E-3	0.00000E+0
5.03843E+0	-8.79395E-2	1.65038E-3	4.88281E-4
5.04170E+0	-8.79883E-2	2.44584E-3	6.87038E-4
5.04663E+0	-8.89160E-2	2.44141E-3	1.99883E-3
5.05127E+0	-9.07227E-2	2.45371E-3	2.42209E-3
5.05361E+0	-9.10156E-2	6.87038E-4	2.35556E-3
5.05376E+0	-9.22363E-2	4.88281E-4	1.53548E-3
5.05640E+0	-9.23828E-2	2.44141E-3	1.33135E-3
5.05854E+0	-9.26270E-2	4.88281E-4	8.37142E-4
5.05972E+0	-9.26758E-2	2.06520E-3	6.87038E-4
5.06167E+0	-9.26270E-2	2.36932E-3	8.37142E-4
5.06309E+0	-9.25293E-2	1.33135E-3	1.06955E-3
5.06553E+0	-9.25781E-2	3.99766E-3	9.61652E-4
5.07480E+0	-9.27734E-2	2.28919E-3	0.00000E+0
5.08027E+0	-9.27246E-2	2.43597E-3	4.88281E-4
5.08711E+0	-9.26270E-2	1.79909E-3	8.37142E-4
5.09253E+0	-9.25781E-2	2.97496E-3	9.61652E-4
5.09917E+0	-9.26270E-2	2.26964E-3	8.37142E-4
5.10254E+0	-9.21387E-2	0.00000E+0	1.65038E-3
5.10259E+0	-9.21875E-2	4.88281E-4	1.59472E-3
5.10264E+0	-9.23340E-2	6.87038E-4	1.40441E-3
5.10259E+0	-9.23340E-2	4.88281E-4	1.40441E-3
5.10254E+0	-9.23340E-2	0.00000E+0	1.40441E-3
5.10264E+0	-9.25293E-2	6.87038E-4	1.06955E-3
5.10254E+0	-9.20898E-2	0.00000E+0	1.70281E-3
5.10420E+0	-9.21875E-2	2.32468E-3	1.59472E-3
5.10737E+0	-9.26758E-2	8.48571E-4	6.87038E-4
5.10947E+0	-9.24316E-2	2.42209E-3	1.25211E-3
5.11240E+0	-9.25293E-2	1.19805E-3	1.06955E-3
5.11587E+0	-9.27246E-2	2.17869E-3	4.88281E-4
5.11719E+0	-9.26270E-2	0.00000E+0	8.37142E-4
5.11719E+0	-9.24805E-2	0.00000E+0	1.16545E-3
5.11719E+0	-9.23828E-2	0.00000E+0	1.33135E-3
5.11719E+0	-9.25781E-2	0.00000E+0	9.61652E-4
5.12129E+0	-9.24316E-2	1.92831E-3	1.25211E-3
5.12642E+0	-9.25293E-2	1.53548E-3	1.06955E-3
5.12725E+0	-9.26758E-2	1.16545E-3	6.87038E-4
5.13145E+0	-9.27734E-2	1.33135E-3	0.00000E+0
5.13267E+0	-9.27246E-2	1.84338E-3	4.88281E-4
5.13623E+0	-9.27246E-2	1.47222E-3	4.88281E-4
5.13672E+0	-9.27734E-2	0.00000E+0	0.00000E+0
5.13682E+0	-9.27734E-2	6.87038E-4	0.00000E+0
5.13887E+0	-9.27734E-2	2.43597E-3	0.00000E+0
5.14146E+0	-9.27734E-2	8.37142E-4	0.00000E+0
5.14507E+0	-9.27734E-2	2.22680E-3	0.00000E+0
5.14922E+0	-9.27734E-2	2.43597E-3	0.00000E+0
5.15293E+0	-9.27734E-2	2.28919E-3	0.00000E+0
5.15625E+0	-9.27734E-2	0.00000E+0	0.00000E+0
5.15942E+0	-9.27734E-2	2.34069E-3	0.00000E+0
5.16382E+0	-9.27734E-2	2.44141E-3	0.00000E+0
5.16592E+0	-9.27734E-2	6.87038E-4	0.00000E+0
5.16602E+0	-9.28223E-2	0.00000E+0	4.88281E-4
5.16782E+0	-9.27734E-2	2.36932E-3	0.00000E+0
5.17041E+0	-9.27734E-2	1.47222E-3	0.00000E+0
5.17119E+0	-9.27734E-2	1.16545E-3	0.00000E+0
5.17451E+0	-9.27734E-2	2.15256E-3	0.00000E+0
5.17593E+0	-9.27734E-2	8.37142E-4	0.00000E+0
5.17949E+0	-9.28223E-2	2.09587E-3	4.88281E-4
5.18086E+0	-9.27734E-2	9.61652E-4	0.00000E+0
5.18428E+0	-9.27734E-2	2.15256E-3	0.00000E+0
5.18750E+0	-9.27734E-2	2.40413E-3	0.00000E+0
5.19111E+0	-9.27734E-2	1.70281E-3	0.00000E+0
5.19497E+0	-9.28223E-2	1.25211E-3	4.88281E-4
5.19531E+0	-9.27734E-2	0.00000E+0	0.00000E+0
5.19570E+0	-9.27734E-2	1.33135E-3	0.00000E+0
5.19971E+0	-9.27734E-2	1.47222E-3	0.00000E+0
5.20337E+0	-9.28223E-2	2.34069E-3	4.88281E-4
5.20522E+0	-9.28223E-2	8.37142E-4	4.88281E-4
5.20664E+0	-9.27734E-2	2.28919E-3	0.00000E+0
5.20947E+0	-9.28223E-2	1.47222E-3	4.88281E-4
5.21011E+0	-9.27734E-2	8.37142E-4	0.00000E+0
5.21187E+0	-9.28223E-2	2.39359E-3	4.88281E-4
5.21475E+0	-9.28223E-2	6.87038E-4	4.88281E-4
5.21489E+0	-9.27734E-2	4.88281E-4	0.00000E+0
5.21602E+0	-9.27734E-2	2.09587E-3	0.00000E+0
5.21943E+0	-9.27734E-2	1.16545E-3	0.00000E+0
5.22134E+0	-9.28711E-2	2.30753E-3	6.87038E-4
5.22520E+0	-9.27734E-2	1.87255E-3	0.00000E+0
5.22949E+0	-9.27734E-2	6.94013E-4	0.00000E+0
5.23057E+0	-9.27734E-2	2.03288E-3	0.00000E+0
5.23267E+0	-9.27734E-2	2.34069E-3	0.00000E+0
5.23296E+0	-9.27734E-2	2.22680E-3	0.00000E+0
5.23423E+0	-9.26758E-2	8.37142E-4	6.87038E-4
5.23574E+0	-9.13574E-2	2.20342E-3	2.22680E-3
5.23926E+0	-8.89648E-2	9.81482E-4	2.03288E-3
5.24170E+0	-8.81348E-2	2.45371E-3	1.06955E-3
5.24395E+0	-8.80859E-2	9.61652E-4	9.61652E-4
5.24414E+0	-8.79395E-2	0.00000E+0	4.88281E-4
5.24414E+0	-8.78906E-2	0.00000E+0	0.00000E+0
5.24414E+0	-8.78906E-2	0.00000E+0	0.00000E+0
5.24624E+0	-8.76465E-2	2.42954E-3	1.06955E-3
5.25186E+0	-8.30566E-2	2.42209E-3	2.24832E-3
5.25400E+0	-7.70996E-2	9.76562E-4	2.33244E-3
5.25449E+0	-7.50977E-2	2.33089E-3	2.38199E-3
5.25996E+0	-7.32422E-2	4.76398E-3	1.83619E-3
5.26445E+0	-6.88965E-2	1.79909E-3	1.82236E-3
5.27104E+0	-6.09375E-2	2.54949E-3	4.97951E-3
5.27739E+0	-4.82422E-2	1.92518E-3	3.55779E-3
5.27998E+0	-4.03809E-2	2.32468E-3	2.76344E-3
5.28135E+0	-3.73535E-2	2.38199E-3	2.34069E-3
5.28262E+0	-3.85742E-2	1.59472E-3	1.90063E-3
5.28320E+0	-3.88672E-2	1.20207E-3	1.95312E-3
5.28350E+0	-3.55469E-2	1.16545E-3	3.33415E-3
5.28413E+0	-3.08594E-2	1.92518E-3	2.58561E-3
5.28682E+0	-3.01270E-2	2.15256E-3	2.20069E-3
5.28809E+0	-3.16406E-2	0.00000E+0	2.54808E-3
5.29043E+0	-2.93945E-2	2.45174E-3	1.83356E-3
5.29258E+0	-2.70996E-2	1.33135E-3	2.44141E-3
5.29287E+0	-2.53418E-2	6.87038E-4	2.37338E-3
5.29297E+0	-2.63184E-2	0.00000E+0	2.39359E-3
5.29292E+0	-2.57812E-2	4.88281E-4	2.31013E-3
5.29302E+0	-2.52930E-2	4.88281E-4	2.44190E-3
5.29536E+0	-2.51465E-2	2.45321E-3	2.34069E-3
5.29824E+0	-2.56348E-2	1.33135E-3	2.23543E-3
5.30269E+0	-2.70508E-2	1.47141E-3	2.44584E-3
5.30654E+0	-2.89063E-2	2.03288E-3	2.26805E-3
5.30791E+0	-3.12500E-2	1.16545E-3	2.40413E-3
5.31060E+0	-3.16406E-2	2.39359E-3	2.45174E-3
5.31196E+0	-3.03711E-2	1.53548E-3	2.36168E-3
5.31182E+0	-3.09082E-2	1.70281E-3	2.30753E-3
5.31187E+0	-3.17383E-2	1.65038E-3	2.54997E-3
5.31245E+0	-3.18848E-2	4.88281E-4	2.72836E-3
5.31250E+0	-3.15918E-2	0.00000E+0	2.44928E-3
5.31260E+0	-3.19336E-2	6.87038E-4	2.63542E-3
5.31650E+0	-3.45703E-2	1.88537E-3	3.07879E-3
5.32197E+0	-3.74512E-2	3.38718E-3	2.30753E-3
5.32993E+0	-4.16504E-2	2.42954E-3	2.44928E-3
5.33530E+0	-4.38965E-2	2.30753E-3	1.76871E-3
5.33701E+0	-4.54102E-2	6.87038E-4	2.24886E-3
5.33730E+0	-4.61914E-2	1.33135E-3	2.44584E-3
5.33745E+0	-4.64844E-2	1.53548E-3	2.45174E-3
5.33726E+0	-4.59961E-2	1.25211E-3	2.42209E-3
5.33706E+0	-4.60449E-2	8.37142E-4	2.42954E-3
5.33853E+0	-4.65820E-2	2.30753E-3	2.44584E-3
5.34165E+0	-4.64844E-2	8.37142E-4	2.45174E-3
5.34443E+0	-4.68750E-2	2.44584E-3	2.40413E-3
5.34927E+0	-4.83398E-2	2.44928E-3	1.47222E-3
5.35488E+0	-4.94141E-2	2.28919E-3	1.59472E-3
5.35776E+0	-5.10254E-2	2.17869E-3	2.44141E-3
5.36094E+0	-5.24414E-2	1.33135E-3	2.15256E-3
5.36245E+0	-5.28320E-2	2.06520E-3	1.88537E-3
5.36538E+0	-5.33203E-2	1.84338E-3	1.50138E-3
5.36660E+0	-5.43457E-2	1.33135E-3	2.15647E-3
5.37090E+0	-5.69336E-2	9.61652E-4	2.32468E-3
5.37402E+0	-5.87402E-2	2.40413E-3	1.46484E-3
5.37598E+0	-6.03027E-2	0.00000E+0	2.34069E-3
5.37598E+0	-6.20117E-2	0.00000E+0	2.24886E-3
5.37788E+0	-6.34766E-2	2.39359E-3	9.81482E-4
5.38076E+0	-6.44531E-2	6.87038E-4	1.96296E-3
5.38320E+0	-6.72363E-2	2.45174E-3	2.06520E-3
5.38564E+0	-6.81641E-2	6.87038E-4	9.61652E-4
5.38574E+0	-6.83594E-2	0.00000E+0	0.00000E+0
5.38589E+0	-6.83594E-2	8.37142E-4	0.00000E+0
5.38608E+0	-6.84082E-2	1.25211E-3	4.88281E-4
5.38906E+0	-6.87012E-2	2.28919E-3	1.25211E-3
5.39072E+0	-7.05566E-2	6.87038E-4	2.44141E-3
5.39370E+0	-7.30469E-2	2.36932E-3	1.53939E-3
5.39575E+0	-7.63184E-2	1.06955E-3	2.36932E-3
5.39985E+0	-7.79297E-2	1.68504E-3	9.61652E-4
5.40410E+0	-7.83203E-2	2.09587E-3	9.61652E-4
5.40718E+0	-8.07129E-2	2.39359E-3	2.44928E-3
5.41045E+0	-8.28125E-2	1.16545E-3	9.61652E-4
5.41445E+0	-8.30078E-2	1.59472E-3	0.00000E+0
5.41631E+0	-8.35937E-2	2.15256E-3	1.59472E-3
5.41992E+0	-8.62793E-2	0.00000E+0	2.30753E-3
5.42231E+0	-8.70117E-2	2.45321E-3	1.88537E-3
5.42495E+0	-8.75977E-2	1.46484E-3	1.16545E-3
5.42915E+0	-8.78906E-2	1.53548E-3	0.00000E+0
5.42974E+0	-8.78906E-2	4.88281E-4	0.00000E+0
5.43135E+0	-8.78906E-2	2.32468E-3	0.00000E+0
5.43423E+0	-8.78906E-2	1.25211E-3	0.00000E+0
5.43516E+0	-8.79395E-2	1.59472E-3	4.88281E-4
5.43896E+0	-8.79883E-2	1.47222E-3	6.87038E-4
5.43970E+0	-8.80371E-2	1.06955E-3	8.37142E-4
5.44248E+0	-8.83301E-2	2.38199E-3	1.40441E-3
5.44434E+0	-8.92578E-2	0.00000E+0	2.20342E-3
5.44746E+0	-8.96484E-2	2.35556E-3	2.35556E-3
5.45605E+0	-9.17480E-2	4.49772E-3	1.99883E-3
5.45898E+0	-9.21875E-2	0.00000E+0	1.59472E-3
5.45898E+0	-9.24316E-2	0.00000E+0	1.25211E-3
5.46226E+0	-9.26270E-2	2.30753E-3	8.37142E-4
5.46724E+0	-9.27734E-2	2.26964E-3	0.00000E+0
5.46870E+0	-9.27734E-2	4.88281E-4	0.00000E+0
5.46934E+0	-9.27734E-2	1.73919E-3	0.00000E+0
5.47324E+0	-9.27734E-2	1.33135E-3	0.00000E+0
5.47471E+0	-9.27734E-2	2.03288E-3	0.00000E+0
5.47827E+0	-9.27734E-2	1.06955E-3	0.00000E+0
5.47974E+0	-9.27734E-2	2.12497E-3	0.00000E+0
5.48325E+0	-9.28223E-2	1.29001E-3	4.88281E-4
5.48726E+0	-9.27734E-2	1.99883E-3	0.00000E+0
5.48843E+0	-9.27734E-2	8.37142E-4	0.00000E+0
5.49229E+0	-9.27734E-2	1.88537E-3	0.00000E+0
5.49312E+0	-9.27734E-2	4.88281E-4	0.00000E+0
5.49419E+0	-9.27734E-2	1.99883E-3	0.00000E+0
5.49785E+0	-9.27734E-2	9.61652E-4	0.00000E+0
5.49819E+0	-9.27734E-2	8.37142E-4	0.00000E+0
5.50166E+0	-9.27734E-2	2.15256E-3	0.00000E+0
5.50283E+0	-9.27734E-2	6.87038E-4	0.00000E+0
5.50342E+0	-9.28223E-2	1.47222E-3	4.88281E-4
5.50737E+0	-9.27734E-2	1.84860E-3	0.00000E+0
5.51157E+0	-9.27734E-2	2.06520E-3	0.00000E+0
5.51475E+0	-9.27734E-2	2.42209E-3	0.00000E+0
5.51748E+0	-9.27734E-2	6.87038E-4	0.00000E+0
5.51758E+0	-9.27734E-2	0.00000E+0	0.00000E+0
5.51846E+0	-9.27734E-2	1.88537E-3	0.00000E+0
5.52144E+0	-9.27734E-2	1.99883E-3	0.00000E+0
5.52441E+0	-9.27734E-2	2.40413E-3	0.00000E+0
5.52832E+0	-9.27734E-2	1.96296E-3	0.00000E+0
5.53306E+0	-9.27734E-2	1.96970E-3	0.00000E+0
5.53706E+0	-9.27734E-2	4.88281E-4	0.00000E+0
5.53726E+0	-9.28711E-2	8.37142E-4	6.87038E-4
5.53745E+0	-9.27734E-2	1.25211E-3	0.00000E+0
5.53770E+0	-9.27734E-2	1.59472E-3	0.00000E+0
5.53760E+0	-9.27734E-2	1.47222E-3	0.00000E+0
5.53765E+0	-9.27734E-2	1.53548E-3	0.00000E+0
5.53740E+0	-9.27734E-2	1.16545E-3	0.00000E+0
5.53755E+0	-9.27734E-2	1.40441E-3	0.00000E+0
5.53760E+0	-9.27734E-2	1.47222E-3	0.00000E+0
5.53760E+0	-9.27734E-2	1.47222E-3	0.00000E+0
5.53750E+0	-9.27734E-2	1.33135E-3	0.00000E+0
5.53799E+0	-9.27734E-2	1.88537E-3	0.00000E+0
5.53774E+0	-9.27734E-2	1.65038E-3	0.00000E+0
5.53779E+0	-9.27734E-2	1.70281E-3	0.00000E+0
5.54263E+0	-9.27734E-2	2.65681E-3	0.00000E+0
5.55059E+0	-9.27734E-2	2.20779E-3	0.00000E+0
5.55542E+0	-9.27734E-2	2.12497E-3	0.00000E+0
5.55723E+0	-9.27734E-2	1.59472E-3	0.00000E+0
5.55977E+0	-9.27734E-2	2.35556E-3	0.00000E+0
5.55996E+0	-9.27734E-2	2.28919E-3	0.00000E+0
5.56177E+0	-9.27734E-2	1.06955E-3	0.00000E+0
5.56582E+0	-9.27734E-2	2.11418E-3	0.00000E+0
5.57202E+0	-9.27734E-2	2.72129E-3	0.00000E+0
5.57603E+0	-9.27734E-2	8.37142E-4	0.00000E+0
5.57622E+0	-9.27734E-2	4.88281E-4	0.00000E+0
5.57656E+0	-9.27734E-2	1.33135E-3	0.00000E+0
5.58076E+0	-9.27734E-2	1.52367E-3	0.00000E+0
5.58521E+0	-9.27734E-2	2.00844E-3	0.00000E+0
5.58916E+0	-9.27734E-2	2.32468E-3	0.00000E+0
5.59375E+0	-9.27734E-2	2.40413E-3	0.00000E+0
5.59717E+0	-9.27734E-2	2.24886E-3	0.00000E+0
5.60356E+0	-9.26758E-2	2.39359E-3	6.87038E-4
5.61050E+0	-9.26758E-2	2.81525E-3	6.87038E-4
5.61523E+0	-9.24805E-2	0.00000E+0	1.16545E-3
5.61641E+0	-9.20410E-2	2.09587E-3	1.75230E-3
5.62017E+0	-9.19434E-2	1.29745E-3	1.84338E-3
5.62490E+0	-9.22363E-2	1.38455E-3	1.53548E-3
5.62905E+0	-9.24316E-2	1.84338E-3	1.25211E-3
5.63027E+0	-9.25293E-2	1.33135E-3	1.06955E-3
5.63423E+0	-9.27246E-2	1.53548E-3	4.88281E-4
5.63506E+0	-9.26270E-2	1.16545E-3	8.37142E-4
5.63994E+0	-9.27246E-2	2.17482E-3	4.88281E-4
5.64663E+0	-9.27734E-2	4.12076E-3	0.00000E+0
5.65557E+0	-9.27734E-2	2.15256E-3	0.00000E+0
5.65913E+0	-9.27734E-2	4.88281E-4	0.00000E+0
5.66177E+0	-9.27734E-2	2.44928E-3	0.00000E+0
5.66538E+0	-9.27734E-2	2.17869E-3	0.00000E+0
5.66875E+0	-9.27734E-2	9.61652E-4	0.00000E+0
5.66909E+0	-9.27734E-2	8.37142E-4	0.00000E+0
5.67192E+0	-9.27734E-2	2.39359E-3	0.00000E+0
5.67432E+0	-9.27734E-2	1.47222E-3	0.00000E+0
5.67676E+0	-9.27734E-2	2.40413E-3	0.00000E+0
5.67866E+0	-9.27734E-2	4.88281E-4	0.00000E+0
5.67896E+0	-9.27734E-2	1.06955E-3	0.00000E+0
5.67871E+0	-9.27734E-2	0.00000E+0	0.00000E+0
5.67881E+0	-9.27734E-2	6.87038E-4	0.00000E+0
5.67881E+0	-9.27734E-2	6.87038E-4	0.00000E+0
5.67871E+0	-9.27734E-2	0.00000E+0	0.00000E+0
5.67871E+0	-9.27734E-2	0.00000E+0	0.00000E+0
5.67876E+0	-9.27734E-2	4.88281E-4	0.00000E+0
5.67881E+0	-9.27734E-2	6.87038E-4	0.00000E+0
5.67876E+0	-9.28223E-2	4.88281E-4	4.88281E-4
5.67886E+0	-9.27734E-2	8.37142E-4	0.00000E+0
5.67881E+0	-9.27734E-2	6.87038E-4	0.00000E+0
5.67876E+0	-9.27734E-2	4.88281E-4	0.00000E+0
5.67886E+0	-9.28223E-2	8.37142E-4	4.88281E-4
5.67886E+0	-9.27734E-2	8.37142E-4	0.00000E+0
5.67871E+0	-9.27734E-2	0.00000E+0	0.00000E+0
5.67881E+0	-9.27734E-2	6.87038E-4	0.00000E+0
5.67876E+0	-9.27734E-2	4.88281E-4	0.00000E+0
5.67876E+0	-9.27734E-2	4.88281E-4	0.00000E+0
5.67871E+0	-9.27734E-2	0.00000E+0	0.00000E+0
5.67871E+0	-9.27734E-2	0.00000E+0	0.00000E+0
5.67876E+0	-9.27734E-2	4.88281E-4	0.00000E+0
5.67876E+0	-9.27734E-2	4.88281E-4	0.00000E+0
5.67886E+0	-9.27734E-2	8.37142E-4	0.00000E+0
5.67871E+0	-9.27734E-2	0.00000E+0	0.00000E+0
5.67886E+0	-9.27734E-2	8.37142E-4	0.00000E+0
5.67886E+0	-9.28223E-2	8.37142E-4	4.88281E-4
5.67881E+0	-9.27734E-2	6.87038E-4	0.00000E+0
5.67891E+0	-9.27734E-2	9.61652E-4	0.00000E+0
5.67881E+0	-9.27734E-2	6.87038E-4	0.00000E+0
5.67871E+0	-9.27734E-2	0.00000E+0	0.00000E+0
5.67886E+0	-9.27734E-2	8.37142E-4	0.00000E+0
5.67881E+0	-9.27734E-2	6.87038E-4	0.00000E+0
5.67881E+0	-9.27734E-2	6.87038E-4	0.00000E+0
5.67871E+0	-9.28223E-2	0.00000E+0	4.88281E-4
5.67886E+0	-9.27734E-2	8.37142E-4	0.00000E+0
5.67871E+0	-9.27734E-2	0.00000E+0	0.00000E+0
5.67871E+0	-9.27734E-2	0.00000E+0	0.00000E+0
5.67871E+0	-9.27734E-2	0.00000E+0	0.00000E+0
5.67881E+0	-9.27734E-2	6.87038E-4	0.00000E+0
5.67886E+0	-9.27734E-2	8.37142E-4	0.00000E+0
5.67881E+0	-9.27734E-2	6.87038E-4	0.00000E+0
5.67886E+0	-9.27734E-2	8.37142E-4	0.00000E+0
