5.18481E+0	-9.28223E-2	1.75230E-3	4.88281E-4
5.18491E+0	-9.28223E-2	1.65038E-3	4.88281E-4
5.18486E+0	-9.28223E-2	1.70281E-3	4.88281E-4
5.18511E+0	-9.28223E-2	1.40441E-3	4.88281E-4
5.18491E+0	-9.27734E-2	1.65038E-3	0.00000E+0
5.18447E+0	-9.27734E-2	2.03288E-3	0.00000E+0
5.18486E+0	-9.27734E-2	1.70281E-3	0.00000E+0
5.18472E+0	-9.27734E-2	1.84338E-3	0.00000E+0
5.18438E+0	-9.27734E-2	2.09587E-3	0.00000E+0
5.18477E+0	-9.27734E-2	1.79909E-3	0.00000E+0
5.18472E+0	-9.28711E-2	1.84338E-3	6.87038E-4
5.18477E+0	-9.27734E-2	1.79909E-3	0.00000E+0
5.18501E+0	-9.28223E-2	1.53548E-3	4.88281E-4
5.18501E+0	-9.27734E-2	1.53548E-3	0.00000E+0
5.18501E+0	-9.28223E-2	1.53548E-3	4.88281E-4
5.18477E+0	-9.28223E-2	1.79909E-3	4.88281E-4
5.18491E+0	-9.28223E-2	1.65038E-3	4.88281E-4
5.18511E+0	-9.27734E-2	1.40441E-3	0.00000E+0
5.18491E+0	-9.28223E-2	1.65038E-3	4.88281E-4
5.18467E+0	-9.28223E-2	1.88537E-3	4.88281E-4
5.18491E+0	-9.27734E-2	1.65038E-3	0.00000E+0
5.18472E+0	-9.28223E-2	1.84338E-3	4.88281E-4
5.18433E+0	-9.27734E-2	2.12497E-3	0.00000E+0
5.18491E+0	-9.27734E-2	1.65038E-3	0.00000E+0
5.18496E+0	-9.27734E-2	1.59472E-3	0.00000E+0
5.18481E+0	-9.27734E-2	1.75230E-3	0.00000E+0
5.18457E+0	-9.28223E-2	1.96296E-3	4.88281E-4
5.18481E+0	-9.27734E-2	1.75230E-3	0.00000E+0
5.18447E+0	-9.27734E-2	2.03288E-3	0.00000E+0
5.18501E+0	-9.28711E-2	1.53548E-3	6.87038E-4
5.18467E+0	-9.27734E-2	1.88537E-3	0.00000E+0
5.18496E+0	-9.27734E-2	1.59472E-3	0.00000E+0
5.18486E+0	-9.28223E-2	1.70281E-3	4.88281E-4
5.18501E+0	-9.28223E-2	1.53548E-3	4.88281E-4
5.18477E+0	-9.28223E-2	1.79909E-3	4.88281E-4
5.18486E+0	-9.28223E-2	1.70281E-3	4.88281E-4
5.18477E+0	-9.27734E-2	1.79909E-3	0.00000E+0
5.18462E+0	-9.27734E-2	1.92518E-3	0.00000E+0
5.18472E+0	-9.27734E-2	1.84338E-3	0.00000E+0
5.18496E+0	-9.28223E-2	1.59472E-3	4.88281E-4
5.18457E+0	-9.27734E-2	1.96296E-3	0.00000E+0
5.18457E+0	-9.27734E-2	1.96296E-3	0.00000E+0
5.18472E+0	-9.27734E-2	1.84338E-3	0.00000E+0
5.18452E+0	-9.27734E-2	1.99883E-3	0.00000E+0
5.18467E+0	-9.27734E-2	1.88537E-3	0.00000E+0
5.18447E+0	-9.27734E-2	2.03288E-3	0.00000E+0
5.18491E+0	-9.27734E-2	1.65038E-3	0.00000E+0
5.18477E+0	-9.27734E-2	1.79909E-3	0.00000E+0
5.18501E+0	-9.27734E-2	1.53548E-3	0.00000E+0
5.18486E+0	-9.29199E-2	1.70281E-3	8.37142E-4
5.18477E+0	-9.27734E-2	1.79909E-3	0.00000E+0
5.18457E+0	-9.28711E-2	1.96296E-3	6.87038E-4
5.18496E+0	-9.27734E-2	1.59472E-3	0.00000E+0
5.18501E+0	-9.27734E-2	1.53548E-3	0.00000E+0
5.18501E+0	-9.27734E-2	1.53548E-3	0.00000E+0
5.18491E+0	-9.27734E-2	1.65038E-3	0.00000E+0
5.18506E+0	-9.28223E-2	1.47222E-3	4.88281E-4
5.18491E+0	-9.28223E-2	1.65038E-3	4.88281E-4
5.18491E+0	-9.27734E-2	1.65038E-3	0.00000E+0
5.18472E+0	-9.28223E-2	1.84338E-3	4.88281E-4
5.18472E+0	-9.27734E-2	1.84338E-3	0.00000E+0
5.18481E+0	-9.27734E-2	1.75230E-3	0.00000E+0
5.18452E+0	-9.27734E-2	1.99883E-3	0.00000E+0
5.18442E+0	-9.27734E-2	2.06520E-3	0.00000E+0
5.18477E+0	-9.27734E-2	1.79909E-3	0.00000E+0
5.18467E+0	-9.28223E-2	1.88537E-3	4.88281E-4
5.18496E+0	-9.28223E-2	1.59472E-3	4.88281E-4
5.18447E+0	-9.27734E-2	2.03288E-3	0.00000E+0
5.18462E+0	-9.27734E-2	1.92518E-3	0.00000E+0
5.18486E+0	-9.27734E-2	1.70281E-3	0.00000E+0
5.18491E+0	-9.27734E-2	1.65038E-3	0.00000E+0
5.18506E+0	-9.28223E-2	1.47222E-3	4.88281E-4
5.18462E+0	-9.28223E-2	1.92518E-3	4.88281E-4
5.18457E+0	-9.27734E-2	1.96296E-3	0.00000E+0
5.18418E+0	-9.28223E-2	2.20342E-3	4.88281E-4
5.18501E+0	-9.27734E-2	1.53548E-3	0.00000E+0
5.18501E+0	-9.27734E-2	1.53548E-3	0.00000E+0
5.18452E+0	-9.27734E-2	1.99883E-3	0.00000E+0
5.18457E+0	-9.27734E-2	1.96296E-3	0.00000E+0
5.18462E+0	-9.28223E-2	1.92518E-3	4.88281E-4
5.18491E+0	-9.27734E-2	1.65038E-3	0.00000E+0
5.18477E+0	-9.27734E-2	1.79909E-3	0.00000E+0
5.18486E+0	-9.28223E-2	1.70281E-3	4.88281E-4
5.18438E+0	-9.27734E-2	2.09587E-3	0.00000E+0
5.18486E+0	-9.27734E-2	1.70281E-3	0.00000E+0
5.18481E+0	-9.27734E-2	1.75230E-3	0.00000E+0
5.18462E+0	-9.27734E-2	1.92518E-3	0.00000E+0
5.18438E+0	-9.27734E-2	2.09587E-3	0.00000E+0
5.18491E+0	-9.28223E-2	1.65038E-3	4.88281E-4
5.18457E+0	-9.27734E-2	1.96296E-3	0.00000E+0
5.18472E+0	-9.28223E-2	1.84338E-3	4.88281E-4
5.18467E+0	-9.28223E-2	1.88537E-3	4.88281E-4
5.18462E+0	-9.27734E-2	1.92518E-3	0.00000E+0
5.18452E+0	-9.27734E-2	1.99883E-3	0.00000E+0
5.18472E+0	-9.27734E-2	1.84338E-3	0.00000E+0
5.18457E+0	-9.27734E-2	1.96296E-3	0.00000E+0
5.18442E+0	-9.28223E-2	2.06520E-3	4.88281E-4
5.18486E+0	-9.27734E-2	1.70281E-3	0.00000E+0
5.18496E+0	-9.28711E-2	1.59472E-3	6.87038E-4
5.18511E+0	-9.28223E-2	1.40441E-3	4.88281E-4
