5.20942E+0	-8.51563E-2	1.53548E-3	2.43597E-3
5.20933E+0	-8.59863E-2	1.65038E-3	2.39359E-3
5.20928E+0	-8.55469E-2	1.70281E-3	2.45174E-3
5.20972E+0	-8.58398E-2	1.06955E-3	2.42209E-3
5.20962E+0	-8.53027E-2	1.25211E-3	2.44928E-3
5.20967E+0	-8.49121E-2	1.16545E-3	2.39359E-3
5.20947E+0	-8.57422E-2	1.47222E-3	2.43597E-3
5.20967E+0	-8.57422E-2	1.16545E-3	2.43597E-3
5.20981E+0	-8.51563E-2	8.37142E-4	2.43597E-3
5.20947E+0	-8.57422E-2	1.47222E-3	2.43597E-3
5.20962E+0	-8.61328E-2	1.25211E-3	2.35556E-3
5.20991E+0	-8.59375E-2	4.88281E-4	2.40413E-3
5.20972E+0	-8.61816E-2	1.06955E-3	2.34069E-3
5.20928E+0	-8.59863E-2	1.70281E-3	2.39359E-3
5.20967E+0	-8.63281E-2	1.16545E-3	2.28919E-3
5.20977E+0	-8.64258E-2	9.61652E-4	2.24886E-3
5.20947E+0	-8.62793E-2	1.47222E-3	2.30753E-3
5.20933E+0	-8.62305E-2	1.65038E-3	2.32468E-3
5.20972E+0	-8.63281E-2	1.06955E-3	2.28919E-3
5.20928E+0	-8.63770E-2	1.70281E-3	2.26964E-3
5.20967E+0	-8.60352E-2	1.16545E-3	2.38199E-3
5.20942E+0	-8.63770E-2	1.53548E-3	2.26964E-3
5.20947E+0	-8.63770E-2	1.47222E-3	2.26964E-3
5.20923E+0	-8.65234E-2	1.75230E-3	2.20342E-3
5.20952E+0	-8.66699E-2	1.40441E-3	2.12497E-3
5.20942E+0	-8.64258E-2	1.53548E-3	2.24886E-3
5.20947E+0	-8.60840E-2	1.47222E-3	2.36932E-3
5.20952E+0	-8.65723E-2	1.40441E-3	2.17869E-3
5.20962E+0	-8.63281E-2	1.25211E-3	2.28919E-3
5.20918E+0	-8.65234E-2	1.79909E-3	2.20342E-3
5.20928E+0	-8.65723E-2	1.70281E-3	2.17869E-3
5.20913E+0	-8.63281E-2	1.84338E-3	2.28919E-3
5.20923E+0	-8.68164E-2	1.75230E-3	2.03288E-3
5.20903E+0	-8.67676E-2	1.92518E-3	2.06520E-3
5.20947E+0	-8.58398E-2	1.47222E-3	2.42209E-3
5.20933E+0	-8.71582E-2	1.65038E-3	1.75230E-3
5.20933E+0	-8.64746E-2	1.65038E-3	2.22680E-3
5.20967E+0	-8.63281E-2	1.16545E-3	2.28919E-3
5.20967E+0	-8.63770E-2	1.16545E-3	2.26964E-3
5.20957E+0	-8.64746E-2	1.33135E-3	2.22680E-3
5.20977E+0	-8.64258E-2	9.61652E-4	2.24886E-3
5.20967E+0	-8.68164E-2	1.16545E-3	2.03288E-3
5.20977E+0	-8.72070E-2	9.61652E-4	1.70281E-3
5.20952E+0	-8.64258E-2	1.40441E-3	2.24886E-3
5.20972E+0	-8.69141E-2	1.06955E-3	1.96296E-3
5.20972E+0	-8.71582E-2	1.06955E-3	1.75230E-3
5.20981E+0	-8.66699E-2	8.37142E-4	2.12497E-3
5.20967E+0	-8.65723E-2	1.16545E-3	2.17869E-3
5.20967E+0	-8.66211E-2	1.16545E-3	2.15256E-3
5.20972E+0	-8.70117E-2	1.06955E-3	1.88537E-3
5.20981E+0	-8.69629E-2	8.37142E-4	1.92518E-3
5.20962E+0	-8.73535E-2	1.25211E-3	1.53548E-3
5.20967E+0	-8.68164E-2	1.16545E-3	2.03288E-3
5.20952E+0	-8.73047E-2	1.40441E-3	1.59472E-3
5.20991E+0	-8.75977E-2	4.88281E-4	1.16545E-3
5.20986E+0	-8.71094E-2	6.87038E-4	1.79909E-3
5.20986E+0	-8.74512E-2	6.87038E-4	1.40441E-3
5.20977E+0	-8.71094E-2	9.61652E-4	1.79909E-3
5.20986E+0	-8.78418E-2	6.87038E-4	4.88281E-4
5.20957E+0	-8.74512E-2	1.33135E-3	1.40441E-3
5.20957E+0	-8.75000E-2	1.33135E-3	1.33135E-3
5.20986E+0	-8.75977E-2	6.87038E-4	1.16545E-3
5.20981E+0	-8.75000E-2	8.37142E-4	1.33135E-3
5.20991E+0	-8.72559E-2	4.88281E-4	1.65038E-3
5.20977E+0	-8.75000E-2	9.61652E-4	1.33135E-3
5.20952E+0	-8.74512E-2	1.40441E-3	1.40441E-3
5.20977E+0	-8.76953E-2	9.61652E-4	9.61652E-4
5.20972E+0	-8.75000E-2	1.06955E-3	1.33135E-3
5.20967E+0	-8.76465E-2	1.16545E-3	1.06955E-3
5.20972E+0	-8.75977E-2	1.06955E-3	1.16545E-3
5.20977E+0	-8.78418E-2	9.61652E-4	4.88281E-4
5.20947E+0	-8.78906E-2	1.47222E-3	0.00000E+0
5.20981E+0	-8.78906E-2	8.37142E-4	0.00000E+0
5.20972E+0	-8.78906E-2	1.06955E-3	0.00000E+0
5.20967E+0	-8.78906E-2	1.16545E-3	0.00000E+0
5.20967E+0	-8.78906E-2	1.16545E-3	0.00000E+0
5.20967E+0	-8.78418E-2	1.16545E-3	4.88281E-4
5.20947E+0	-8.78906E-2	1.47222E-3	0.00000E+0
5.20986E+0	-8.78906E-2	6.87038E-4	0.00000E+0
5.20967E+0	-8.78906E-2	1.16545E-3	0.00000E+0
5.20952E+0	-8.78906E-2	1.40441E-3	0.00000E+0
5.20986E+0	-8.78906E-2	6.87038E-4	0.00000E+0
5.20986E+0	-8.78906E-2	6.87038E-4	0.00000E+0
5.20967E+0	-8.78906E-2	1.16545E-3	0.00000E+0
5.20986E+0	-8.78906E-2	6.87038E-4	0.00000E+0
5.20967E+0	-8.78906E-2	1.16545E-3	0.00000E+0
5.20937E+0	-8.78906E-2	1.59472E-3	0.00000E+0
5.20957E+0	-8.78906E-2	1.33135E-3	0.00000E+0
5.20967E+0	-8.78906E-2	1.16545E-3	0.00000E+0
5.20962E+0	-8.78906E-2	1.25211E-3	0.00000E+0
5.20962E+0	-8.78906E-2	1.25211E-3	0.00000E+0
5.20967E+0	-8.78906E-2	1.16545E-3	0.00000E+0
5.20957E+0	-8.78906E-2	1.33135E-3	0.00000E+0
5.20972E+0	-8.78906E-2	1.06955E-3	0.00000E+0
5.20957E+0	-8.78906E-2	1.33135E-3	0.00000E+0
5.20981E+0	-8.77930E-2	8.37142E-4	6.87038E-4
5.20967E+0	-8.78418E-2	1.16545E-3	4.88281E-4
5.20942E+0	-8.74512E-2	1.53548E-3	1.40441E-3
5.20967E+0	-8.77930E-2	1.16545E-3	6.87038E-4
5.20962E+0	-8.77441E-2	1.25211E-3	8.37142E-4
5.20981E+0	-8.77441E-2	8.37142E-4	8.37142E-4
5.20972E+0	-8.75977E-2	1.06955E-3	1.16545E-3
5.20952E+0	-8.77441E-2	1.40441E-3	8.37142E-4
5.20981E+0	-8.76953E-2	8.37142E-4	9.61652E-4
5.20967E+0	-8.77930E-2	1.16545E-3	6.87038E-4
5.20952E+0	-8.78418E-2	1.40441E-3	4.88281E-4
5.20967E+0	-8.77930E-2	1.16545E-3	6.87038E-4
5.20942E+0	-8.76953E-2	1.53548E-3	9.61652E-4
5.20957E+0	-8.78906E-2	1.33135E-3	0.00000E+0
5.20957E+0	-8.76465E-2	1.33135E-3	1.06955E-3
5.20952E+0	-8.77441E-2	1.40441E-3	8.37142E-4
5.20972E+0	-8.78418E-2	1.06955E-3	4.88281E-4
5.20977E+0	-8.75977E-2	9.61652E-4	1.16545E-3
5.20952E+0	-8.77441E-2	1.40441E-3	8.37142E-4
5.20947E+0	-8.77930E-2	1.47222E-3	6.87038E-4
5.20977E+0	-8.77930E-2	9.61652E-4	6.87038E-4
5.20977E+0	-8.77441E-2	9.61652E-4	8.37142E-4
5.20981E+0	-8.78418E-2	8.37142E-4	4.88281E-4
5.20967E+0	-8.77930E-2	1.16545E-3	6.87038E-4
5.20962E+0	-8.77930E-2	1.25211E-3	6.87038E-4
5.20957E+0	-8.77930E-2	1.33135E-3	6.87038E-4
5.20957E+0	-8.78418E-2	1.33135E-3	4.88281E-4
5.20947E+0	-8.78906E-2	1.47222E-3	0.00000E+0
5.20977E+0	-8.76465E-2	9.61652E-4	1.06955E-3
5.20981E+0	-8.78418E-2	8.37142E-4	4.88281E-4
5.20972E+0	-8.78418E-2	1.06955E-3	4.88281E-4
5.20991E+0	-8.76953E-2	4.88281E-4	9.61652E-4
5.20952E+0	-8.76953E-2	1.40441E-3	9.61652E-4
5.20933E+0	-8.78906E-2	1.65038E-3	0.00000E+0
5.20962E+0	-8.76953E-2	1.25211E-3	9.61652E-4
