4.74863E+0	-9.27734E-2	2.45174E-3	0.00000E+0
4.74863E+0	-9.27734E-2	2.45174E-3	0.00000E+0
4.74844E+0	-9.27734E-2	2.45174E-3	0.00000E+0
4.74844E+0	-9.27734E-2	2.45174E-3	0.00000E+0
4.74824E+0	-9.27734E-2	2.43597E-3	0.00000E+0
4.74805E+0	-9.28223E-2	2.40413E-3	4.88281E-4
4.74814E+0	-9.28223E-2	2.42209E-3	4.88281E-4
4.74844E+0	-9.27734E-2	2.45174E-3	0.00000E+0
4.74819E+0	-9.27734E-2	2.42954E-3	0.00000E+0
4.74819E+0	-9.28223E-2	2.42954E-3	4.88281E-4
4.74839E+0	-9.27734E-2	2.44928E-3	0.00000E+0
4.74844E+0	-9.28223E-2	2.45174E-3	4.88281E-4
4.74810E+0	-9.27734E-2	2.41363E-3	0.00000E+0
4.74844E+0	-9.28223E-2	2.45174E-3	4.88281E-4
4.74873E+0	-9.27734E-2	2.44584E-3	0.00000E+0
4.74829E+0	-9.28223E-2	2.44141E-3	4.88281E-4
4.74829E+0	-9.27734E-2	2.44141E-3	0.00000E+0
4.74849E+0	-9.28223E-2	2.45321E-3	4.88281E-4
4.74873E+0	-9.27734E-2	2.44584E-3	0.00000E+0
4.74771E+0	-9.28223E-2	2.30753E-3	4.88281E-4
4.74800E+0	-9.27734E-2	2.39359E-3	0.00000E+0
4.74829E+0	-9.28223E-2	2.44141E-3	4.88281E-4
4.74775E+0	-9.27734E-2	2.32468E-3	0.00000E+0
4.74829E+0	-9.27734E-2	2.44141E-3	0.00000E+0
4.74805E+0	-9.27734E-2	2.40413E-3	0.00000E+0
4.74878E+0	-9.27734E-2	2.44141E-3	0.00000E+0
4.74883E+0	-9.27734E-2	2.43597E-3	0.00000E+0
4.74805E+0	-9.27734E-2	2.40413E-3	0.00000E+0
4.74771E+0	-9.27734E-2	2.30753E-3	0.00000E+0
4.74766E+0	-9.27734E-2	2.28919E-3	0.00000E+0
4.75068E+0	-9.27734E-2	1.16545E-3	0.00000E+0
4.75396E+0	-9.28223E-2	2.39359E-3	4.88281E-4
4.75586E+0	-9.27734E-2	0.00000E+0	0.00000E+0
4.75586E+0	-9.28711E-2	0.00000E+0	6.87038E-4
4.75586E+0	-9.28223E-2	0.00000E+0	4.88281E-4
4.75903E+0	-9.27734E-2	2.72129E-3	0.00000E+0
4.76768E+0	-9.28223E-2	2.70398E-3	4.88281E-4
4.77520E+0	-9.27734E-2	1.18593E-3	0.00000E+0
4.77988E+0	-9.27734E-2	2.04469E-3	0.00000E+0
4.78433E+0	-9.27734E-2	1.84338E-3	0.00000E+0
4.78599E+0	-9.27734E-2	1.84338E-3	0.00000E+0
4.78945E+0	-9.27734E-2	2.11418E-3	0.00000E+0
4.79424E+0	-9.27734E-2	1.70281E-3	0.00000E+0
4.79683E+0	-9.27734E-2	2.39359E-3	0.00000E+0
4.80166E+0	-9.27734E-2	2.38199E-3	0.00000E+0
4.80464E+0	-9.27734E-2	4.88281E-4	0.00000E+0
4.80776E+0	-9.27734E-2	2.36932E-3	0.00000E+0
4.81387E+0	-9.27734E-2	1.59472E-3	0.00000E+0
4.81445E+0	-9.28223E-2	0.00000E+0	4.88281E-4
4.81445E+0	-9.27734E-2	0.00000E+0	0.00000E+0
4.81445E+0	-9.27734E-2	0.00000E+0	0.00000E+0
4.81445E+0	-9.27734E-2	0.00000E+0	0.00000E+0
4.81475E+0	-9.27734E-2	1.16545E-3	0.00000E+0
4.81904E+0	-9.27734E-2	1.67428E-3	0.00000E+0
4.82305E+0	-9.27734E-2	2.09587E-3	0.00000E+0
4.82588E+0	-9.27734E-2	2.32468E-3	0.00000E+0
4.83188E+0	-9.27734E-2	2.42954E-3	0.00000E+0
4.83726E+0	-9.27734E-2	2.30753E-3	0.00000E+0
4.83979E+0	-9.27734E-2	1.92518E-3	0.00000E+0
4.84272E+0	-9.28223E-2	1.99883E-3	4.88281E-4
4.84263E+0	-9.28223E-2	2.06520E-3	4.88281E-4
4.84360E+0	-9.28711E-2	8.37142E-4	6.87038E-4
4.84375E+0	-9.27734E-2	0.00000E+0	0.00000E+0
4.84375E+0	-9.27734E-2	0.00000E+0	0.00000E+0
4.84409E+0	-9.27734E-2	1.25211E-3	0.00000E+0
4.84829E+0	-9.27734E-2	1.43159E-3	0.00000E+0
4.84956E+0	-9.27734E-2	1.92518E-3	0.00000E+0
4.85347E+0	-9.27734E-2	4.88281E-4	0.00000E+0
4.85410E+0	-9.27734E-2	1.59472E-3	0.00000E+0
4.85811E+0	-9.27734E-2	1.52367E-3	0.00000E+0
4.86152E+0	-9.27734E-2	2.35556E-3	0.00000E+0
4.86338E+0	-9.27734E-2	6.87038E-4	0.00000E+0
4.86694E+0	-9.27734E-2	2.12497E-3	0.00000E+0
4.87119E+0	-9.28223E-2	4.53929E-3	4.88281E-4
4.87734E+0	-9.27734E-2	2.33089E-3	0.00000E+0
4.87979E+0	-9.27734E-2	2.38199E-3	0.00000E+0
4.88516E+0	-9.27734E-2	2.45174E-3	0.00000E+0
4.88770E+0	-9.28223E-2	0.00000E+0	4.88281E-4
4.88779E+0	-9.27734E-2	6.87038E-4	0.00000E+0
4.88931E+0	-9.29199E-2	2.30753E-3	8.37142E-4
4.89224E+0	-9.27734E-2	1.25211E-3	0.00000E+0
4.89326E+0	-9.27734E-2	1.70281E-3	0.00000E+0
4.89722E+0	-9.27734E-2	1.06955E-3	0.00000E+0
4.89795E+0	-9.27734E-2	1.47222E-3	0.00000E+0
4.90127E+0	-9.27734E-2	2.03288E-3	0.00000E+0
4.90239E+0	-9.27734E-2	8.48571E-4	0.00000E+0
4.90522E+0	-9.27734E-2	2.41363E-3	0.00000E+0
4.90737E+0	-9.27246E-2	1.08741E-3	4.88281E-4
4.91089E+0	-9.27734E-2	2.12497E-3	0.00000E+0
4.91382E+0	-9.26758E-2	2.34069E-3	6.87038E-4
4.91699E+0	-9.19922E-2	6.94013E-4	1.79909E-3
4.92178E+0	-9.02344E-2	2.19247E-3	2.45174E-3
4.92603E+0	-8.82324E-2	1.75230E-3	1.25211E-3
4.92671E+0	-8.79883E-2	4.88281E-4	6.87038E-4
4.92676E+0	-8.79395E-2	0.00000E+0	4.88281E-4
4.92671E+0	-8.78906E-2	4.88281E-4	0.00000E+0
4.92676E+0	-8.78906E-2	0.00000E+0	0.00000E+0
4.92705E+0	-8.78906E-2	1.16545E-3	0.00000E+0
4.93027E+0	-8.78418E-2	2.20342E-3	4.88281E-4
4.93193E+0	-8.75977E-2	1.35644E-3	1.16545E-3
4.93628E+0	-8.50098E-2	1.06955E-3	2.41363E-3
4.93931E+0	-8.30078E-2	2.42954E-3	0.00000E+0
4.94473E+0	-8.03223E-2	2.28919E-3	2.44141E-3
4.94629E+0	-7.81738E-2	0.00000E+0	4.88281E-4
4.94629E+0	-7.81250E-2	0.00000E+0	6.94013E-4
4.94653E+0	-7.80762E-2	1.06955E-3	4.88281E-4
4.95049E+0	-7.71484E-2	1.83881E-3	1.96296E-3
4.95469E+0	-7.43652E-2	2.20342E-3	2.17869E-3
4.95596E+0	-7.35840E-2	6.87038E-4	1.59094E-3
4.95605E+0	-7.34863E-2	0.00000E+0	1.45163E-3
4.95605E+0	-7.28027E-2	0.00000E+0	1.56653E-3
4.95620E+0	-7.32422E-2	8.37142E-4	1.38803E-3
4.96021E+0	-7.09473E-2	2.80839E-3	2.44928E-3
4.96567E+0	-6.84570E-2	1.46484E-3	6.87038E-4
4.96997E+0	-6.70898E-2	1.75230E-3	2.15256E-3
4.97285E+0	-6.29883E-2	2.43597E-3	2.35351E-3
4.97456E+0	-5.86426E-2	1.99883E-3	1.62686E-3
4.97559E+0	-5.52734E-2	0.00000E+0	2.76562E-3
4.97847E+0	-5.14160E-2	2.41363E-3	2.44928E-3
4.98145E+0	-4.93652E-2	1.96296E-3	1.68504E-3
4.98691E+0	-4.40430E-2	2.28919E-3	3.39854E-3
4.99023E+0	-3.47168E-2	0.00000E+0	3.53163E-3
4.99009E+0	-3.12988E-2	8.37142E-4	2.41363E-3
4.99019E+0	-3.42285E-2	4.88281E-4	3.43484E-3
4.99019E+0	-3.75488E-2	4.88281E-4	2.26964E-3
4.99019E+0	-3.80859E-2	4.88281E-4	1.96296E-3
4.99023E+0	-3.75977E-2	0.00000E+0	2.24886E-3
4.99019E+0	-3.68164E-2	4.88281E-4	2.44584E-3
4.99009E+0	-3.61816E-2	8.37142E-4	2.69640E-3
4.99023E+0	-3.48145E-2	0.00000E+0	2.91609E-3
4.99023E+0	-3.59375E-2	0.00000E+0	2.73409E-3
4.99033E+0	-3.40820E-2	6.87038E-4	3.17885E-3
4.99404E+0	-2.92969E-2	2.03288E-3	2.77605E-3
4.99526E+0	-2.50977E-2	8.37142E-4	2.59861E-3
4.99868E+0	-2.02637E-2	2.17869E-3	3.05484E-3
5.00029E+0	-1.58691E-2	1.35644E-3	3.35539E-3
5.00044E+0	-1.26465E-2	1.40441E-3	2.60555E-3
5.00117E+0	-1.21094E-2	2.09587E-3	2.45174E-3
5.00386E+0	-1.04004E-2	1.99883E-3	1.92017E-3
5.00488E+0	-8.00781E-3	0.00000E+0	2.35556E-3
5.00518E+0	-5.46875E-3	1.16545E-3	3.27586E-3
5.00830E+0	-2.24609E-3	2.24886E-3	2.63542E-3
5.01001E+0	1.90430E-3	1.06955E-3	3.17241E-3
5.01240E+0	4.24805E-3	2.44584E-3	3.71508E-3
5.01382E+0	6.29883E-3	1.84338E-3	3.34965E-3
5.01465E+0	8.78906E-3	0.00000E+0	2.77605E-3
5.01465E+0	1.06934E-2	0.00000E+0	2.66043E-3
5.01470E+0	1.10840E-2	4.88281E-4	2.38956E-3
5.01650E+0	1.18164E-2	2.38199E-3	2.79162E-3
5.01934E+0	1.23047E-2	9.61652E-4	2.98345E-3
5.01968E+0	1.18652E-2	8.37142E-4	2.52672E-3
5.02183E+0	1.27441E-2	2.44928E-3	3.09556E-3
5.02417E+0	1.48926E-2	1.06955E-3	3.56421E-3
5.02441E+0	1.53809E-2	0.00000E+0	3.42641E-3
5.02441E+0	1.70898E-2	0.00000E+0	3.14228E-3
5.02471E+0	1.72852E-2	1.16545E-3	3.28613E-3
5.02798E+0	1.48926E-2	2.17869E-3	3.63115E-3
5.02935E+0	1.45020E-2	4.88281E-4	3.50150E-3
5.03149E+0	1.37207E-2	2.44141E-3	3.30623E-3
5.03213E+0	1.32324E-2	2.42209E-3	3.12653E-3
5.03359E+0	1.28418E-2	1.59472E-3	2.91609E-3
5.03413E+0	1.14258E-2	4.88281E-4	2.32468E-3
5.03452E+0	1.10352E-2	1.25211E-3	2.65363E-3
5.03833E+0	8.98437E-3	1.75230E-3	2.66269E-3
5.04004E+0	5.41992E-3	1.96296E-3	3.66548E-3
5.04365E+0	2.34375E-3	1.35644E-3	2.98345E-3
5.04727E+0	-3.46680E-3	2.28919E-3	3.34965E-3
5.04956E+0	-7.61719E-3	1.75230E-3	2.62627E-3
5.05220E+0	-9.86328E-3	2.26964E-3	2.19247E-3
5.05278E+0	-1.01074E-2	1.92518E-3	2.22247E-3
5.05347E+0	-1.15723E-2	1.06955E-3	2.36932E-3
5.05371E+0	-1.23535E-2	0.00000E+0	2.44928E-3
5.05371E+0	-1.32324E-2	0.00000E+0	2.71420E-3
5.05371E+0	-1.66992E-2	0.00000E+0	2.79162E-3
5.05386E+0	-1.75781E-2	8.37142E-4	2.59676E-3
5.05488E+0	-1.98242E-2	2.09587E-3	3.01077E-3
5.05713E+0	-2.20215E-2	2.24886E-3	2.64227E-3
5.05845E+0	-2.41699E-2	8.37142E-4	2.00844E-3
5.05864E+0	-2.52930E-2	4.88281E-4	2.12554E-3
5.05879E+0	-2.61719E-2	9.61652E-4	2.35556E-3
5.05918E+0	-2.60254E-2	1.59472E-3	2.30753E-3
5.06011E+0	-2.66113E-2	2.26964E-3	2.44141E-3
5.06045E+0	-2.70996E-2	2.38199E-3	2.44141E-3
5.06260E+0	-2.89063E-2	1.88537E-3	2.04469E-3
5.06338E+0	-2.97852E-2	6.87038E-4	2.24886E-3
5.06353E+0	-3.01758E-2	1.09623E-3	2.12554E-3
5.06523E+0	-3.15918E-2	3.77073E-3	2.63862E-3
5.07188E+0	-3.22754E-2	3.40562E-3	2.67848E-3
5.07266E+0	-3.31055E-2	2.33089E-3	2.99151E-3
5.07266E+0	-3.50586E-2	2.33089E-3	3.28320E-3
5.07266E+0	-3.50586E-2	2.33089E-3	2.89329E-3
5.07324E+0	-3.41309E-2	0.00000E+0	3.14189E-3
5.07344E+0	-3.56445E-2	9.61652E-4	2.64272E-3
5.07393E+0	-3.70117E-2	1.70281E-3	2.42209E-3
5.07471E+0	-3.75977E-2	2.24886E-3	2.24886E-3
5.07690E+0	-3.82813E-2	2.12497E-3	2.04940E-3
5.07803E+0	-3.98926E-2	6.87038E-4	2.20069E-3
5.07813E+0	-3.97461E-2	0.00000E+0	1.83881E-3
5.07813E+0	-4.09180E-2	0.00000E+0	2.38199E-3
5.07891E+0	-4.11133E-2	1.79909E-3	2.42209E-3
5.08076E+0	-4.09180E-2	2.44584E-3	2.38199E-3
5.08281E+0	-4.16016E-2	9.61652E-4	2.45174E-3
5.08511E+0	-4.29687E-2	2.42954E-3	1.96296E-3
5.08779E+0	-4.37500E-2	6.87038E-4	1.68861E-3
5.08774E+0	-4.45313E-2	8.37142E-4	1.59472E-3
5.08765E+0	-4.55566E-2	1.06955E-3	2.30753E-3
5.08755E+0	-4.44336E-2	1.25211E-3	1.62760E-3
5.08760E+0	-4.37500E-2	1.16545E-3	1.95312E-3
5.08779E+0	-4.29199E-2	6.87038E-4	1.99883E-3
5.08789E+0	-4.37988E-2	0.00000E+0	1.89492E-3
5.08789E+0	-4.57031E-2	0.00000E+0	2.35556E-3
5.08784E+0	-4.60938E-2	4.88281E-4	2.43597E-3
5.08882E+0	-4.65820E-2	1.92518E-3	2.44584E-3
5.09038E+0	-4.70703E-2	2.45321E-3	2.35556E-3
5.09272E+0	-4.64844E-2	4.88281E-4	2.45174E-3
5.09609E+0	-4.70215E-2	2.28919E-3	2.36932E-3
5.09766E+0	-4.60938E-2	0.00000E+0	2.43597E-3
5.09766E+0	-4.46777E-2	0.00000E+0	1.88473E-3
5.09819E+0	-4.35547E-2	1.53548E-3	1.92330E-3
5.10171E+0	-4.17969E-2	1.84338E-3	2.43597E-3
5.10254E+0	-4.18457E-2	0.00000E+0	2.42954E-3
5.10259E+0	-4.05273E-2	4.88281E-4	2.24886E-3
5.10659E+0	-3.83789E-2	1.84338E-3	1.83881E-3
5.10732E+0	-3.73047E-2	6.87038E-4	2.35556E-3
5.10742E+0	-3.65234E-2	0.00000E+0	2.54808E-3
5.10742E+0	-3.80371E-2	0.00000E+0	1.99883E-3
5.10742E+0	-3.69629E-2	0.00000E+0	2.42954E-3
5.10845E+0	-3.55957E-2	1.99883E-3	2.96848E-3
5.11201E+0	-3.41309E-2	1.16545E-3	2.81867E-3
5.11226E+0	-3.42773E-2	4.88281E-4	3.02354E-3
5.11245E+0	-3.52539E-2	8.37142E-4	2.90989E-3
5.11562E+0	-3.36426E-2	2.28919E-3	2.93585E-3
5.11704E+0	-3.22266E-2	8.37142E-4	2.68790E-3
5.11719E+0	-3.07617E-2	0.00000E+0	2.24886E-3
5.11748E+0	-2.75879E-2	1.16545E-3	2.53813E-3
5.12026E+0	-2.45117E-2	2.36932E-3	1.96051E-3
5.12202E+0	-2.47070E-2	4.88281E-4	2.28287E-3
5.12349E+0	-2.36328E-2	2.22680E-3	2.16372E-3
5.12432E+0	-2.43164E-2	2.44584E-3	2.19247E-3
5.12500E+0	-2.53418E-2	2.40413E-3	2.16093E-3
5.12461E+0	-2.50000E-2	2.45174E-3	2.22517E-3
5.12393E+0	-2.55859E-2	2.38199E-3	2.41612E-3
5.12568E+0	-2.60742E-2	2.15256E-3	2.32468E-3
5.12637E+0	-2.50488E-2	1.59472E-3	2.04174E-3
5.12695E+0	-2.58789E-2	0.00000E+0	2.24886E-3
5.12710E+0	-2.55371E-2	8.37142E-4	2.06520E-3
5.13057E+0	-2.56348E-2	2.15256E-3	2.34069E-3
5.13325E+0	-2.59277E-2	2.33244E-3	2.26964E-3
5.13667E+0	-2.50000E-2	4.88281E-4	1.73919E-3
5.13784E+0	-2.68555E-2	2.06520E-3	2.45371E-3
5.13916E+0	-2.72949E-2	2.45371E-3	2.41363E-3
5.13970E+0	-2.74414E-2	2.39359E-3	2.38199E-3
5.14131E+0	-2.82227E-2	1.16545E-3	2.14808E-3
5.14160E+0	-2.76855E-2	0.00000E+0	2.69282E-3
5.14160E+0	-2.54395E-2	0.00000E+0	2.43350E-3
5.14160E+0	-2.79297E-2	0.00000E+0	2.31013E-3
5.14160E+0	-2.90039E-2	0.00000E+0	2.48491E-3
5.14253E+0	-2.86621E-2	1.92518E-3	1.92017E-3
5.14570E+0	-3.20312E-2	1.79909E-3	2.80367E-3
5.14648E+0	-3.46680E-2	0.00000E+0	3.21800E-3
5.14648E+0	-3.48145E-2	0.00000E+0	3.07683E-3
5.14790E+0	-3.28613E-2	2.22680E-3	3.01357E-3
5.15112E+0	-3.15918E-2	1.06955E-3	2.54571E-3
5.15137E+0	-3.45215E-2	0.00000E+0	3.34677E-3
5.15137E+0	-3.80371E-2	0.00000E+0	1.99883E-3
5.15161E+0	-3.81348E-2	1.06955E-3	2.16093E-3
5.15366E+0	-3.87695E-2	2.44928E-3	1.94076E-3
5.15527E+0	-3.93555E-2	1.96296E-3	2.06111E-3
5.15591E+0	-4.08203E-2	1.25211E-3	2.35556E-3
5.15625E+0	-3.80371E-2	0.00000E+0	2.43350E-3
5.15645E+0	-4.63867E-2	9.61652E-4	2.98506E-3
5.15967E+0	-4.98047E-2	2.24886E-3	1.96296E-3
5.16494E+0	-5.27832E-2	2.03288E-3	2.37338E-3
5.16611E+0	-6.03027E-2	6.87038E-4	2.89288E-3
5.16616E+0	-6.26953E-2	8.37142E-4	1.79909E-3
5.16616E+0	-6.50879E-2	8.37142E-4	2.30753E-3
5.16797E+0	-6.74805E-2	2.40413E-3	1.88537E-3
5.17085E+0	-6.84082E-2	4.88281E-4	4.88281E-4
5.17168E+0	-7.17773E-2	1.79909E-3	2.54997E-3
5.17505E+0	-7.49512E-2	1.75230E-3	2.34069E-3
5.17578E+0	-7.70996E-2	0.00000E+0	1.99883E-3
5.17573E+0	-7.81250E-2	4.88281E-4	0.00000E+0
5.17578E+0	-7.81738E-2	0.00000E+0	4.88281E-4
5.17578E+0	-7.81250E-2	0.00000E+0	0.00000E+0
5.17578E+0	-7.80762E-2	0.00000E+0	4.88281E-4
5.17578E+0	-7.70020E-2	0.00000E+0	2.06520E-3
5.17578E+0	-7.66113E-2	0.00000E+0	2.26964E-3
5.17578E+0	-7.55859E-2	0.00000E+0	2.45174E-3
5.17578E+0	-7.64160E-2	0.00000E+0	2.34069E-3
5.17578E+0	-7.70996E-2	0.00000E+0	1.99883E-3
5.17578E+0	-7.76855E-2	0.00000E+0	1.40441E-3
5.17578E+0	-7.75879E-2	0.00000E+0	1.53548E-3
5.17578E+0	-7.61230E-2	0.00000E+0	2.41363E-3
5.17578E+0	-7.44629E-2	0.00000E+0	2.12497E-3
5.17695E+0	-7.64648E-2	2.09587E-3	2.32468E-3
5.18086E+0	-7.99316E-2	1.37408E-3	2.36932E-3
5.18438E+0	-8.29590E-2	2.09587E-3	4.88281E-4
5.18545E+0	-8.29102E-2	6.87038E-4	6.87038E-4
5.18555E+0	-8.30078E-2	6.94013E-4	0.00000E+0
5.18965E+0	-8.29590E-2	1.79909E-3	4.88281E-4
5.19209E+0	-8.32520E-2	2.32468E-3	1.06955E-3
5.19512E+0	-8.49121E-2	9.61652E-4	2.39359E-3
5.19531E+0	-8.49609E-2	0.00000E+0	2.40413E-3
5.19668E+0	-8.71094E-2	2.20342E-3	1.79909E-3
5.20063E+0	-8.77441E-2	1.56653E-3	8.37142E-4
5.20405E+0	-8.78906E-2	1.99883E-3	0.00000E+0
5.20508E+0	-8.78906E-2	0.00000E+0	0.00000E+0
5.20537E+0	-8.78906E-2	1.35644E-3	0.00000E+0
5.20937E+0	-8.78906E-2	1.59472E-3	0.00000E+0
5.20996E+0	-8.78906E-2	0.00000E+0	0.00000E+0
5.21006E+0	-8.78906E-2	6.87038E-4	0.00000E+0
5.21211E+0	-8.78418E-2	2.43597E-3	4.88281E-4
5.21440E+0	-8.78906E-2	1.40441E-3	0.00000E+0
5.21484E+0	-8.78906E-2	0.00000E+0	0.00000E+0
5.21499E+0	-8.78906E-2	8.37142E-4	0.00000E+0
5.21714E+0	-8.78906E-2	2.44928E-3	0.00000E+0
5.21968E+0	-8.76465E-2	4.88281E-4	1.06955E-3
5.22031E+0	-8.73535E-2	1.59472E-3	1.53548E-3
5.22368E+0	-8.67676E-2	1.92518E-3	2.06520E-3
5.22505E+0	-8.40820E-2	1.40441E-3	2.03288E-3
5.22705E+0	-8.32031E-2	2.45371E-3	9.61652E-4
5.22910E+0	-8.30078E-2	1.33135E-3	0.00000E+0
5.22949E+0	-8.29590E-2	0.00000E+0	4.88281E-4
5.22949E+0	-8.20312E-2	0.00000E+0	1.96296E-3
5.22954E+0	-8.13477E-2	4.88281E-4	2.32468E-3
5.22954E+0	-8.14941E-2	4.88281E-4	2.26964E-3
5.23032E+0	-8.00293E-2	1.84338E-3	2.39359E-3
5.23286E+0	-7.91504E-2	2.26964E-3	1.99883E-3
5.23359E+0	-7.82715E-2	1.79909E-3	8.37142E-4
5.23423E+0	-7.81738E-2	8.37142E-4	4.88281E-4
5.23438E+0	-7.65625E-2	0.00000E+0	2.28919E-3
5.23525E+0	-7.45605E-2	1.88537E-3	2.28656E-3
5.23770E+0	-7.29492E-2	2.28919E-3	1.35644E-3
5.23926E+0	-6.96289E-2	6.94013E-4	2.15256E-3
5.24116E+0	-6.84570E-2	2.39359E-3	6.87038E-4
5.24263E+0	-6.69434E-2	2.26964E-3	2.22680E-3
5.24346E+0	-6.51367E-2	1.70281E-3	2.32468E-3
5.24390E+0	-6.47949E-2	1.06955E-3	2.17869E-3
5.24414E+0	-6.30371E-2	0.00000E+0	2.09300E-3
5.24448E+0	-5.96680E-2	1.25211E-3	2.46154E-3
5.24761E+0	-5.40527E-2	2.22680E-3	2.79809E-3
5.24902E+0	-4.85840E-2	0.00000E+0	2.12497E-3
5.25020E+0	-4.37988E-2	2.09587E-3	3.06114E-3
5.25244E+0	-3.94043E-2	2.24886E-3	2.11133E-3
5.25283E+0	-3.77930E-2	2.03288E-3	2.36576E-3
5.25391E+0	-3.14941E-2	0.00000E+0	3.20864E-3
5.25400E+0	-2.51953E-2	9.76562E-4	3.15909E-3
5.25391E+0	-1.57715E-2	0.00000E+0	4.15568E-3
5.25439E+0	-1.36719E-2	2.13909E-3	2.68790E-3
5.25625E+0	-1.38672E-2	4.19175E-3	3.15909E-3
5.26211E+0	-8.93555E-3	3.59817E-3	2.69282E-3
5.26357E+0	-4.39453E-3	9.76562E-4	3.29199E-3
5.26357E+0	-3.36914E-3	9.76562E-4	2.91939E-3
5.26563E+0	6.39648E-3	2.40413E-3	6.75353E-3
5.26812E+0	1.62109E-2	1.40441E-3	3.66449E-3
5.26831E+0	1.36230E-2	1.06955E-3	3.20263E-3
5.26836E+0	1.82617E-2	9.61652E-4	3.77711E-3
5.27090E+0	2.65137E-2	2.45174E-3	4.61688E-3
5.27339E+0	4.25781E-2	4.88281E-4	8.30151E-3
5.27363E+0	4.95117E-2	9.61652E-4	7.34540E-3
5.27769E+0	6.64551E-2	1.65038E-3	8.23788E-3
5.28198E+0	1.02930E-1	2.63131E-3	1.34696E-2
5.28843E+0	1.34912E-1	1.25211E-3	7.65477E-3
5.29131E+0	1.31201E-1	2.32468E-3	7.33342E-3
5.29219E+0	1.27051E-1	1.79909E-3	6.08915E-3
5.29395E+0	1.40039E-1	1.96296E-3	6.97060E-3
5.29766E+0	1.48828E-1	9.61652E-4	6.52815E-3
5.29785E+0	1.53125E-1	0.00000E+0	5.21757E-3
5.29785E+0	1.53320E-1	0.00000E+0	5.19352E-3
5.29785E+0	1.55322E-1	0.00000E+0	5.79386E-3
5.29980E+0	1.60986E-1	2.40413E-3	6.67318E-3
5.30259E+0	1.65186E-1	8.37142E-4	6.24823E-3
5.30503E+0	1.68652E-1	2.44928E-3	6.22371E-3
5.30723E+0	1.68311E-1	1.33135E-3	6.10790E-3
5.31060E+0	1.72119E-1	2.39359E-3	6.29891E-3
5.31255E+0	1.72852E-1	4.88281E-4	6.36073E-3
5.31426E+0	1.71143E-1	2.35556E-3	6.37491E-3
5.31626E+0	1.68311E-1	2.06520E-3	6.18626E-3
5.31724E+0	1.67041E-1	8.37142E-4	5.81875E-3
5.31978E+0	1.67529E-1	2.54949E-3	5.95781E-3
5.32622E+0	1.65234E-1	1.92518E-3	6.35012E-3
5.32876E+0	1.65137E-1	2.30753E-3	5.94506E-3
5.32861E+0	1.66260E-1	2.24886E-3	5.94486E-3
5.32915E+0	1.72021E-1	2.41363E-3	7.10660E-3
5.33003E+0	1.66699E-1	2.41363E-3	7.85247E-3
5.33057E+0	1.63037E-1	2.24886E-3	6.72494E-3
5.33076E+0	1.58203E-1	2.15256E-3	6.08994E-3
5.33037E+0	1.56689E-1	2.32468E-3	6.32637E-3
5.33032E+0	1.54346E-1	2.34069E-3	5.63370E-3
5.32983E+0	1.52344E-1	2.44141E-3	5.05249E-3
5.33052E+0	1.49463E-1	2.26964E-3	5.46003E-3
5.33066E+0	1.55811E-1	2.20342E-3	5.51271E-3
5.33062E+0	1.52441E-1	2.22680E-3	5.40172E-3
5.33081E+0	1.53027E-1	2.12497E-3	5.38565E-3
5.33066E+0	1.52881E-1	2.20342E-3	5.13265E-3
5.33071E+0	1.53223E-1	2.17869E-3	5.22956E-3
5.33013E+0	1.58057E-1	2.39359E-3	6.30960E-3
5.33169E+0	1.60254E-1	1.25211E-3	6.48744E-3
5.33237E+0	1.57422E-1	1.25211E-3	5.93452E-3
5.33589E+0	1.53955E-1	1.99883E-3	5.35133E-3
5.33691E+0	1.50342E-1	0.00000E+0	5.25322E-3
5.33994E+0	1.49854E-1	2.38199E-3	4.98990E-3
5.34175E+0	1.46338E-1	4.88281E-4	5.57180E-3
5.34185E+0	1.39453E-1	4.88281E-4	5.81978E-3
5.34316E+0	1.37158E-1	2.20342E-3	5.24405E-3
5.34639E+0	1.33008E-1	1.16545E-3	5.68582E-3
5.34668E+0	1.26611E-1	0.00000E+0	5.47589E-3
5.34727E+0	1.26416E-1	1.59472E-3	5.50396E-3
5.34956E+0	1.23828E-1	2.41363E-3	5.48753E-3
5.35215E+0	1.17432E-1	1.73919E-3	5.78055E-3
5.35640E+0	1.17383E-1	4.88281E-4	5.09615E-3
5.35703E+0	1.10449E-1	1.59472E-3	4.94554E-3
5.36323E+0	1.02930E-1	2.39359E-3	5.99749E-3
5.36890E+0	8.47168E-2	2.44141E-3	7.32422E-3
5.37163E+0	7.10449E-2	1.53548E-3	4.18571E-3
5.37261E+0	6.45508E-2	2.26964E-3	4.42103E-3
5.37500E+0	6.11816E-2	1.96296E-3	3.95374E-3
5.37598E+0	5.69336E-2	0.00000E+0	3.93940E-3
5.37598E+0	4.79492E-2	0.00000E+0	7.15809E-3
5.37954E+0	3.52051E-2	2.17869E-3	4.40548E-3
5.38267E+0	2.40723E-2	2.36932E-3	4.06190E-3
5.38413E+0	1.69922E-2	2.30753E-3	3.50322E-3
5.38569E+0	1.12793E-2	4.88281E-4	3.15719E-3
5.38931E+0	2.39258E-3	2.17869E-3	3.76913E-3
5.39067E+0	-7.22656E-3	4.88281E-4	3.21651E-3
5.39180E+0	-1.33301E-2	2.09587E-3	2.93256E-3
5.39541E+0	-2.06055E-2	6.87038E-4	3.22399E-3
5.39561E+0	-2.67090E-2	6.87038E-4	2.63862E-3
5.39761E+0	-3.18359E-2	2.42954E-3	2.73057E-3
5.40068E+0	-3.86719E-2	1.35644E-3	2.26805E-3
5.40410E+0	-4.35547E-2	2.09587E-3	2.26805E-3
5.40508E+0	-4.58984E-2	9.61652E-4	2.40413E-3
5.40527E+0	-4.83887E-2	0.00000E+0	1.56653E-3
5.40537E+0	-5.03418E-2	6.87038E-4	2.26964E-3
5.40913E+0	-5.62500E-2	1.99883E-3	2.73057E-3
5.41265E+0	-6.30371E-2	2.45321E-3	2.60555E-3
5.41504E+0	-6.82129E-2	0.00000E+0	8.37142E-4
5.41597E+0	-7.10449E-2	1.92518E-3	2.44141E-3
5.41973E+0	-7.46094E-2	9.61652E-4	2.20342E-3
5.42173E+0	-7.77344E-2	2.36932E-3	1.33135E-3
5.42686E+0	-8.03223E-2	2.42209E-3	2.44141E-3
5.43105E+0	-8.28613E-2	2.20342E-3	8.37142E-4
5.43447E+0	-8.32520E-2	6.87038E-4	1.06955E-3
5.43457E+0	-8.57422E-2	0.00000E+0	2.43597E-3
5.43477E+0	-8.71094E-2	9.61652E-4	1.79909E-3
5.43633E+0	-8.75488E-2	2.35556E-3	1.25211E-3
5.43911E+0	-8.77441E-2	1.25211E-3	8.37142E-4
5.44238E+0	-8.78906E-2	2.40413E-3	0.00000E+0
5.44458E+0	-8.78906E-2	1.06955E-3	0.00000E+0
5.44858E+0	-8.78906E-2	1.65038E-3	0.00000E+0
5.45459E+0	-8.78906E-2	4.88281E-3	0.00000E+0
5.45898E+0	-8.79395E-2	0.00000E+0	4.88281E-4
5.46006E+0	-8.80371E-2	2.03288E-3	8.37142E-4
5.46411E+0	-8.83301E-2	1.27498E-3	1.40441E-3
5.46816E+0	-8.88672E-2	1.59472E-3	1.96296E-3
5.47153E+0	-8.87695E-2	2.42954E-3	1.88537E-3
5.47354E+0	-8.95996E-2	6.87038E-4	2.34069E-3
5.47544E+0	-9.06250E-2	2.36932E-3	2.43597E-3
5.47778E+0	-9.08203E-2	1.75230E-3	2.40413E-3
5.47847E+0	-9.14062E-2	4.88281E-4	2.20342E-3
5.48013E+0	-9.21387E-2	2.30753E-3	1.65038E-3
5.48408E+0	-9.21875E-2	1.96542E-3	1.59472E-3
5.48843E+0	-9.25293E-2	8.37142E-4	1.06955E-3
5.49229E+0	-9.27734E-2	1.88537E-3	0.00000E+0
5.49624E+0	-9.27734E-2	2.36932E-3	0.00000E+0
5.49819E+0	-9.27734E-2	8.37142E-4	0.00000E+0
5.50088E+0	-9.27734E-2	2.42209E-3	0.00000E+0
5.50298E+0	-9.27734E-2	4.88281E-4	0.00000E+0
5.50552E+0	-9.27734E-2	2.44928E-3	0.00000E+0
5.50776E+0	-9.27734E-2	1.09623E-3	0.00000E+0
5.50962E+0	-9.27734E-2	2.36932E-3	0.00000E+0
5.51260E+0	-9.27734E-2	6.87038E-4	0.00000E+0
5.51528E+0	-9.27734E-2	2.44928E-3	0.00000E+0
5.51758E+0	-9.27734E-2	0.00000E+0	0.00000E+0
5.51782E+0	-9.27734E-2	1.06955E-3	0.00000E+0
5.51953E+0	-9.27734E-2	2.40413E-3	0.00000E+0
5.52212E+0	-9.27734E-2	1.25211E-3	0.00000E+0
5.52358E+0	-9.27734E-2	2.06520E-3	0.00000E+0
5.52695E+0	-9.27734E-2	1.33135E-3	0.00000E+0
5.52739E+0	-9.27734E-2	4.88281E-4	0.00000E+0
5.53047E+0	-9.27734E-2	2.35556E-3	0.00000E+0
5.53228E+0	-9.27734E-2	4.88281E-4	0.00000E+0
5.53599E+0	-9.27734E-2	2.06520E-3	0.00000E+0
5.53711E+0	-9.27246E-2	0.00000E+0	4.88281E-4
5.53711E+0	-9.27734E-2	0.00000E+0	0.00000E+0
5.53735E+0	-9.27734E-2	1.06955E-3	0.00000E+0
5.54102E+0	-9.27734E-2	1.96296E-3	0.00000E+0
5.54565E+0	-9.28711E-2	2.23543E-3	6.87038E-4
5.55156E+0	-9.27734E-2	1.95312E-3	0.00000E+0
5.55659E+0	-9.27734E-2	4.88281E-4	0.00000E+0
5.56001E+0	-9.27734E-2	2.26964E-3	0.00000E+0
5.56431E+0	-9.27734E-2	2.42954E-3	0.00000E+0
5.56670E+0	-9.27734E-2	1.16545E-3	0.00000E+0
5.57017E+0	-9.28223E-2	2.06520E-3	4.88281E-4
5.57217E+0	-9.27734E-2	1.88537E-3	0.00000E+0
5.57588E+0	-9.27734E-2	1.16545E-3	0.00000E+0
5.57632E+0	-9.27734E-2	8.37142E-4	0.00000E+0
5.57930E+0	-9.27734E-2	2.35556E-3	0.00000E+0
5.58320E+0	-9.28223E-2	2.43597E-3	4.88281E-4
5.58809E+0	-9.27734E-2	2.43597E-3	0.00000E+0
5.59209E+0	-9.27734E-2	2.15256E-3	0.00000E+0
5.59565E+0	-9.27734E-2	4.88281E-4	0.00000E+0
5.59854E+0	-9.27734E-2	2.42209E-3	0.00000E+0
5.60483E+0	-9.27734E-2	2.26540E-3	0.00000E+0
5.61260E+0	-9.27734E-2	2.63542E-3	0.00000E+0
5.61528E+0	-9.27734E-2	4.88281E-4	0.00000E+0
5.61860E+0	-9.27246E-2	2.26964E-3	4.88281E-4
5.62012E+0	-9.27246E-2	0.00000E+0	4.88281E-4
5.62036E+0	-9.26758E-2	1.06955E-3	6.87038E-4
5.62183E+0	-9.27246E-2	2.34069E-3	4.88281E-4
5.62446E+0	-9.26758E-2	1.53548E-3	6.87038E-4
5.62500E+0	-9.25781E-2	0.00000E+0	9.61652E-4
5.62622E+0	-9.25781E-2	2.12497E-3	9.61652E-4
5.62983E+0	-9.27246E-2	8.48571E-4	4.88281E-4
5.63438E+0	-9.25293E-2	1.50138E-3	1.06955E-3
5.63882E+0	-9.26270E-2	2.50759E-3	8.37142E-4
5.64419E+0	-9.20410E-2	1.25211E-3	1.75230E-3
5.64619E+0	-9.22852E-2	3.68677E-3	1.47222E-3
5.65391E+0	-9.21387E-2	1.92330E-3	1.65038E-3
5.65566E+0	-9.21387E-2	2.20342E-3	1.65038E-3
5.65903E+0	-9.24316E-2	8.37142E-4	1.25211E-3
5.66069E+0	-9.24316E-2	2.26964E-3	1.25211E-3
5.66396E+0	-9.22363E-2	6.87038E-4	1.53548E-3
5.66602E+0	-9.25781E-2	2.40413E-3	9.61652E-4
5.66899E+0	-9.25293E-2	8.48571E-4	1.06955E-3
5.67246E+0	-9.27734E-2	2.20342E-3	0.00000E+0
5.67466E+0	-9.25781E-2	1.84338E-3	9.61652E-4
5.67617E+0	-9.26758E-2	2.45174E-3	6.87038E-4
5.67744E+0	-9.26758E-2	2.15256E-3	6.87038E-4
5.67866E+0	-9.27734E-2	4.88281E-4	0.00000E+0
5.67871E+0	-9.27734E-2	0.00000E+0	0.00000E+0
5.67871E+0	-9.27246E-2	0.00000E+0	4.88281E-4
5.67871E+0	-9.27734E-2	0.00000E+0	0.00000E+0
5.67871E+0	-9.27734E-2	0.00000E+0	0.00000E+0
5.67871E+0	-9.27246E-2	0.00000E+0	4.88281E-4
5.67871E+0	-9.27246E-2	0.00000E+0	4.88281E-4
5.67871E+0	-9.27246E-2	0.00000E+0	4.88281E-4
5.67871E+0	-9.27734E-2	0.00000E+0	0.00000E+0
5.67871E+0	-9.27734E-2	0.00000E+0	0.00000E+0
5.67871E+0	-9.27246E-2	0.00000E+0	4.88281E-4
5.67871E+0	-9.27246E-2	0.00000E+0	4.88281E-4
5.67871E+0	-9.27734E-2	0.00000E+0	0.00000E+0
5.67871E+0	-9.27734E-2	0.00000E+0	0.00000E+0
5.67871E+0	-9.27246E-2	0.00000E+0	4.88281E-4
5.67871E+0	-9.27734E-2	0.00000E+0	0.00000E+0
5.67871E+0	-9.27734E-2	0.00000E+0	0.00000E+0
5.67871E+0	-9.27734E-2	0.00000E+0	0.00000E+0
5.67871E+0	-9.27734E-2	0.00000E+0	0.00000E+0
5.67871E+0	-9.27734E-2	0.00000E+0	0.00000E+0
5.67871E+0	-9.27246E-2	0.00000E+0	4.88281E-4
5.67871E+0	-9.26758E-2	0.00000E+0	6.87038E-4
5.67871E+0	-9.26758E-2	0.00000E+0	6.87038E-4
5.67871E+0	-9.27734E-2	0.00000E+0	0.00000E+0
5.67871E+0	-9.26758E-2	0.00000E+0	6.87038E-4
5.67871E+0	-9.27734E-2	0.00000E+0	0.00000E+0
5.67871E+0	-9.27734E-2	0.00000E+0	0.00000E+0
5.67871E+0	-9.26758E-2	0.00000E+0	6.87038E-4
5.67871E+0	-9.27734E-2	0.00000E+0	0.00000E+0
5.67871E+0	-9.27734E-2	0.00000E+0	0.00000E+0
5.67871E+0	-9.27246E-2	0.00000E+0	4.88281E-4
5.67871E+0	-9.27734E-2	0.00000E+0	0.00000E+0
5.67871E+0	-9.27734E-2	0.00000E+0	0.00000E+0
5.67871E+0	-9.27246E-2	0.00000E+0	4.88281E-4
5.67871E+0	-9.26758E-2	0.00000E+0	6.87038E-4
5.67871E+0	-9.27734E-2	0.00000E+0	0.00000E+0
5.67871E+0	-9.27734E-2	0.00000E+0	0.00000E+0
5.67871E+0	-9.27734E-2	0.00000E+0	0.00000E+0
5.67871E+0	-9.27734E-2	0.00000E+0	0.00000E+0
5.67871E+0	-9.27734E-2	0.00000E+0	0.00000E+0
