4.75527E+0	-9.05762E-2	1.59472E-3	2.44141E-3
4.75508E+0	-9.02344E-2	1.79909E-3	2.45174E-3
4.75542E+0	-9.07715E-2	1.40441E-3	2.41363E-3
4.75547E+0	-9.13574E-2	1.33135E-3	2.22680E-3
4.75483E+0	-9.09180E-2	1.99883E-3	2.38199E-3
4.75522E+0	-9.13086E-2	1.65038E-3	2.24886E-3
4.75508E+0	-9.12109E-2	1.79909E-3	2.28919E-3
4.75508E+0	-9.16504E-2	1.79909E-3	2.06520E-3
4.75503E+0	-9.16504E-2	1.84338E-3	2.06520E-3
4.75527E+0	-9.11621E-2	1.59472E-3	2.30753E-3
4.75522E+0	-9.14062E-2	1.65038E-3	2.20342E-3
4.75513E+0	-9.15039E-2	1.75230E-3	2.15256E-3
4.75518E+0	-9.11621E-2	1.70281E-3	2.30753E-3
4.75498E+0	-9.16992E-2	1.88537E-3	2.03288E-3
4.75483E+0	-9.16992E-2	1.99883E-3	2.03288E-3
4.75498E+0	-9.19434E-2	1.88537E-3	1.84338E-3
4.75454E+0	-9.17969E-2	2.17869E-3	1.96296E-3
4.75488E+0	-9.23340E-2	1.96296E-3	1.40441E-3
4.75508E+0	-9.23340E-2	1.79909E-3	1.40441E-3
4.75488E+0	-9.19922E-2	1.96296E-3	1.79909E-3
4.75508E+0	-9.17969E-2	1.79909E-3	1.96296E-3
4.75522E+0	-9.18945E-2	1.65038E-3	1.88537E-3
4.75513E+0	-9.19434E-2	1.75230E-3	1.84338E-3
4.75493E+0	-9.19922E-2	1.92518E-3	1.79909E-3
4.75513E+0	-9.17480E-2	1.75230E-3	1.99883E-3
4.75522E+0	-9.16504E-2	1.65038E-3	2.06520E-3
4.75503E+0	-9.17480E-2	1.84338E-3	1.99883E-3
4.75508E+0	-9.18945E-2	1.79909E-3	1.88537E-3
4.75527E+0	-9.19434E-2	1.59472E-3	1.84338E-3
4.75479E+0	-9.21387E-2	2.03288E-3	1.65038E-3
4.75513E+0	-9.24805E-2	1.75230E-3	1.16545E-3
4.75522E+0	-9.17969E-2	1.65038E-3	1.96296E-3
4.75474E+0	-9.17969E-2	2.06520E-3	1.96296E-3
4.75508E+0	-9.21875E-2	1.79909E-3	1.59472E-3
4.75498E+0	-9.22852E-2	1.88537E-3	1.47222E-3
4.75493E+0	-9.23828E-2	1.92518E-3	1.33135E-3
4.75513E+0	-9.24316E-2	1.75230E-3	1.25211E-3
4.75493E+0	-9.25781E-2	1.92518E-3	9.61652E-4
4.75537E+0	-9.26270E-2	1.47222E-3	8.37142E-4
4.75586E+0	-9.27246E-2	0.00000E+0	4.88281E-4
4.75610E+0	-9.27246E-2	1.06955E-3	4.88281E-4
4.75698E+0	-9.27734E-2	2.06520E-3	0.00000E+0
4.75801E+0	-9.26758E-2	2.43597E-3	6.87038E-4
4.75879E+0	-9.27734E-2	2.40413E-3	0.00000E+0
4.76069E+0	-9.27734E-2	1.29745E-3	0.00000E+0
4.76489E+0	-9.27734E-2	1.75230E-3	0.00000E+0
4.77031E+0	-9.27734E-2	2.68072E-3	0.00000E+0
4.77612E+0	-9.27734E-2	1.88473E-3	0.00000E+0
4.78335E+0	-9.27734E-2	2.65681E-3	0.00000E+0
4.79048E+0	-9.27734E-2	2.31170E-3	0.00000E+0
4.79492E+0	-9.27734E-2	6.94013E-4	0.00000E+0
4.79922E+0	-9.27734E-2	1.99702E-3	0.00000E+0
4.80420E+0	-9.27734E-2	1.47222E-3	0.00000E+0
4.80820E+0	-9.27734E-2	2.41213E-3	0.00000E+0
4.81260E+0	-9.27734E-2	2.38199E-3	0.00000E+0
4.81416E+0	-9.27734E-2	1.16545E-3	0.00000E+0
4.81426E+0	-9.27734E-2	9.61652E-4	0.00000E+0
4.81426E+0	-9.27734E-2	9.61652E-4	0.00000E+0
4.81426E+0	-9.27734E-2	9.61652E-4	0.00000E+0
4.81426E+0	-9.27734E-2	9.61652E-4	0.00000E+0
4.81445E+0	-9.27734E-2	0.00000E+0	0.00000E+0
4.81445E+0	-9.27734E-2	0.00000E+0	0.00000E+0
4.81445E+0	-9.27734E-2	0.00000E+0	0.00000E+0
4.81445E+0	-9.28223E-2	0.00000E+0	4.88281E-4
4.81445E+0	-9.27734E-2	0.00000E+0	0.00000E+0
4.81445E+0	-9.27734E-2	0.00000E+0	0.00000E+0
4.81445E+0	-9.27734E-2	0.00000E+0	0.00000E+0
4.81567E+0	-9.27734E-2	2.12497E-3	0.00000E+0
4.82153E+0	-9.27734E-2	2.44141E-3	0.00000E+0
4.82725E+0	-9.27734E-2	2.38199E-3	0.00000E+0
4.82969E+0	-9.27734E-2	1.59472E-3	0.00000E+0
4.83379E+0	-9.27734E-2	9.61652E-4	0.00000E+0
4.83398E+0	-9.27734E-2	0.00000E+0	0.00000E+0
4.83433E+0	-9.27734E-2	1.25211E-3	0.00000E+0
4.84028E+0	-9.27734E-2	2.96848E-3	0.00000E+0
4.84990E+0	-9.27734E-2	3.44359E-3	0.00000E+0
4.85527E+0	-9.27734E-2	2.35556E-3	0.00000E+0
4.85635E+0	-9.27734E-2	2.42209E-3	0.00000E+0
4.85688E+0	-9.27734E-2	2.26964E-3	0.00000E+0
4.85811E+0	-9.28223E-2	1.67428E-3	4.88281E-4
4.86201E+0	-9.27734E-2	2.15256E-3	0.00000E+0
4.86367E+0	-9.27734E-2	1.33135E-3	0.00000E+0
4.86543E+0	-9.27734E-2	2.43597E-3	0.00000E+0
4.86826E+0	-9.27734E-2	1.54875E-3	0.00000E+0
4.87588E+0	-9.27734E-2	3.99766E-3	0.00000E+0
4.88408E+0	-9.27734E-2	3.51283E-3	0.00000E+0
4.89087E+0	-9.27734E-2	2.34069E-3	0.00000E+0
4.89663E+0	-9.27734E-2	1.84338E-3	0.00000E+0
4.89746E+0	-9.27734E-2	0.00000E+0	0.00000E+0
4.89746E+0	-9.27734E-2	0.00000E+0	0.00000E+0
4.89746E+0	-9.27734E-2	0.00000E+0	0.00000E+0
4.89976E+0	-9.27734E-2	2.44928E-3	0.00000E+0
4.90547E+0	-9.26270E-2	2.55185E-3	8.37142E-4
4.91328E+0	-8.89160E-2	2.51382E-3	1.99883E-3
4.91729E+0	-8.60840E-2	1.16545E-3	2.36932E-3
4.92153E+0	-8.21289E-2	1.25211E-3	1.88537E-3
4.92554E+0	-7.71973E-2	2.12497E-3	2.37338E-3
4.92681E+0	-7.10937E-2	4.88281E-4	2.62627E-3
4.92710E+0	-6.82617E-2	1.25211E-3	6.87038E-4
4.92700E+0	-6.78711E-2	1.06955E-3	1.47222E-3
4.92744E+0	-6.76758E-2	1.70281E-3	1.70281E-3
4.93076E+0	-6.40625E-2	1.88537E-3	2.96726E-3
4.93398E+0	-5.54687E-2	2.45174E-3	4.01809E-3
4.93652E+0	-4.48242E-2	0.00000E+0	3.13307E-3
4.93926E+0	-3.83301E-2	2.43597E-3	3.56421E-3
4.94287E+0	-2.78809E-2	2.24886E-3	4.97056E-3
4.94917E+0	-7.91016E-3	2.51142E-3	6.86266E-3
4.95586E+0	1.28906E-2	1.18593E-3	6.41802E-3
4.96001E+0	3.19824E-2	1.92518E-3	4.40985E-3
4.96060E+0	3.52051E-2	1.25211E-3	3.88244E-3
4.96079E+0	3.85742E-2	8.37142E-4	3.95648E-3
4.96084E+0	4.32617E-2	6.87038E-4	5.80736E-3
4.96089E+0	4.71191E-2	8.48571E-4	6.26056E-3
4.96084E+0	4.95605E-2	6.87038E-4	6.45003E-3
4.96152E+0	5.26855E-2	1.59472E-3	5.77721E-3
4.96250E+0	5.40527E-2	2.28919E-3	4.91991E-3
4.96548E+0	5.98633E-2	1.25211E-3	6.11441E-3
4.96582E+0	6.25977E-2	0.00000E+0	4.46440E-3
4.96675E+0	6.65039E-2	1.92518E-3	6.75656E-3
4.97251E+0	7.79785E-2	2.46887E-3	5.57180E-3
4.97559E+0	8.91113E-2	0.00000E+0	6.98768E-3
4.97583E+0	1.00684E-1	1.06955E-3	9.04296E-3
4.97969E+0	1.13428E-1	1.79909E-3	6.31723E-3
4.98091E+0	1.29395E-1	1.40441E-3	8.16756E-3
4.98496E+0	1.41895E-1	1.33135E-3	8.26487E-3
4.98843E+0	1.58740E-1	2.36932E-3	9.57876E-3
4.99160E+0	1.79590E-1	2.20342E-3	7.68382E-3
4.99507E+0	1.99170E-1	4.88281E-4	8.81410E-3
4.99849E+0	2.15674E-1	2.26964E-3	7.63588E-3
5.00200E+0	2.38184E-1	2.41363E-3	1.17076E-2
5.00605E+0	2.64746E-1	2.09587E-3	1.02371E-2
5.01162E+0	2.82227E-1	2.38199E-3	1.04564E-2
5.01592E+0	3.10254E-1	2.15256E-3	1.09825E-2
5.02187E+0	3.28564E-1	2.45174E-3	1.02304E-2
5.02759E+0	3.48096E-1	2.34069E-3	1.00403E-2
5.03242E+0	3.54785E-1	2.35556E-3	1.04844E-2
5.03804E+0	3.62012E-1	2.80153E-3	1.02003E-2
5.04370E+0	3.65381E-1	1.06955E-3	1.04806E-2
5.04663E+0	3.65332E-1	2.44141E-3	1.01615E-2
5.04893E+0	3.63867E-1	6.87038E-4	9.77745E-3
5.04932E+0	3.61377E-1	1.47222E-3	1.01879E-2
5.05186E+0	3.59424E-1	2.38199E-3	9.88560E-3
5.05371E+0	3.53223E-1	0.00000E+0	1.08235E-2
5.05464E+0	3.47266E-1	1.92518E-3	1.24590E-2
5.05801E+0	3.40137E-1	1.59472E-3	1.05531E-2
5.05879E+0	3.36670E-1	9.61652E-4	1.09815E-2
5.06260E+0	3.28955E-1	1.88537E-3	1.09657E-2
5.06631E+0	3.18018E-1	4.45359E-3	8.98619E-3
5.07295E+0	3.10400E-1	1.67428E-3	8.56354E-3
5.07559E+0	3.03271E-1	2.45174E-3	8.55341E-3
5.07803E+0	2.97510E-1	6.87038E-4	9.21379E-3
5.07813E+0	2.90234E-1	0.00000E+0	8.56537E-3
5.07915E+0	2.86914E-1	1.99883E-3	8.58783E-3
5.08296E+0	2.83643E-1	1.29745E-3	8.35976E-3
5.08667E+0	2.77197E-1	2.12497E-3	8.29498E-3
5.08794E+0	2.70264E-1	4.88281E-4	8.65083E-3
5.08975E+0	2.70361E-1	2.38199E-3	8.05339E-3
5.09219E+0	2.70215E-1	1.59472E-3	9.13411E-3
5.09297E+0	2.75000E-1	9.61652E-4	9.53807E-3
5.09619E+0	2.65088E-1	2.24886E-3	9.64890E-3
5.09761E+0	2.65771E-1	4.88281E-4	8.75818E-3
5.09766E+0	2.64160E-1	0.00000E+0	9.34987E-3
5.09780E+0	2.60352E-1	8.37142E-4	9.48744E-3
5.09805E+0	2.59033E-1	1.33135E-3	9.11181E-3
5.09819E+0	2.72607E-1	1.53548E-3	9.05028E-3
5.09829E+0	2.71484E-1	1.65038E-3	9.88816E-3
5.09971E+0	2.77637E-1	2.42209E-3	8.47207E-3
5.10117E+0	2.67822E-1	2.20342E-3	8.70633E-3
5.10210E+0	2.67725E-1	1.40441E-3	8.69748E-3
5.10205E+0	2.69727E-1	1.47222E-3	8.18582E-3
5.10215E+0	2.72461E-1	1.33135E-3	7.85186E-3
5.10254E+0	2.72607E-1	0.00000E+0	8.15443E-3
5.10283E+0	2.71289E-1	1.16545E-3	9.00400E-3
5.10288E+0	2.74268E-1	1.25211E-3	8.09515E-3
5.10278E+0	2.69971E-1	1.06955E-3	8.01262E-3
5.10278E+0	2.65820E-1	1.06955E-3	8.04337E-3
5.10352E+0	2.66797E-1	1.96296E-3	8.40071E-3
5.10557E+0	2.66943E-1	2.38199E-3	8.50144E-3
5.10693E+0	2.68359E-1	1.47222E-3	8.26779E-3
5.10718E+0	2.72168E-1	1.06955E-3	8.60184E-3
5.10723E+0	2.77637E-1	9.61652E-4	8.27070E-3
5.10742E+0	2.83105E-1	0.00000E+0	9.61602E-3
5.10801E+0	2.87402E-1	1.59472E-3	8.55693E-3
5.10947E+0	2.88770E-1	2.42209E-3	8.86111E-3
5.11006E+0	2.91895E-1	2.44584E-3	8.76711E-3
5.11187E+0	2.91553E-1	1.40441E-3	8.62072E-3
5.11245E+0	2.92041E-1	8.37142E-4	8.85227E-3
5.11250E+0	2.94238E-1	9.61652E-4	8.82297E-3
5.11250E+0	2.94824E-1	9.61652E-4	8.49365E-3
5.11387E+0	2.93213E-1	2.28919E-3	8.25190E-3
5.11665E+0	2.96582E-1	1.53548E-3	9.70676E-3
5.11719E+0	3.07812E-1	0.00000E+0	8.41217E-3
5.11724E+0	3.14990E-1	4.88281E-4	9.03537E-3
5.11738E+0	3.17822E-1	9.61652E-4	8.64304E-3
5.11836E+0	3.17480E-1	2.09587E-3	8.66766E-3
5.12134E+0	3.20850E-1	1.75230E-3	9.03004E-3
5.12344E+0	3.21289E-1	2.20342E-3	8.66822E-3
5.12607E+0	3.19531E-1	1.88537E-3	8.78742E-3
5.12642E+0	3.24316E-1	1.53548E-3	9.41865E-3
5.12695E+0	3.27295E-1	0.00000E+0	9.62791E-3
5.12695E+0	3.30127E-1	0.00000E+0	9.71358E-3
5.12700E+0	3.33545E-1	4.88281E-4	9.90507E-3
5.13013E+0	3.38770E-1	2.34069E-3	9.76020E-3
5.13423E+0	3.48047E-1	2.45321E-3	1.06182E-2
5.13672E+0	3.56152E-1	0.00000E+0	9.68689E-3
5.13672E+0	3.62402E-1	0.00000E+0	1.02135E-2
5.13691E+0	3.67187E-1	9.61652E-4	1.03638E-2
5.14053E+0	3.74170E-1	2.03288E-3	1.03325E-2
5.14302E+0	3.82178E-1	2.22680E-3	1.01015E-2
5.14561E+0	3.85449E-1	1.88537E-3	9.68689E-3
5.14644E+0	3.87012E-1	4.88281E-4	1.00959E-2
5.14976E+0	3.91650E-1	2.30753E-3	1.03008E-2
5.15137E+0	3.94385E-1	0.00000E+0	1.04760E-2
5.15137E+0	3.95508E-1	0.00000E+0	9.74093E-3
5.15137E+0	3.95801E-1	0.00000E+0	1.01007E-2
5.15132E+0	3.95508E-1	4.88281E-4	9.71618E-3
5.15137E+0	3.96729E-1	0.00000E+0	1.01614E-2
5.15137E+0	3.98291E-1	0.00000E+0	9.99125E-3
5.15200E+0	3.98877E-1	1.65038E-3	1.03800E-2
5.15571E+0	4.00537E-1	1.53548E-3	9.94777E-3
5.15630E+0	3.99561E-1	4.88281E-4	1.01063E-2
5.15913E+0	3.95508E-1	2.41363E-3	1.00572E-2
5.16118E+0	3.96094E-1	4.88281E-4	9.99186E-3
5.16147E+0	3.99121E-1	1.25211E-3	1.00000E-2
5.16479E+0	3.95850E-1	2.12497E-3	1.00872E-2
5.16787E+0	3.89941E-1	2.38199E-3	1.00816E-2
5.17090E+0	3.84326E-1	0.00000E+0	9.96809E-3
5.17217E+0	3.78516E-1	2.15256E-3	1.03284E-2
5.17573E+0	3.66553E-1	4.88281E-4	9.91868E-3
5.17764E+0	3.56494E-1	2.38199E-3	1.10279E-2
5.18022E+0	3.44287E-1	1.40441E-3	9.77782E-3
5.18052E+0	3.40479E-1	8.37142E-4	9.30741E-3
5.18037E+0	3.40186E-1	1.16545E-3	8.86206E-3
5.18062E+0	3.43066E-1	4.88281E-4	9.19717E-3
5.18110E+0	3.37793E-1	1.40441E-3	9.47474E-3
5.18560E+0	3.18799E-1	1.09623E-3	9.42159E-3
5.18838E+0	3.07666E-1	2.42209E-3	8.31354E-3
5.19014E+0	3.00342E-1	1.16545E-3	8.45714E-3
5.19048E+0	2.95264E-1	8.48571E-4	9.82598E-3
5.19229E+0	2.79199E-1	2.38199E-3	8.16402E-3
5.19531E+0	2.77295E-1	0.00000E+0	9.10969E-3
5.19590E+0	2.59033E-1	1.59472E-3	1.21279E-2
5.20000E+0	2.41699E-1	9.61652E-4	9.97304E-3
5.20273E+0	2.30127E-1	2.45174E-3	7.55980E-3
5.20396E+0	2.26025E-1	2.06520E-3	7.28862E-3
5.20430E+0	2.23145E-1	1.79909E-3	6.71078E-3
5.20483E+0	2.19434E-1	1.06955E-3	7.20638E-3
5.20508E+0	2.13818E-1	0.00000E+0	7.41961E-3
5.20664E+0	2.12012E-1	2.28919E-3	7.11761E-3
5.20952E+0	2.09131E-1	1.40441E-3	7.04534E-3
5.21011E+0	2.00635E-1	8.37142E-4	7.82405E-3
5.21338E+0	1.90088E-1	2.24886E-3	6.62973E-3
5.21416E+0	1.82959E-1	1.70281E-3	6.74497E-3
5.21396E+0	1.84326E-1	1.88537E-3	8.59498E-3
5.21421E+0	1.81055E-1	1.65038E-3	7.33424E-3
5.21421E+0	1.82373E-1	1.65038E-3	9.08534E-3
5.21421E+0	1.78174E-1	1.65038E-3	9.16767E-3
5.21738E+0	1.80127E-1	2.45174E-3	8.93890E-3
5.21978E+0	1.69141E-1	4.88281E-4	8.34318E-3
5.21987E+0	1.59277E-1	8.37142E-4	6.57593E-3
5.21992E+0	1.58887E-1	9.61652E-4	5.98704E-3
5.21997E+0	1.60840E-1	1.06955E-3	6.50375E-3
5.21987E+0	1.54834E-1	8.37142E-4	5.65077E-3
5.21982E+0	1.57959E-1	6.87038E-4	5.82206E-3
5.22090E+0	1.53662E-1	2.09587E-3	5.90747E-3
5.22236E+0	1.49902E-1	2.44584E-3	5.30818E-3
5.22451E+0	1.51172E-1	1.19805E-3	6.97198E-3
5.22837E+0	1.59814E-1	2.06520E-3	6.50505E-3
5.22949E+0	1.58350E-1	0.00000E+0	5.94000E-3
5.22949E+0	1.57861E-1	0.00000E+0	5.80881E-3
5.22964E+0	1.57324E-1	8.37142E-4	5.57720E-3
5.23330E+0	1.63721E-1	2.03288E-3	7.58525E-3
5.23745E+0	1.79785E-1	2.36932E-3	8.28117E-3
5.23926E+0	1.91113E-1	6.94013E-4	6.28532E-3
5.23994E+0	1.98096E-1	1.70281E-3	8.53537E-3
5.24365E+0	2.15820E-1	1.47222E-3	8.41446E-3
5.24414E+0	2.21777E-1	0.00000E+0	6.91161E-3
5.24419E+0	2.17529E-1	4.88281E-4	7.22490E-3
5.24414E+0	2.21533E-1	0.00000E+0	7.59159E-3
5.24521E+0	2.25049E-1	2.03288E-3	7.14850E-3
5.24639E+0	2.15479E-1	2.44584E-3	7.13366E-3
5.24849E+0	2.24121E-1	1.53548E-3	7.64990E-3
5.24897E+0	2.21924E-1	4.88281E-4	8.13432E-3
5.25034E+0	2.38086E-1	2.17869E-3	1.75177E-2
5.25386E+0	2.63379E-1	4.88281E-4	8.35183E-3
5.25479E+0	2.68457E-1	2.80882E-3	8.18170E-3
5.26313E+0	2.86426E-1	3.17241E-3	1.20850E-2
5.27031E+0	3.27051E-1	2.82080E-3	1.45077E-2
5.27803E+0	3.68408E-1	2.28287E-3	1.65602E-2
5.28516E+0	3.98730E-1	2.50230E-3	1.18434E-2
5.28809E+0	4.16895E-1	0.00000E+0	1.20762E-2
5.28809E+0	4.26855E-1	0.00000E+0	1.22229E-2
5.28804E+0	4.36914E-1	4.88281E-4	1.35373E-2
5.28809E+0	4.42188E-1	0.00000E+0	1.27086E-2
5.28809E+0	4.46631E-1	0.00000E+0	1.36256E-2
5.28809E+0	4.44580E-1	0.00000E+0	1.27852E-2
5.29033E+0	4.50781E-1	2.44584E-3	1.30556E-2
5.29307E+0	4.59473E-1	6.87038E-4	1.24439E-2
5.29336E+0	4.66309E-1	1.33135E-3	1.06729E-2
5.29365E+0	4.71338E-1	1.70281E-3	1.09613E-2
5.29370E+0	4.72070E-1	1.75230E-3	1.08382E-2
5.29346E+0	4.72900E-1	1.47222E-3	1.08935E-2
5.29673E+0	4.77002E-1	2.06520E-3	1.12912E-2
5.29780E+0	4.78223E-1	4.88281E-4	1.11652E-2
5.29785E+0	4.80176E-1	0.00000E+0	1.12597E-2
5.29785E+0	4.81104E-1	0.00000E+0	1.07618E-2
5.29785E+0	4.83350E-1	0.00000E+0	1.09402E-2
5.29800E+0	4.84473E-1	8.37142E-4	1.10734E-2
5.30063E+0	4.85156E-1	2.42954E-3	1.14569E-2
5.30273E+0	4.88574E-1	0.00000E+0	1.17741E-2
5.30278E+0	4.88965E-1	4.88281E-4	1.13619E-2
5.30278E+0	4.95264E-1	4.88281E-4	1.15976E-2
5.30332E+0	4.93652E-1	1.59472E-3	1.18288E-2
5.30322E+0	4.90430E-1	1.47222E-3	1.14947E-2
5.30527E+0	4.90332E-1	2.45174E-3	1.15544E-2
5.30752E+0	4.91406E-1	6.87038E-4	1.13937E-2
5.30898E+0	4.93750E-1	2.20342E-3	1.17631E-2
5.31235E+0	4.95996E-1	8.37142E-4	1.20443E-2
5.31250E+0	4.95947E-1	0.00000E+0	1.14303E-2
5.31260E+0	4.93408E-1	6.87038E-4	1.19276E-2
5.31523E+0	4.93750E-1	2.43597E-3	1.18853E-2
5.31738E+0	4.91309E-1	0.00000E+0	1.17528E-2
5.31743E+0	4.86621E-1	4.88281E-4	1.12383E-2
5.31763E+0	4.85400E-1	1.06955E-3	1.09973E-2
5.31763E+0	4.86816E-1	1.06955E-3	1.09843E-2
5.31772E+0	4.88281E-1	1.25211E-3	1.12336E-2
5.31821E+0	4.87256E-1	1.84338E-3	1.12185E-2
5.31821E+0	4.86914E-1	1.84338E-3	1.13207E-2
5.31792E+0	4.89893E-1	1.53548E-3	1.14261E-2
5.31797E+0	4.89551E-1	1.59472E-3	1.13534E-2
5.32124E+0	4.88672E-1	1.99883E-3	1.13547E-2
5.32324E+0	4.87158E-1	1.96296E-3	1.11875E-2
5.32354E+0	4.84131E-1	2.15256E-3	1.08935E-2
5.32378E+0	4.84668E-1	2.26964E-3	1.12469E-2
5.32373E+0	4.82178E-1	2.24886E-3	1.09596E-2
5.32549E+0	4.81885E-1	2.32468E-3	1.08784E-2
5.32705E+0	4.80420E-1	6.87038E-4	1.09270E-2
5.32739E+0	4.78613E-1	1.06955E-3	1.15085E-2
5.33018E+0	4.73926E-1	2.38199E-3	1.12083E-2
5.33335E+0	4.68066E-1	2.17869E-3	1.08190E-2
5.33687E+0	4.61133E-1	4.88281E-4	1.11544E-2
5.33691E+0	4.56934E-1	0.00000E+0	1.16788E-2
5.33730E+0	4.53711E-1	1.33135E-3	1.23892E-2
5.34194E+0	4.47559E-1	1.29001E-3	1.29507E-2
5.34585E+0	4.38477E-1	1.84338E-3	1.30208E-2
5.35049E+0	4.24561E-1	2.03288E-3	1.24027E-2
5.35156E+0	4.14551E-1	0.00000E+0	1.08519E-2
5.35156E+0	4.12061E-1	0.00000E+0	1.09710E-2
5.35264E+0	4.08594E-1	2.03288E-3	1.09267E-2
5.35649E+0	3.98926E-1	8.48571E-4	1.10716E-2
5.36294E+0	3.86279E-1	2.50759E-3	1.01737E-2
5.36631E+0	3.71973E-1	6.87038E-4	1.10254E-2
5.37041E+0	3.58350E-1	2.59861E-3	1.09049E-2
5.37559E+0	3.36328E-1	1.33135E-3	1.09355E-2
5.37598E+0	3.23486E-1	0.00000E+0	8.95182E-3
5.37598E+0	3.10937E-1	0.00000E+0	9.30805E-3
5.37876E+0	2.96582E-1	2.42954E-3	1.05165E-2
5.38237E+0	2.73682E-1	2.26964E-3	1.06926E-2
5.38540E+0	2.52588E-1	1.25211E-3	1.17338E-2
5.38901E+0	2.28223E-1	2.30753E-3	1.01909E-2
5.39263E+0	1.98145E-1	2.41363E-3	1.04144E-2
5.39556E+0	1.74512E-1	4.88281E-4	9.63204E-3
5.39839E+0	1.50781E-1	2.41363E-3	8.36509E-3
5.40215E+0	1.28760E-1	2.35556E-3	6.78768E-3
5.40518E+0	1.13086E-1	6.87038E-4	5.87743E-3
5.40664E+0	9.95605E-2	2.20342E-3	6.50653E-3
5.41099E+0	7.62207E-2	1.96970E-3	8.35399E-3
5.41494E+0	5.12207E-2	6.87038E-4	9.00868E-3
5.41758E+0	2.86621E-2	2.45174E-3	6.19404E-3
5.42197E+0	9.27734E-3	2.42209E-3	5.39815E-3
5.42573E+0	-7.03125E-3	2.04646E-3	4.40684E-3
5.42949E+0	-1.89453E-2	9.61652E-4	4.34964E-3
5.43091E+0	-2.76367E-2	2.12497E-3	2.87994E-3
5.43452E+0	-3.75977E-2	4.88281E-4	3.43519E-3
5.43501E+0	-4.53613E-2	1.40441E-3	2.80153E-3
5.43813E+0	-5.01953E-2	2.17869E-3	2.50999E-3
5.44194E+0	-5.76172E-2	2.45321E-3	3.67237E-3
5.44463E+0	-6.60645E-2	1.16545E-3	2.44928E-3
5.44795E+0	-6.87012E-2	2.15256E-3	1.25211E-3
5.44912E+0	-7.18262E-2	6.87038E-4	2.33244E-3
5.45566E+0	-7.43652E-2	4.64937E-3	2.28656E-3
5.45928E+0	-7.92969E-2	1.16545E-3	2.09587E-3
5.46343E+0	-8.29590E-2	1.71338E-3	4.88281E-4
5.46709E+0	-8.42773E-2	2.32468E-3	2.15256E-3
5.46880E+0	-8.65234E-2	4.88281E-4	2.20342E-3
5.46895E+0	-8.76953E-2	9.61652E-4	9.61652E-4
5.46948E+0	-8.77441E-2	1.75230E-3	8.37142E-4
5.47139E+0	-8.78418E-2	2.44584E-3	4.88281E-4
5.47358E+0	-8.78906E-2	4.88281E-4	0.00000E+0
5.47534E+0	-8.79395E-2	2.34069E-3	4.88281E-4
5.47817E+0	-8.79883E-2	1.25211E-3	6.87038E-4
5.47988E+0	-8.82813E-2	2.20342E-3	1.33135E-3
5.48618E+0	-8.94043E-2	2.52672E-3	2.26964E-3
5.49243E+0	-9.06738E-2	1.88473E-3	2.42954E-3
5.49697E+0	-9.08203E-2	2.03288E-3	2.40413E-3
5.49805E+0	-9.17969E-2	0.00000E+0	1.96296E-3
5.49805E+0	-9.16504E-2	0.00000E+0	2.06520E-3
5.49805E+0	-9.21875E-2	0.00000E+0	1.59472E-3
5.49995E+0	-9.22852E-2	2.39359E-3	1.47222E-3
5.50337E+0	-9.25293E-2	1.56653E-3	1.06955E-3
5.50762E+0	-9.26270E-2	1.18593E-3	8.37142E-4
5.51060E+0	-9.26270E-2	2.42954E-3	8.37142E-4
5.51416E+0	-9.27734E-2	2.24886E-3	0.00000E+0
5.51758E+0	-9.27734E-2	0.00000E+0	0.00000E+0
5.51934E+0	-9.27246E-2	2.35556E-3	4.88281E-4
5.52266E+0	-9.27734E-2	9.61652E-4	0.00000E+0
5.52432E+0	-9.27246E-2	2.38199E-3	4.88281E-4
5.52393E+0	-9.27734E-2	2.24886E-3	0.00000E+0
5.52461E+0	-9.27734E-2	2.43597E-3	0.00000E+0
5.52686E+0	-9.27734E-2	1.47222E-3	0.00000E+0
5.52734E+0	-9.27734E-2	0.00000E+0	0.00000E+0
5.52808E+0	-9.27734E-2	1.75230E-3	0.00000E+0
5.53203E+0	-9.27734E-2	1.37408E-3	0.00000E+0
5.53618E+0	-9.27734E-2	1.92518E-3	0.00000E+0
5.54019E+0	-9.27734E-2	2.36932E-3	0.00000E+0
5.54253E+0	-9.27246E-2	1.53548E-3	4.88281E-4
5.54644E+0	-9.26758E-2	1.40441E-3	6.87038E-4
5.54849E+0	-9.25781E-2	2.30753E-3	9.61652E-4
5.55308E+0	-9.17480E-2	2.17869E-3	1.99883E-3
5.55664E+0	-9.03320E-2	0.00000E+0	2.45371E-3
5.55771E+0	-8.91602E-2	2.03288E-3	2.15256E-3
5.56143E+0	-8.85742E-2	6.87038E-4	1.70281E-3
5.56162E+0	-8.81836E-2	6.87038E-4	1.16545E-3
5.56211E+0	-8.82813E-2	1.59472E-3	1.33135E-3
5.56431E+0	-8.79395E-2	2.42954E-3	4.88281E-4
5.56650E+0	-8.78906E-2	6.87038E-4	0.00000E+0
5.57129E+0	-8.78906E-2	2.30178E-3	0.00000E+0
5.57598E+0	-8.77930E-2	9.61652E-4	6.87038E-4
5.57617E+0	-8.76465E-2	0.00000E+0	1.06955E-3
5.57617E+0	-8.74512E-2	0.00000E+0	1.40441E-3
5.57637E+0	-8.75000E-2	9.61652E-4	1.33135E-3
5.57969E+0	-8.71094E-2	2.20342E-3	1.79909E-3
5.58315E+0	-8.40332E-2	2.42954E-3	1.99883E-3
5.58599E+0	-8.31543E-2	4.88281E-4	8.37142E-4
5.58975E+0	-8.31055E-2	2.03288E-3	6.87038E-4
5.59302E+0	-8.30078E-2	2.44141E-3	0.00000E+0
5.59570E+0	-8.26660E-2	0.00000E+0	1.25211E-3
5.59687E+0	-8.29590E-2	2.09587E-3	4.88281E-4
5.59893E+0	-8.30078E-2	2.32468E-3	0.00000E+0
5.60029E+0	-8.29102E-2	1.16545E-3	6.87038E-4
5.60342E+0	-8.30078E-2	2.42209E-3	0.00000E+0
5.60786E+0	-8.30078E-2	2.45321E-3	0.00000E+0
5.61294E+0	-8.30078E-2	2.44928E-3	0.00000E+0
5.61523E+0	-8.30078E-2	0.00000E+0	0.00000E+0
5.61553E+0	-8.30078E-2	1.16545E-3	0.00000E+0
5.61929E+0	-8.30078E-2	1.84338E-3	0.00000E+0
5.62329E+0	-8.41309E-2	2.34069E-3	2.06520E-3
5.62749E+0	-8.66211E-2	2.45321E-3	2.15256E-3
5.63047E+0	-8.78418E-2	1.59472E-3	4.88281E-4
5.63433E+0	-8.79395E-2	1.40441E-3	4.88281E-4
5.63691E+0	-8.80371E-2	2.43597E-3	8.37142E-4
5.64170E+0	-8.91602E-2	2.42209E-3	2.15256E-3
5.64590E+0	-9.13086E-2	3.40562E-3	2.24886E-3
5.65371E+0	-9.23828E-2	2.33089E-3	1.33135E-3
5.65718E+0	-9.26758E-2	2.41363E-3	6.87038E-4
5.65918E+0	-9.27734E-2	0.00000E+0	0.00000E+0
5.65918E+0	-9.27734E-2	0.00000E+0	0.00000E+0
5.65918E+0	-9.27246E-2	0.00000E+0	4.88281E-4
5.65933E+0	-9.27734E-2	8.37142E-4	0.00000E+0
5.66348E+0	-9.27246E-2	1.73919E-3	4.88281E-4
5.66699E+0	-9.27734E-2	2.40413E-3	0.00000E+0
5.66895E+0	-9.27734E-2	0.00000E+0	0.00000E+0
5.67095E+0	-9.27734E-2	2.41363E-3	0.00000E+0
5.67383E+0	-9.27734E-2	0.00000E+0	0.00000E+0
5.67427E+0	-9.27734E-2	1.40441E-3	0.00000E+0
5.67681E+0	-9.28223E-2	2.39359E-3	4.88281E-4
5.67861E+0	-9.27734E-2	6.87038E-4	0.00000E+0
5.67871E+0	-9.27734E-2	0.00000E+0	0.00000E+0
5.67871E+0	-9.27734E-2	0.00000E+0	0.00000E+0
5.67871E+0	-9.27734E-2	0.00000E+0	0.00000E+0
5.67871E+0	-9.27734E-2	0.00000E+0	0.00000E+0
5.67871E+0	-9.27734E-2	0.00000E+0	0.00000E+0
5.67871E+0	-9.27734E-2	0.00000E+0	0.00000E+0
5.67871E+0	-9.27246E-2	0.00000E+0	4.88281E-4
5.67871E+0	-9.28223E-2	0.00000E+0	4.88281E-4
5.67871E+0	-9.27734E-2	0.00000E+0	0.00000E+0
5.67871E+0	-9.27246E-2	0.00000E+0	4.88281E-4
5.67871E+0	-9.27734E-2	0.00000E+0	0.00000E+0
5.67871E+0	-9.27734E-2	0.00000E+0	0.00000E+0
5.67871E+0	-9.27734E-2	0.00000E+0	0.00000E+0
5.67871E+0	-9.27734E-2	0.00000E+0	0.00000E+0
5.67871E+0	-9.27734E-2	0.00000E+0	0.00000E+0
5.67871E+0	-9.27734E-2	0.00000E+0	0.00000E+0
5.67871E+0	-9.27734E-2	0.00000E+0	0.00000E+0
5.67871E+0	-9.27734E-2	0.00000E+0	0.00000E+0
5.67871E+0	-9.27734E-2	0.00000E+0	0.00000E+0
5.67871E+0	-9.27734E-2	0.00000E+0	0.00000E+0
5.67871E+0	-9.27734E-2	0.00000E+0	0.00000E+0
5.67871E+0	-9.27734E-2	0.00000E+0	0.00000E+0
5.67871E+0	-9.27734E-2	0.00000E+0	0.00000E+0
