5.20005E+0	3.01709E-1	8.37142E-4	8.01262E-3
5.20015E+0	3.02881E-1	4.88281E-4	7.74236E-3
5.20005E+0	3.05273E-1	8.37142E-4	8.28408E-3
5.20010E+0	3.05322E-1	6.87038E-4	8.48443E-3
5.20000E+0	2.96631E-1	9.61652E-4	8.59498E-3
5.19980E+0	3.00732E-1	1.50138E-3	8.53085E-3
5.20010E+0	2.96289E-1	6.87038E-4	9.12515E-3
5.20010E+0	2.95020E-1	6.87038E-4	9.84373E-3
5.20005E+0	3.00928E-1	8.37142E-4	8.37587E-3
5.19990E+0	3.02051E-1	1.16545E-3	8.21226E-3
5.20015E+0	3.02832E-1	8.48571E-4	8.47094E-3
5.20020E+0	3.01074E-1	0.00000E+0	8.47776E-3
5.20015E+0	3.06006E-1	4.88281E-4	8.21328E-3
5.20010E+0	3.01709E-1	6.87038E-4	8.27870E-3
5.20010E+0	3.00928E-1	6.87038E-4	8.54665E-3
5.20010E+0	3.01904E-1	6.87038E-4	9.12976E-3
5.20000E+0	3.06982E-1	9.61652E-4	8.31817E-3
5.20000E+0	3.00537E-1	9.61652E-4	9.29498E-3
5.20010E+0	2.94287E-1	6.87038E-4	9.01829E-3
5.20015E+0	2.93945E-1	4.88281E-4	9.04882E-3
5.20000E+0	2.95703E-1	9.61652E-4	9.74884E-3
5.20010E+0	2.88916E-1	6.87038E-4	9.38984E-3
5.20010E+0	2.95312E-1	6.87038E-4	8.90070E-3
5.20015E+0	2.98828E-1	4.88281E-4	8.86056E-3
5.20010E+0	3.04346E-1	6.87038E-4	8.30078E-3
5.20020E+0	2.97461E-1	0.00000E+0	8.60352E-3
5.20015E+0	2.96826E-1	4.88281E-4	9.34459E-3
5.20015E+0	2.89893E-1	4.88281E-4	8.14261E-3
5.20015E+0	2.90527E-1	4.88281E-4	9.03550E-3
5.20015E+0	2.93408E-1	4.88281E-4	8.38852E-3
5.20010E+0	2.94287E-1	6.87038E-4	8.93782E-3
5.20020E+0	2.96631E-1	0.00000E+0	8.33899E-3
5.20015E+0	2.95459E-1	4.88281E-4	8.90110E-3
5.20010E+0	2.89648E-1	6.87038E-4	8.93850E-3
5.20020E+0	2.85156E-1	0.00000E+0	8.24094E-3
5.20020E+0	2.88135E-1	0.00000E+0	8.81956E-3
5.20015E+0	2.92725E-1	4.88281E-4	8.16387E-3
5.20015E+0	2.88379E-1	4.88281E-4	8.43789E-3
5.20015E+0	2.83350E-1	4.88281E-4	7.89636E-3
5.20010E+0	2.76660E-1	6.87038E-4	7.98024E-3
5.20015E+0	2.69873E-1	4.88281E-4	7.93894E-3
5.20005E+0	2.75391E-1	8.37142E-4	9.10189E-3
5.20015E+0	2.84033E-1	4.88281E-4	8.00540E-3
5.20020E+0	2.86523E-1	0.00000E+0	8.38234E-3
5.20005E+0	2.89648E-1	8.37142E-4	8.38234E-3
5.20015E+0	2.89697E-1	4.88281E-4	8.38737E-3
5.20000E+0	2.88770E-1	9.61652E-4	8.24153E-3
5.20000E+0	2.87012E-1	9.61652E-4	8.34491E-3
5.20015E+0	2.82031E-1	1.09623E-3	8.41789E-3
5.20015E+0	2.78809E-1	4.88281E-4	8.13802E-3
5.20020E+0	2.83984E-1	0.00000E+0	8.37774E-3
5.20010E+0	2.81201E-1	6.87038E-4	7.97647E-3
5.19985E+0	2.79248E-1	1.25211E-3	8.34823E-3
5.20000E+0	2.81250E-1	9.61652E-4	8.52817E-3
5.20005E+0	2.82129E-1	8.37142E-4	8.45956E-3
5.20000E+0	2.78223E-1	9.61652E-4	9.36223E-3
5.20005E+0	2.79004E-1	8.37142E-4	9.46558E-3
5.19995E+0	2.76074E-1	1.06955E-3	8.92609E-3
5.20005E+0	2.74316E-1	8.37142E-4	8.33913E-3
5.19980E+0	2.77930E-1	1.33135E-3	8.37659E-3
5.20015E+0	2.73389E-1	4.88281E-4	8.10823E-3
5.20000E+0	2.75391E-1	9.61652E-4	8.69595E-3
5.19990E+0	2.74805E-1	1.16545E-3	9.81679E-3
5.20005E+0	2.75977E-1	8.37142E-4	8.07802E-3
5.20010E+0	2.79834E-1	6.87038E-4	8.54777E-3
5.20015E+0	2.79395E-1	4.88281E-4	8.31600E-3
5.20010E+0	2.88086E-1	6.87038E-4	9.88816E-3
5.19990E+0	2.78027E-1	1.16545E-3	8.88282E-3
5.20010E+0	2.71924E-1	6.87038E-4	8.57590E-3
5.19995E+0	2.59326E-1	1.27498E-3	1.02445E-2
5.20005E+0	2.52979E-1	8.37142E-4	9.17292E-3
5.19995E+0	2.58838E-1	1.06955E-3	9.40112E-3
5.19985E+0	2.54102E-1	1.25211E-3	9.95902E-3
5.20010E+0	2.56445E-1	6.87038E-4	9.99667E-3
5.19985E+0	2.65967E-1	1.43159E-3	8.81847E-3
5.19995E+0	2.51318E-1	1.06955E-3	1.07618E-2
5.20015E+0	2.65576E-1	4.88281E-4	8.26706E-3
5.20015E+0	2.60645E-1	4.88281E-4	8.32179E-3
5.20015E+0	2.55176E-1	4.88281E-4	9.24940E-3
5.20020E+0	2.59424E-1	6.94013E-4	9.14558E-3
5.20005E+0	2.58887E-1	8.37142E-4	1.15711E-2
5.20020E+0	2.41211E-1	0.00000E+0	1.11259E-2
5.20010E+0	2.57812E-1	6.87038E-4	1.09733E-2
5.20015E+0	2.66162E-1	4.88281E-4	1.01168E-2
5.19995E+0	2.69189E-1	1.06955E-3	9.73240E-3
5.20010E+0	2.74902E-1	6.87038E-4	9.65401E-3
5.20000E+0	2.86621E-1	9.61652E-4	1.20906E-2
5.19985E+0	2.71338E-1	1.25211E-3	9.23989E-3
5.20010E+0	2.69775E-1	6.87038E-4	8.76148E-3
5.19995E+0	2.85938E-1	1.06955E-3	9.39664E-3
5.19995E+0	2.86084E-1	1.06955E-3	9.07791E-3
5.20015E+0	2.80908E-1	4.88281E-4	8.48443E-3
5.19990E+0	2.76514E-1	1.16545E-3	8.95935E-3
5.20015E+0	2.81689E-1	4.88281E-4	8.14379E-3
5.20020E+0	2.91064E-1	0.00000E+0	1.01974E-2
5.20005E+0	2.92090E-1	8.37142E-4	8.67877E-3
5.20005E+0	2.93066E-1	8.37142E-4	8.72305E-3
5.19995E+0	2.87598E-1	1.06955E-3	8.59848E-3
5.20020E+0	2.83984E-1	0.00000E+0	8.52026E-3
5.19995E+0	2.82471E-1	1.06955E-3	8.39655E-3
5.19990E+0	2.90723E-1	1.16545E-3	1.00911E-2
5.20015E+0	2.87500E-1	4.88281E-4	9.00293E-3
5.19995E+0	2.92725E-1	1.06955E-3	9.26903E-3
5.20020E+0	2.93311E-1	0.00000E+0	9.31775E-3
5.20005E+0	2.87451E-1	8.37142E-4	1.00968E-2
5.20005E+0	3.01367E-1	8.37142E-4	8.61471E-3
5.20015E+0	2.89941E-1	4.88281E-4	8.80002E-3
5.20010E+0	2.85010E-1	6.87038E-4	8.65863E-3
5.20010E+0	2.89990E-1	6.87038E-4	9.73834E-3
5.19985E+0	2.99072E-1	1.25211E-3	8.62295E-3
5.20015E+0	2.92236E-1	4.88281E-4	9.08534E-3
5.20015E+0	2.84473E-1	4.88281E-4	8.02238E-3
5.20005E+0	2.74658E-1	1.08741E-3	8.87075E-3
5.19995E+0	2.71436E-1	1.06955E-3	8.99798E-3
5.20010E+0	2.84473E-1	6.87038E-4	8.79564E-3
5.20015E+0	2.87598E-1	4.88281E-4	8.22632E-3
5.20015E+0	2.83545E-1	4.88281E-4	8.30658E-3
5.20015E+0	2.84082E-1	4.88281E-4	8.36796E-3
5.20005E+0	2.89453E-1	8.37142E-4	9.74291E-3
5.20005E+0	2.82324E-1	8.37142E-4	8.78906E-3
5.20005E+0	2.82617E-1	8.37142E-4	9.52291E-3
5.20010E+0	2.88672E-1	6.87038E-4	8.33625E-3
5.20020E+0	2.89502E-1	0.00000E+0	8.50824E-3
5.20010E+0	2.84277E-1	6.87038E-4	8.60072E-3
5.20010E+0	2.81104E-1	9.76562E-4	8.16033E-3
5.20024E+0	2.78369E-1	4.88281E-4	9.16767E-3
5.20000E+0	2.79004E-1	9.61652E-4	8.52874E-3
5.20015E+0	2.67773E-1	8.48571E-4	9.60951E-3
5.20010E+0	2.52100E-1	6.87038E-4	9.37958E-3
5.20015E+0	2.57568E-1	4.88281E-4	9.24301E-3
5.20020E+0	2.66211E-1	0.00000E+0	8.56986E-3
5.20010E+0	2.73682E-1	6.87038E-4	7.80186E-3
5.20020E+0	2.76514E-1	9.81482E-4	8.60282E-3
5.20020E+0	2.74170E-1	0.00000E+0	8.67863E-3
5.20015E+0	2.77783E-1	4.88281E-4	1.00547E-2
5.20015E+0	2.79248E-1	4.88281E-4	8.54777E-3
5.20020E+0	2.71631E-1	0.00000E+0	7.90246E-3
5.20020E+0	2.74805E-1	0.00000E+0	8.15517E-3
5.20015E+0	2.74365E-1	4.88281E-4	8.23203E-3
5.20010E+0	2.80811E-1	6.87038E-4	8.92812E-3
5.20024E+0	2.75586E-1	4.88281E-4	9.13675E-3
5.20020E+0	2.67139E-1	0.00000E+0	8.36552E-3
5.20020E+0	2.67676E-1	0.00000E+0	8.28117E-3
5.20020E+0	2.69434E-1	0.00000E+0	9.67594E-3
5.20015E+0	2.81250E-1	4.88281E-4	8.61247E-3
5.20005E+0	2.67188E-1	8.37142E-4	9.18302E-3
5.20015E+0	2.77783E-1	4.88281E-4	9.04602E-3
5.20015E+0	2.80078E-1	4.88281E-4	8.22691E-3
5.20015E+0	2.81934E-1	4.88281E-4	8.31716E-3
5.20015E+0	2.79736E-1	4.88281E-4	7.98250E-3
5.20015E+0	2.67139E-1	4.88281E-4	9.10969E-3
5.20010E+0	2.63623E-1	6.87038E-4	8.39999E-3
5.19990E+0	2.70947E-1	1.16545E-3	8.10823E-3
5.20020E+0	2.66699E-1	0.00000E+0	8.23451E-3
5.20015E+0	2.61133E-1	4.88281E-4	7.86657E-3
5.20015E+0	2.70801E-1	4.88281E-4	8.42647E-3
5.20015E+0	2.73682E-1	4.88281E-4	7.89392E-3
5.20005E+0	2.72559E-1	8.37142E-4	8.28117E-3
5.20015E+0	2.67236E-1	4.88281E-4	8.60842E-3
5.20015E+0	2.62500E-1	4.88281E-4	8.33162E-3
5.20010E+0	2.65039E-1	6.87038E-4	8.50215E-3
5.20005E+0	2.65039E-1	8.37142E-4	7.82359E-3
5.20005E+0	2.64746E-1	8.37142E-4	8.51630E-3
5.20005E+0	2.67090E-1	8.37142E-4	8.90124E-3
5.20015E+0	2.67529E-1	8.48571E-4	9.26695E-3
5.20005E+0	2.63574E-1	8.37142E-4	8.52761E-3
5.20015E+0	2.60986E-1	4.88281E-4	8.42518E-3
5.20015E+0	2.62451E-1	4.88281E-4	8.59498E-3
5.19995E+0	2.55615E-1	1.06955E-3	9.13820E-3
5.20010E+0	2.57764E-1	6.87038E-4	8.64861E-3
5.20010E+0	2.55078E-1	6.87038E-4	9.02537E-3
5.20015E+0	2.59814E-1	4.88281E-4	8.78673E-3
5.20010E+0	2.61816E-1	6.87038E-4	7.90626E-3
5.20020E+0	2.59766E-1	6.94013E-4	7.88247E-3
5.20005E+0	2.54785E-1	8.37142E-4	8.84369E-3
5.20005E+0	2.57471E-1	8.37142E-4	8.55228E-3
5.20005E+0	2.58301E-1	8.37142E-4	8.22632E-3
5.19995E+0	2.58643E-1	1.06955E-3	8.70855E-3
5.20015E+0	2.62695E-1	4.88281E-4	7.85186E-3
