4.74619E+0	-9.27734E-2	6.87038E-4	0.00000E+0
4.74614E+0	-9.28223E-2	4.88281E-4	4.88281E-4
4.74614E+0	-9.27734E-2	4.88281E-4	0.00000E+0
4.74614E+0	-9.27734E-2	4.88281E-4	0.00000E+0
4.74624E+0	-9.28223E-2	8.37142E-4	4.88281E-4
4.74624E+0	-9.28711E-2	8.37142E-4	6.87038E-4
4.74619E+0	-9.28223E-2	6.87038E-4	4.88281E-4
4.74609E+0	-9.27734E-2	0.00000E+0	0.00000E+0
4.74609E+0	-9.27734E-2	0.00000E+0	0.00000E+0
4.74614E+0	-9.27734E-2	4.88281E-4	0.00000E+0
4.74609E+0	-9.28223E-2	0.00000E+0	4.88281E-4
4.74614E+0	-9.28223E-2	4.88281E-4	4.88281E-4
4.74624E+0	-9.28223E-2	8.37142E-4	4.88281E-4
4.74614E+0	-9.28223E-2	4.88281E-4	4.88281E-4
4.74619E+0	-9.29199E-2	6.87038E-4	8.37142E-4
4.74619E+0	-9.28711E-2	6.87038E-4	6.87038E-4
4.74609E+0	-9.27734E-2	0.00000E+0	0.00000E+0
4.74609E+0	-9.27734E-2	0.00000E+0	0.00000E+0
4.74624E+0	-9.28223E-2	8.37142E-4	4.88281E-4
4.74614E+0	-9.28223E-2	4.88281E-4	4.88281E-4
4.74609E+0	-9.28223E-2	0.00000E+0	4.88281E-4
4.74609E+0	-9.28223E-2	0.00000E+0	4.88281E-4
4.74624E+0	-9.28711E-2	8.37142E-4	6.87038E-4
4.74609E+0	-9.27734E-2	0.00000E+0	0.00000E+0
4.74609E+0	-9.27734E-2	0.00000E+0	0.00000E+0
4.74609E+0	-9.27734E-2	0.00000E+0	0.00000E+0
4.74614E+0	-9.28223E-2	4.88281E-4	4.88281E-4
4.74795E+0	-9.27734E-2	2.38199E-3	0.00000E+0
4.75088E+0	-9.28223E-2	6.87038E-4	4.88281E-4
4.75322E+0	-9.27734E-2	2.44584E-3	0.00000E+0
4.75586E+0	-9.27734E-2	0.00000E+0	0.00000E+0
4.75625E+0	-9.29199E-2	1.33135E-3	8.37142E-4
4.75854E+0	-9.27734E-2	2.44141E-3	0.00000E+0
4.76260E+0	-9.27734E-2	2.38199E-3	0.00000E+0
4.76553E+0	-9.27734E-2	6.87038E-4	0.00000E+0
4.76563E+0	-9.27734E-2	0.00000E+0	0.00000E+0
4.76563E+0	-9.27734E-2	0.00000E+0	0.00000E+0
4.76563E+0	-9.27734E-2	0.00000E+0	0.00000E+0
4.76748E+0	-9.27734E-2	2.38199E-3	0.00000E+0
4.77041E+0	-9.27734E-2	6.87038E-4	0.00000E+0
4.77046E+0	-9.27734E-2	4.88281E-4	0.00000E+0
4.77051E+0	-9.27734E-2	0.00000E+0	0.00000E+0
4.77427E+0	-9.27734E-2	2.06520E-3	0.00000E+0
4.77998E+0	-9.27734E-2	2.67172E-3	0.00000E+0
4.78569E+0	-9.27246E-2	1.82236E-3	4.88281E-4
4.78750E+0	-9.26758E-2	2.45174E-3	6.87038E-4
4.79028E+0	-9.25781E-2	1.06955E-3	9.61652E-4
4.79438E+0	-9.25781E-2	1.53548E-3	9.61652E-4
4.79731E+0	-9.20898E-2	2.45321E-3	1.70281E-3
4.80215E+0	-9.24316E-2	2.45174E-3	1.25211E-3
4.80469E+0	-9.25293E-2	0.00000E+0	1.06955E-3
4.80469E+0	-9.19434E-2	0.00000E+0	1.84338E-3
4.80469E+0	-9.24805E-2	0.00000E+0	1.16545E-3
4.80474E+0	-9.24316E-2	4.88281E-4	1.25211E-3
4.80615E+0	-9.25293E-2	2.24886E-3	1.06955E-3
4.81040E+0	-9.24805E-2	2.08839E-3	1.16545E-3
4.81440E+0	-9.26270E-2	4.88281E-4	8.37142E-4
4.81562E+0	-9.26270E-2	2.09587E-3	8.37142E-4
4.81982E+0	-9.27734E-2	1.47222E-3	0.00000E+0
4.82407E+0	-9.27246E-2	8.37142E-4	4.88281E-4
4.82695E+0	-9.27734E-2	2.43597E-3	0.00000E+0
4.83042E+0	-9.27246E-2	2.17869E-3	4.88281E-4
4.83394E+0	-9.27734E-2	4.88281E-4	0.00000E+0
4.83398E+0	-9.27734E-2	0.00000E+0	0.00000E+0
4.83594E+0	-9.27734E-2	2.40413E-3	0.00000E+0
4.83901E+0	-9.27734E-2	8.37142E-4	0.00000E+0
4.84214E+0	-9.27734E-2	2.30753E-3	0.00000E+0
4.84375E+0	-9.27246E-2	0.00000E+0	4.88281E-4
4.84458E+0	-9.27734E-2	1.84338E-3	0.00000E+0
4.84888E+0	-9.27246E-2	1.45163E-3	4.88281E-4
4.85327E+0	-9.27734E-2	1.06955E-3	0.00000E+0
4.85371E+0	-9.26758E-2	9.61652E-4	6.87038E-4
4.85693E+0	-9.25293E-2	2.24886E-3	1.06955E-3
4.85835E+0	-9.25293E-2	4.88281E-4	1.06955E-3
4.85840E+0	-9.21875E-2	0.00000E+0	1.59472E-3
4.85918E+0	-9.21387E-2	1.79909E-3	1.65038E-3
4.86304E+0	-9.11621E-2	1.27498E-3	2.30753E-3
4.86460E+0	-9.07715E-2	2.17869E-3	2.41363E-3
4.86763E+0	-8.95996E-2	1.53548E-3	2.34069E-3
4.86807E+0	-8.98437E-2	6.87038E-4	2.40413E-3
4.86855E+0	-8.89160E-2	1.92330E-3	1.99883E-3
4.87334E+0	-8.91602E-2	4.89857E-3	2.15256E-3
4.87783E+0	-8.85254E-2	9.76562E-4	1.65038E-3
4.87817E+0	-8.82324E-2	1.06955E-3	1.25211E-3
4.88145E+0	-8.78906E-2	2.20342E-3	0.00000E+0
4.88301E+0	-8.79883E-2	9.61652E-4	6.87038E-4
4.88608E+0	-8.79395E-2	2.30753E-3	4.88281E-4
4.88765E+0	-8.78906E-2	4.88281E-4	0.00000E+0
4.88853E+0	-8.78906E-2	1.84338E-3	0.00000E+0
4.89189E+0	-8.78906E-2	1.70281E-3	0.00000E+0
4.89351E+0	-8.78906E-2	1.92518E-3	0.00000E+0
4.89595E+0	-8.78906E-2	2.26964E-3	0.00000E+0
4.89741E+0	-8.78906E-2	4.88281E-4	0.00000E+0
4.89751E+0	-8.78906E-2	4.88281E-4	0.00000E+0
4.90015E+0	-8.78906E-2	2.44141E-3	0.00000E+0
4.90220E+0	-8.78906E-2	8.37142E-4	0.00000E+0
4.90317E+0	-8.78906E-2	1.84338E-3	0.00000E+0
4.90669E+0	-8.78906E-2	1.53548E-3	0.00000E+0
4.91011E+0	-8.78906E-2	2.41363E-3	0.00000E+0
4.91299E+0	-8.78906E-2	1.88537E-3	0.00000E+0
4.91592E+0	-8.78906E-2	2.03288E-3	0.00000E+0
4.91665E+0	-8.78906E-2	1.25211E-3	0.00000E+0
4.91680E+0	-8.78906E-2	9.61652E-4	0.00000E+0
4.91646E+0	-8.78906E-2	1.53548E-3	0.00000E+0
4.91670E+0	-8.79395E-2	1.16545E-3	4.88281E-4
4.91670E+0	-8.78906E-2	1.16545E-3	0.00000E+0
4.91685E+0	-8.79395E-2	8.37142E-4	4.88281E-4
4.91753E+0	-8.79395E-2	1.53548E-3	4.88281E-4
4.92153E+0	-8.79395E-2	1.25211E-3	4.88281E-4
4.92402E+0	-8.88184E-2	2.43597E-3	1.92518E-3
4.92632E+0	-8.86719E-2	1.40441E-3	1.79909E-3
4.92622E+0	-8.92578E-2	1.53548E-3	2.20342E-3
4.92642E+0	-8.85254E-2	1.25211E-3	1.65038E-3
4.92676E+0	-8.87695E-2	0.00000E+0	1.88537E-3
4.92676E+0	-8.88184E-2	0.00000E+0	1.92518E-3
4.92739E+0	-8.94531E-2	1.65038E-3	2.28919E-3
4.93140E+0	-8.98926E-2	1.06955E-3	2.41363E-3
4.93179E+0	-9.13086E-2	8.37142E-4	2.24886E-3
4.93198E+0	-9.09180E-2	1.25211E-3	2.38199E-3
4.93184E+0	-9.10645E-2	9.61652E-4	2.34069E-3
4.93193E+0	-9.15527E-2	1.16545E-3	2.12497E-3
4.93198E+0	-9.12598E-2	1.25211E-3	2.26964E-3
4.93545E+0	-9.16992E-2	2.03288E-3	2.03288E-3
4.93652E+0	-9.20898E-2	0.00000E+0	1.70281E-3
4.93657E+0	-9.16016E-2	4.88281E-4	2.09587E-3
4.93970E+0	-9.25781E-2	2.34069E-3	9.61652E-4
4.94141E+0	-9.25781E-2	0.00000E+0	9.61652E-4
4.94131E+0	-9.26270E-2	6.87038E-4	8.37142E-4
4.94141E+0	-9.25781E-2	0.00000E+0	9.61652E-4
4.94175E+0	-9.27246E-2	1.25211E-3	4.88281E-4
4.94556E+0	-9.27734E-2	1.75230E-3	0.00000E+0
4.94746E+0	-9.27734E-2	2.09587E-3	0.00000E+0
4.94902E+0	-9.27246E-2	2.43597E-3	4.88281E-4
4.94922E+0	-9.28223E-2	2.40413E-3	4.88281E-4
4.94976E+0	-9.27734E-2	2.22680E-3	0.00000E+0
4.95083E+0	-9.27734E-2	1.25211E-3	0.00000E+0
4.95103E+0	-9.27734E-2	8.37142E-4	0.00000E+0
4.95107E+0	-9.27734E-2	6.87038E-4	0.00000E+0
4.95283E+0	-9.27734E-2	2.32468E-3	0.00000E+0
4.95615E+0	-9.27734E-2	6.87038E-4	0.00000E+0
4.96108E+0	-9.27734E-2	1.89492E-3	0.00000E+0
4.96572E+0	-9.27734E-2	9.76562E-4	0.00000E+0
4.96855E+0	-9.27734E-2	2.43597E-3	0.00000E+0
4.97153E+0	-9.27734E-2	1.84338E-3	0.00000E+0
4.97534E+0	-9.27734E-2	1.06955E-3	0.00000E+0
4.97554E+0	-9.27734E-2	4.88281E-4	0.00000E+0
4.97559E+0	-9.27734E-2	0.00000E+0	0.00000E+0
4.97559E+0	-9.27734E-2	0.00000E+0	0.00000E+0
4.97627E+0	-9.27734E-2	1.70281E-3	0.00000E+0
4.97930E+0	-9.27734E-2	2.09587E-3	0.00000E+0
4.98081E+0	-9.27734E-2	1.25211E-3	0.00000E+0
4.98594E+0	-9.27734E-2	1.99702E-3	0.00000E+0
4.99141E+0	-9.27734E-2	2.09587E-3	0.00000E+0
4.99502E+0	-9.27734E-2	6.87038E-4	0.00000E+0
4.99512E+0	-9.27734E-2	0.00000E+0	0.00000E+0
4.99521E+0	-9.27734E-2	6.87038E-4	0.00000E+0
4.99609E+0	-9.27734E-2	1.96296E-3	0.00000E+0
4.99629E+0	-9.27734E-2	2.09587E-3	0.00000E+0
4.99756E+0	-9.27734E-2	2.45371E-3	0.00000E+0
4.99951E+0	-9.27734E-2	1.47222E-3	0.00000E+0
4.99995E+0	-9.27246E-2	4.88281E-4	4.88281E-4
5.00029E+0	-9.27734E-2	1.16545E-3	0.00000E+0
5.00137E+0	-9.27246E-2	2.20342E-3	4.88281E-4
5.00298E+0	-9.27734E-2	2.39359E-3	0.00000E+0
5.00234E+0	-9.27734E-2	2.45174E-3	0.00000E+0
5.00435E+0	-9.27734E-2	1.53548E-3	0.00000E+0
5.00503E+0	-9.27246E-2	8.37142E-4	4.88281E-4
5.00625E+0	-9.27246E-2	2.20342E-3	4.88281E-4
5.00615E+0	-9.26758E-2	2.15256E-3	6.87038E-4
5.00732E+0	-9.27246E-2	2.45371E-3	4.88281E-4
5.00947E+0	-9.26758E-2	1.16545E-3	6.87038E-4
5.00981E+0	-9.27246E-2	4.88281E-4	4.88281E-4
5.01348E+0	-9.24805E-2	2.09587E-3	1.16545E-3
5.01797E+0	-9.23828E-2	2.28919E-3	1.33135E-3
5.01978E+0	-9.27246E-2	1.06955E-3	4.88281E-4
5.02085E+0	-9.26758E-2	2.17869E-3	6.87038E-4
5.02373E+0	-9.26758E-2	1.70281E-3	6.87038E-4
5.02627E+0	-9.26758E-2	2.38199E-3	6.87038E-4
5.02920E+0	-9.27734E-2	6.87038E-4	0.00000E+0
5.02979E+0	-9.27246E-2	1.47222E-3	4.88281E-4
5.03398E+0	-9.27734E-2	9.61652E-4	0.00000E+0
5.03428E+0	-9.27734E-2	6.87038E-4	0.00000E+0
5.03418E+0	-9.27246E-2	0.00000E+0	4.88281E-4
5.03423E+0	-9.27734E-2	4.88281E-4	0.00000E+0
5.03442E+0	-9.27734E-2	1.06955E-3	0.00000E+0
5.03521E+0	-9.27734E-2	1.99883E-3	0.00000E+0
5.03721E+0	-9.27734E-2	2.38199E-3	0.00000E+0
5.03931E+0	-9.27734E-2	1.60900E-3	0.00000E+0
5.04326E+0	-9.27734E-2	1.70281E-3	0.00000E+0
5.04409E+0	-9.27734E-2	8.37142E-4	0.00000E+0
5.04761E+0	-9.27734E-2	2.12497E-3	0.00000E+0
5.04966E+0	-9.27734E-2	1.84338E-3	0.00000E+0
5.05342E+0	-9.27734E-2	1.16545E-3	0.00000E+0
5.05571E+0	-9.27734E-2	2.41363E-3	0.00000E+0
5.06133E+0	-9.27734E-2	2.43597E-3	0.00000E+0
5.06553E+0	-9.27734E-2	3.99766E-3	0.00000E+0
5.07285E+0	-9.28223E-2	1.92330E-3	4.88281E-4
5.07583E+0	-9.27734E-2	2.44928E-3	0.00000E+0
5.07827E+0	-9.27734E-2	8.37142E-4	0.00000E+0
5.08198E+0	-9.27734E-2	1.99883E-3	0.00000E+0
5.08584E+0	-9.27734E-2	2.42209E-3	0.00000E+0
5.08867E+0	-9.28223E-2	1.79909E-3	4.88281E-4
5.09253E+0	-9.27734E-2	1.06955E-3	0.00000E+0
5.09531E+0	-9.27734E-2	2.45174E-3	0.00000E+0
5.09834E+0	-9.27734E-2	1.70281E-3	0.00000E+0
5.10195E+0	-9.27734E-2	1.59472E-3	0.00000E+0
5.10249E+0	-9.27734E-2	4.88281E-4	0.00000E+0
5.10254E+0	-9.27734E-2	0.00000E+0	0.00000E+0
5.10259E+0	-9.27734E-2	4.88281E-4	0.00000E+0
5.10293E+0	-9.28223E-2	1.33135E-3	4.88281E-4
5.10269E+0	-9.27734E-2	8.37142E-4	0.00000E+0
5.10273E+0	-9.27734E-2	9.61652E-4	0.00000E+0
5.10254E+0	-9.27734E-2	0.00000E+0	0.00000E+0
5.10288E+0	-9.27734E-2	1.25211E-3	0.00000E+0
5.10278E+0	-9.27734E-2	1.06955E-3	0.00000E+0
5.10273E+0	-9.27734E-2	9.61652E-4	0.00000E+0
5.10273E+0	-9.27734E-2	9.61652E-4	0.00000E+0
5.10264E+0	-9.27734E-2	6.87038E-4	0.00000E+0
5.10283E+0	-9.28223E-2	1.16545E-3	4.88281E-4
5.10269E+0	-9.27734E-2	8.37142E-4	0.00000E+0
5.10283E+0	-9.27734E-2	1.16545E-3	0.00000E+0
5.10308E+0	-9.27734E-2	1.53548E-3	0.00000E+0
5.10313E+0	-9.28223E-2	1.59472E-3	4.88281E-4
5.10288E+0	-9.28223E-2	1.25211E-3	4.88281E-4
5.10288E+0	-9.27734E-2	1.25211E-3	0.00000E+0
5.10322E+0	-9.28711E-2	1.70281E-3	6.87038E-4
5.10303E+0	-9.27734E-2	1.47222E-3	0.00000E+0
5.10317E+0	-9.28223E-2	1.65038E-3	4.88281E-4
5.10435E+0	-9.27734E-2	2.36932E-3	0.00000E+0
5.10825E+0	-9.27734E-2	1.96970E-3	0.00000E+0
5.11240E+0	-9.27734E-2	6.87038E-4	0.00000E+0
5.11470E+0	-9.28223E-2	2.45321E-3	4.88281E-4
5.11602E+0	-9.28711E-2	2.09587E-3	6.87038E-4
5.11719E+0	-9.27734E-2	0.00000E+0	0.00000E+0
5.11748E+0	-9.27734E-2	1.16545E-3	0.00000E+0
5.11895E+0	-9.28223E-2	2.35556E-3	4.88281E-4
5.12090E+0	-9.27734E-2	2.09587E-3	0.00000E+0
5.12451E+0	-9.27734E-2	2.45371E-3	0.00000E+0
5.12695E+0	-9.27734E-2	0.00000E+0	0.00000E+0
5.12695E+0	-9.27734E-2	0.00000E+0	0.00000E+0
5.12695E+0	-9.27246E-2	0.00000E+0	4.88281E-4
5.12729E+0	-9.27734E-2	1.25211E-3	0.00000E+0
5.12900E+0	-9.27734E-2	2.42209E-3	0.00000E+0
5.13003E+0	-9.27734E-2	2.36932E-3	0.00000E+0
5.13071E+0	-9.27734E-2	2.06520E-3	0.00000E+0
5.13184E+0	-9.27734E-2	6.94013E-4	0.00000E+0
5.13389E+0	-9.27734E-2	2.42209E-3	0.00000E+0
5.13608E+0	-9.27734E-2	1.65038E-3	0.00000E+0
5.13633E+0	-9.27734E-2	1.33135E-3	0.00000E+0
5.13672E+0	-9.27246E-2	0.00000E+0	4.88281E-4
5.13672E+0	-9.27734E-2	0.00000E+0	0.00000E+0
5.13672E+0	-9.27734E-2	0.00000E+0	0.00000E+0
5.13672E+0	-9.27734E-2	0.00000E+0	0.00000E+0
5.13789E+0	-9.27734E-2	2.09587E-3	0.00000E+0
5.14111E+0	-9.27734E-2	1.47222E-3	0.00000E+0
5.14160E+0	-9.27734E-2	0.00000E+0	0.00000E+0
5.14219E+0	-9.27246E-2	1.59472E-3	4.88281E-4
5.14609E+0	-9.27734E-2	1.33135E-3	0.00000E+0
5.14990E+0	-9.27734E-2	2.24886E-3	0.00000E+0
5.15137E+0	-9.27246E-2	0.00000E+0	4.88281E-4
5.15137E+0	-9.27734E-2	0.00000E+0	0.00000E+0
5.15137E+0	-9.27734E-2	0.00000E+0	0.00000E+0
5.15190E+0	-9.27734E-2	1.53548E-3	0.00000E+0
5.15283E+0	-9.27246E-2	2.24886E-3	4.88281E-4
5.15454E+0	-9.27246E-2	2.34069E-3	4.88281E-4
5.15464E+0	-9.27246E-2	2.30753E-3	4.88281E-4
5.15444E+0	-9.24805E-2	2.36932E-3	1.16545E-3
5.15454E+0	-9.27246E-2	2.34069E-3	4.88281E-4
5.15488E+0	-9.26758E-2	2.20342E-3	6.87038E-4
5.15430E+0	-9.27734E-2	2.40413E-3	0.00000E+0
5.15420E+0	-9.26758E-2	2.42209E-3	6.87038E-4
5.15376E+0	-9.25293E-2	2.45321E-3	1.06955E-3
5.15415E+0	-9.26758E-2	2.42954E-3	6.87038E-4
5.15615E+0	-9.27246E-2	6.87038E-4	4.88281E-4
5.15625E+0	-9.27734E-2	0.00000E+0	0.00000E+0
5.15625E+0	-9.27734E-2	0.00000E+0	0.00000E+0
5.15630E+0	-9.27734E-2	4.88281E-4	0.00000E+0
5.15630E+0	-9.27246E-2	4.88281E-4	4.88281E-4
5.15635E+0	-9.27734E-2	6.87038E-4	0.00000E+0
5.15630E+0	-9.27734E-2	4.88281E-4	0.00000E+0
5.15718E+0	-9.27734E-2	1.92518E-3	0.00000E+0
5.15908E+0	-9.26758E-2	2.42209E-3	6.87038E-4
5.16069E+0	-9.26758E-2	1.40441E-3	6.87038E-4
5.16118E+0	-9.26758E-2	8.48571E-4	6.87038E-4
5.16226E+0	-9.27734E-2	2.06520E-3	0.00000E+0
5.16328E+0	-9.27734E-2	2.43597E-3	0.00000E+0
5.16504E+0	-9.27246E-2	1.96296E-3	4.88281E-4
5.16572E+0	-9.27734E-2	1.16545E-3	0.00000E+0
5.16602E+0	-9.27734E-2	0.00000E+0	0.00000E+0
5.16602E+0	-9.27246E-2	0.00000E+0	4.88281E-4
5.16602E+0	-9.26758E-2	0.00000E+0	6.87038E-4
5.16626E+0	-9.26758E-2	1.06955E-3	6.87038E-4
5.16733E+0	-9.26270E-2	2.17869E-3	8.37142E-4
5.16763E+0	-9.27246E-2	2.30753E-3	4.88281E-4
5.16816E+0	-9.27246E-2	2.43597E-3	4.88281E-4
5.16841E+0	-9.27734E-2	2.45321E-3	0.00000E+0
5.16826E+0	-9.27734E-2	2.44584E-3	0.00000E+0
5.16816E+0	-9.27734E-2	2.43597E-3	0.00000E+0
5.16836E+0	-9.27734E-2	2.45174E-3	0.00000E+0
5.16841E+0	-9.27734E-2	2.45321E-3	0.00000E+0
5.16772E+0	-9.27734E-2	2.34069E-3	0.00000E+0
5.16807E+0	-9.27734E-2	2.42209E-3	0.00000E+0
5.16816E+0	-9.27734E-2	2.43597E-3	0.00000E+0
5.16831E+0	-9.27734E-2	2.44928E-3	0.00000E+0
5.16938E+0	-9.27734E-2	2.26964E-3	0.00000E+0
5.17041E+0	-9.27246E-2	1.47222E-3	4.88281E-4
5.17075E+0	-9.27734E-2	8.37142E-4	0.00000E+0
5.17095E+0	-9.27734E-2	4.88281E-4	0.00000E+0
5.17114E+0	-9.27734E-2	1.06955E-3	0.00000E+0
5.17280E+0	-9.27734E-2	2.39359E-3	0.00000E+0
5.17349E+0	-9.27734E-2	2.44928E-3	0.00000E+0
5.17505E+0	-9.27734E-2	1.75230E-3	0.00000E+0
5.17568E+0	-9.27734E-2	6.87038E-4	0.00000E+0
5.17578E+0	-9.27734E-2	0.00000E+0	0.00000E+0
5.17578E+0	-9.27734E-2	0.00000E+0	0.00000E+0
5.17578E+0	-9.27734E-2	0.00000E+0	0.00000E+0
5.17651E+0	-9.27734E-2	1.75230E-3	0.00000E+0
5.17822E+0	-9.27734E-2	2.45371E-3	0.00000E+0
5.18022E+0	-9.27734E-2	1.40441E-3	0.00000E+0
5.18071E+0	-9.27734E-2	4.88281E-4	0.00000E+0
5.18066E+0	-9.27734E-2	0.00000E+0	0.00000E+0
5.18066E+0	-9.27734E-2	0.00000E+0	0.00000E+0
5.18086E+0	-9.27734E-2	9.61652E-4	0.00000E+0
5.18140E+0	-9.27734E-2	1.75230E-3	0.00000E+0
5.18418E+0	-9.27734E-2	2.20342E-3	0.00000E+0
5.18545E+0	-9.27734E-2	6.87038E-4	0.00000E+0
5.18555E+0	-9.27734E-2	6.94013E-4	0.00000E+0
5.18560E+0	-9.27246E-2	4.88281E-4	4.88281E-4
5.18574E+0	-9.27734E-2	9.61652E-4	0.00000E+0
5.18667E+0	-9.27734E-2	2.06520E-3	0.00000E+0
5.18794E+0	-9.27734E-2	2.45321E-3	0.00000E+0
5.18818E+0	-9.27734E-2	2.44584E-3	0.00000E+0
5.18979E+0	-9.27246E-2	1.65038E-3	4.88281E-4
5.19033E+0	-9.27734E-2	6.87038E-4	0.00000E+0
5.19043E+0	-9.27734E-2	0.00000E+0	0.00000E+0
5.19038E+0	-9.27734E-2	4.88281E-4	0.00000E+0
5.19077E+0	-9.27734E-2	1.25211E-3	0.00000E+0
5.19233E+0	-9.27734E-2	2.39359E-3	0.00000E+0
5.19497E+0	-9.27734E-2	1.25211E-3	0.00000E+0
5.19531E+0	-9.27734E-2	0.00000E+0	0.00000E+0
5.19531E+0	-9.27734E-2	0.00000E+0	0.00000E+0
5.19531E+0	-9.27246E-2	0.00000E+0	4.88281E-4
5.19531E+0	-9.27734E-2	0.00000E+0	0.00000E+0
5.19531E+0	-9.27734E-2	0.00000E+0	0.00000E+0
5.19531E+0	-9.27734E-2	0.00000E+0	0.00000E+0
5.19561E+0	-9.27246E-2	1.16545E-3	4.88281E-4
5.19590E+0	-9.27734E-2	1.59472E-3	0.00000E+0
5.19619E+0	-9.27246E-2	1.88537E-3	4.88281E-4
5.19604E+0	-9.27734E-2	1.75230E-3	0.00000E+0
5.19692E+0	-9.27734E-2	2.30753E-3	0.00000E+0
5.19937E+0	-9.27734E-2	1.84338E-3	0.00000E+0
5.20181E+0	-9.27734E-2	2.30753E-3	0.00000E+0
5.20332E+0	-9.27734E-2	2.35556E-3	0.00000E+0
5.20420E+0	-9.27734E-2	1.88537E-3	0.00000E+0
5.20498E+0	-9.27734E-2	6.87038E-4	0.00000E+0
5.20508E+0	-9.27734E-2	0.00000E+0	0.00000E+0
5.20508E+0	-9.27734E-2	0.00000E+0	0.00000E+0
5.20508E+0	-9.27734E-2	0.00000E+0	0.00000E+0
5.20537E+0	-9.27734E-2	1.16545E-3	0.00000E+0
5.20605E+0	-9.27734E-2	1.96296E-3	0.00000E+0
5.20840E+0	-9.27734E-2	2.28919E-3	0.00000E+0
5.20972E+0	-9.27734E-2	1.06955E-3	0.00000E+0
5.20996E+0	-9.28223E-2	0.00000E+0	4.88281E-4
5.20996E+0	-9.27734E-2	0.00000E+0	0.00000E+0
5.20996E+0	-9.27734E-2	0.00000E+0	0.00000E+0
5.21064E+0	-9.27734E-2	1.70281E-3	0.00000E+0
5.21143E+0	-9.27734E-2	2.24886E-3	0.00000E+0
5.21162E+0	-9.27734E-2	2.32468E-3	0.00000E+0
5.21392E+0	-9.27734E-2	1.92518E-3	0.00000E+0
5.21440E+0	-9.27734E-2	1.40441E-3	0.00000E+0
5.21484E+0	-9.27734E-2	0.00000E+0	0.00000E+0
5.21484E+0	-9.27734E-2	0.00000E+0	0.00000E+0
5.21484E+0	-9.27734E-2	0.00000E+0	0.00000E+0
5.21499E+0	-9.27734E-2	8.37142E-4	0.00000E+0
5.21587E+0	-9.27734E-2	1.99883E-3	0.00000E+0
5.21895E+0	-9.28223E-2	1.79909E-3	4.88281E-4
5.21958E+0	-9.28223E-2	8.37142E-4	4.88281E-4
5.21963E+0	-9.27734E-2	6.87038E-4	0.00000E+0
5.21973E+0	-9.27734E-2	0.00000E+0	0.00000E+0
5.21978E+0	-9.27734E-2	4.88281E-4	0.00000E+0
5.22075E+0	-9.27734E-2	1.99883E-3	0.00000E+0
5.22354E+0	-9.27734E-2	2.03288E-3	0.00000E+0
5.22358E+0	-9.27734E-2	1.99883E-3	0.00000E+0
5.22466E+0	-9.27734E-2	4.88281E-4	0.00000E+0
5.22505E+0	-9.27734E-2	1.40441E-3	0.00000E+0
5.22520E+0	-9.27734E-2	1.59472E-3	0.00000E+0
5.22734E+0	-9.27734E-2	2.43597E-3	0.00000E+0
5.22695E+0	-9.28223E-2	2.45174E-3	4.88281E-4
5.22769E+0	-9.27734E-2	2.36932E-3	0.00000E+0
5.22910E+0	-9.28223E-2	1.33135E-3	4.88281E-4
5.22949E+0	-9.28223E-2	0.00000E+0	4.88281E-4
5.22944E+0	-9.27734E-2	4.88281E-4	0.00000E+0
5.22949E+0	-9.27734E-2	0.00000E+0	0.00000E+0
5.22949E+0	-9.27734E-2	0.00000E+0	0.00000E+0
5.22949E+0	-9.27734E-2	0.00000E+0	0.00000E+0
5.22949E+0	-9.28711E-2	0.00000E+0	6.87038E-4
5.23047E+0	-9.27734E-2	1.96296E-3	0.00000E+0
5.23179E+0	-9.27734E-2	2.44928E-3	0.00000E+0
5.23315E+0	-9.27734E-2	2.12497E-3	0.00000E+0
5.23291E+0	-9.27734E-2	2.24886E-3	0.00000E+0
5.23237E+0	-9.27734E-2	2.41363E-3	0.00000E+0
5.23262E+0	-9.27734E-2	2.35556E-3	0.00000E+0
5.23276E+0	-9.27734E-2	2.30753E-3	0.00000E+0
5.23267E+0	-9.28223E-2	2.34069E-3	4.88281E-4
5.23262E+0	-9.27734E-2	2.35556E-3	0.00000E+0
5.23242E+0	-9.28223E-2	2.40413E-3	4.88281E-4
5.23232E+0	-9.27734E-2	2.42209E-3	0.00000E+0
5.23271E+0	-9.28223E-2	2.32468E-3	4.88281E-4
5.23301E+0	-9.28223E-2	2.20342E-3	4.88281E-4
5.23320E+0	-9.28223E-2	2.09587E-3	4.88281E-4
5.23428E+0	-9.27734E-2	6.87038E-4	0.00000E+0
5.23477E+0	-9.27734E-2	1.33135E-3	0.00000E+0
5.23516E+0	-9.28223E-2	1.79909E-3	4.88281E-4
5.23555E+0	-9.27734E-2	2.09587E-3	0.00000E+0
5.23599E+0	-9.28223E-2	2.30753E-3	4.88281E-4
5.23525E+0	-9.27734E-2	1.88537E-3	0.00000E+0
5.23628E+0	-9.27734E-2	2.39359E-3	0.00000E+0
5.23906E+0	-9.28223E-2	1.18593E-3	4.88281E-4
5.23950E+0	-9.27734E-2	1.06955E-3	0.00000E+0
5.24199E+0	-9.27734E-2	2.43597E-3	0.00000E+0
5.24727E+0	-9.28223E-2	2.35556E-3	4.88281E-4
5.24907E+0	-9.28223E-2	4.88281E-4	4.88281E-4
5.24907E+0	-9.28223E-2	4.88281E-4	4.88281E-4
5.24937E+0	-9.27734E-2	1.25211E-3	0.00000E+0
5.25054E+0	-9.28223E-2	2.26964E-3	4.88281E-4
5.25396E+0	-9.27734E-2	1.09623E-3	0.00000E+0
5.26279E+0	-9.28711E-2	2.80882E-3	6.87038E-4
5.26367E+0	-9.28711E-2	0.00000E+0	6.87038E-4
5.26367E+0	-9.27734E-2	0.00000E+0	0.00000E+0
5.26367E+0	-9.27734E-2	0.00000E+0	0.00000E+0
5.26416E+0	-9.27734E-2	1.47222E-3	0.00000E+0
5.26836E+0	-9.27734E-2	1.37408E-3	0.00000E+0
5.27051E+0	-9.27734E-2	2.40413E-3	0.00000E+0
5.27183E+0	-9.27734E-2	2.30753E-3	0.00000E+0
5.27231E+0	-9.28711E-2	2.06520E-3	6.87038E-4
5.27329E+0	-9.28223E-2	8.37142E-4	4.88281E-4
5.27378E+0	-9.28223E-2	1.25211E-3	4.88281E-4
5.27695E+0	-9.27734E-2	2.20342E-3	0.00000E+0
5.27720E+0	-9.27734E-2	2.06520E-3	0.00000E+0
5.27686E+0	-9.28223E-2	2.24886E-3	4.88281E-4
5.27681E+0	-9.27734E-2	2.26964E-3	0.00000E+0
5.27827E+0	-9.28223E-2	4.88281E-4	4.88281E-4
5.27832E+0	-9.27734E-2	0.00000E+0	0.00000E+0
5.27886E+0	-9.27734E-2	1.53548E-3	0.00000E+0
5.28037E+0	-9.28223E-2	2.42209E-3	4.88281E-4
5.28164E+0	-9.27734E-2	2.28919E-3	0.00000E+0
5.28306E+0	-9.27734E-2	1.08741E-3	0.00000E+0
5.28467E+0	-9.28223E-2	2.24886E-3	4.88281E-4
5.28784E+0	-9.27734E-2	1.06955E-3	0.00000E+0
5.28892E+0	-9.27734E-2	1.84338E-3	0.00000E+0
5.29263E+0	-9.28223E-2	1.25211E-3	4.88281E-4
5.29312E+0	-9.27734E-2	8.37142E-4	0.00000E+0
5.29331E+0	-9.27734E-2	1.25211E-3	0.00000E+0
5.29619E+0	-9.27734E-2	2.32468E-3	0.00000E+0
5.29751E+0	-9.27734E-2	1.25211E-3	0.00000E+0
5.29780E+0	-9.27734E-2	4.88281E-4	0.00000E+0
5.29795E+0	-9.27734E-2	6.87038E-4	0.00000E+0
5.29819E+0	-9.27734E-2	1.25211E-3	0.00000E+0
5.30122E+0	-9.27734E-2	2.26964E-3	0.00000E+0
5.30283E+0	-9.27734E-2	6.87038E-4	0.00000E+0
5.30591E+0	-9.27734E-2	2.34069E-3	0.00000E+0
5.30757E+0	-9.27734E-2	4.88281E-4	0.00000E+0
5.30781E+0	-9.27734E-2	9.61652E-4	0.00000E+0
5.30977E+0	-9.27734E-2	2.43597E-3	0.00000E+0
5.31240E+0	-9.27734E-2	6.87038E-4	0.00000E+0
5.31460E+0	-9.27734E-2	2.42954E-3	0.00000E+0
5.31616E+0	-9.27734E-2	2.12497E-3	0.00000E+0
5.31699E+0	-9.27734E-2	1.33135E-3	0.00000E+0
5.31738E+0	-9.27734E-2	0.00000E+0	0.00000E+0
5.31831E+0	-9.27734E-2	1.92518E-3	0.00000E+0
5.32080E+0	-9.27734E-2	2.24886E-3	0.00000E+0
5.32222E+0	-9.27734E-2	4.88281E-4	0.00000E+0
5.32500E+0	-9.27734E-2	2.43597E-3	0.00000E+0
5.32729E+0	-9.27734E-2	8.37142E-4	0.00000E+0
5.33145E+0	-9.27734E-2	1.59472E-3	0.00000E+0
5.33203E+0	-9.27734E-2	0.00000E+0	0.00000E+0
5.33203E+0	-9.27734E-2	0.00000E+0	0.00000E+0
5.33223E+0	-9.27734E-2	9.61652E-4	0.00000E+0
5.33613E+0	-9.27246E-2	1.79909E-3	4.88281E-4
5.33701E+0	-9.26270E-2	6.87038E-4	8.37142E-4
5.33789E+0	-9.26270E-2	1.96296E-3	8.37142E-4
5.34102E+0	-9.27246E-2	1.79909E-3	4.88281E-4
5.34214E+0	-9.24805E-2	1.25211E-3	1.16545E-3
5.34346E+0	-9.26758E-2	2.32468E-3	6.87038E-4
5.34341E+0	-9.22852E-2	2.30753E-3	1.47222E-3
5.34575E+0	-9.23828E-2	1.92518E-3	1.33135E-3
5.34668E+0	-9.23828E-2	0.00000E+0	1.33135E-3
5.34678E+0	-9.21387E-2	6.87038E-4	1.65038E-3
5.34746E+0	-9.25293E-2	1.79909E-3	1.06955E-3
5.34902E+0	-9.23828E-2	2.45174E-3	1.33135E-3
5.35142E+0	-9.18945E-2	8.37142E-4	1.88537E-3
5.35283E+0	-9.15527E-2	2.15256E-3	2.12497E-3
5.35630E+0	-9.10156E-2	8.37142E-4	2.35556E-3
5.35645E+0	-9.11133E-2	0.00000E+0	2.32468E-3
5.35723E+0	-9.06738E-2	1.79909E-3	2.42954E-3
5.36138E+0	-8.96973E-2	1.47141E-3	2.36932E-3
5.36323E+0	-8.89160E-2	2.39359E-3	1.99883E-3
5.36528E+0	-8.85742E-2	1.92518E-3	1.70281E-3
5.36616E+0	-8.88672E-2	4.88281E-4	1.96296E-3
5.36631E+0	-8.80859E-2	6.87038E-4	9.61652E-4
5.36812E+0	-8.81836E-2	2.39359E-3	1.16545E-3
5.36929E+0	-8.81836E-2	2.36932E-3	1.16545E-3
5.37056E+0	-8.79395E-2	1.53548E-3	4.88281E-4
5.37129E+0	-8.80371E-2	9.61652E-4	8.37142E-4
5.37207E+0	-8.79395E-2	1.96296E-3	4.88281E-4
5.37261E+0	-8.79883E-2	2.26964E-3	6.87038E-4
5.37256E+0	-8.78906E-2	2.24886E-3	0.00000E+0
5.37261E+0	-8.79883E-2	2.26964E-3	6.87038E-4
5.37280E+0	-8.78906E-2	2.34069E-3	0.00000E+0
5.37363E+0	-8.79395E-2	2.45174E-3	4.88281E-4
5.37534E+0	-8.81348E-2	1.65038E-3	1.06955E-3
5.37598E+0	-8.79395E-2	0.00000E+0	4.88281E-4
5.37690E+0	-8.79883E-2	1.92518E-3	6.87038E-4
5.38057E+0	-8.78906E-2	1.16545E-3	0.00000E+0
5.38101E+0	-8.78906E-2	8.37142E-4	0.00000E+0
5.38125E+0	-8.78906E-2	1.33135E-3	0.00000E+0
5.38320E+0	-8.78906E-2	2.45174E-3	0.00000E+0
5.38525E+0	-8.78906E-2	1.47222E-3	0.00000E+0
5.38618E+0	-8.79395E-2	1.40441E-3	4.88281E-4
5.38906E+0	-8.78906E-2	2.28919E-3	0.00000E+0
5.39058E+0	-8.78418E-2	4.88281E-4	4.88281E-4
5.39126E+0	-8.76465E-2	1.65038E-3	1.06955E-3
5.39492E+0	-8.75488E-2	1.59472E-3	1.25211E-3
5.39551E+0	-8.77441E-2	0.00000E+0	8.37142E-4
5.39551E+0	-8.77441E-2	0.00000E+0	8.37142E-4
5.39551E+0	-8.78906E-2	0.00000E+0	0.00000E+0
5.39614E+0	-8.74023E-2	1.65038E-3	1.47222E-3
5.39980E+0	-8.75977E-2	1.59472E-3	1.16545E-3
5.40142E+0	-8.72070E-2	1.99883E-3	1.70281E-3
5.40479E+0	-8.67676E-2	1.47222E-3	2.06520E-3
5.40552E+0	-8.61816E-2	1.06955E-3	2.34069E-3
5.40757E+0	-8.43262E-2	2.44928E-3	2.17869E-3
5.40991E+0	-8.33008E-2	1.06955E-3	1.16545E-3
5.41025E+0	-8.34961E-2	6.87038E-4	1.47222E-3
5.41167E+0	-8.33008E-2	2.26964E-3	1.16545E-3
5.41445E+0	-8.31055E-2	1.59472E-3	6.87038E-4
5.41499E+0	-8.35449E-2	4.88281E-4	1.53548E-3
5.41504E+0	-8.34473E-2	0.00000E+0	1.40441E-3
5.41504E+0	-8.35937E-2	0.00000E+0	1.59472E-3
5.41514E+0	-8.34473E-2	6.87038E-4	1.40441E-3
5.41680E+0	-8.37402E-2	2.35556E-3	1.75230E-3
5.41973E+0	-8.34961E-2	9.61652E-4	1.47222E-3
5.42285E+0	-8.32031E-2	2.40413E-3	9.61652E-4
5.42480E+0	-8.33008E-2	0.00000E+0	1.16545E-3
5.42490E+0	-8.33008E-2	6.87038E-4	1.16545E-3
5.42510E+0	-8.32031E-2	1.16545E-3	9.61652E-4
5.42822E+0	-8.34961E-2	2.24886E-3	1.47222E-3
5.42969E+0	-8.33496E-2	0.00000E+0	1.25211E-3
5.43149E+0	-8.33984E-2	2.36932E-3	1.33135E-3
5.43442E+0	-8.35449E-2	8.37142E-4	1.53548E-3
5.43457E+0	-8.30566E-2	0.00000E+0	4.88281E-4
5.43457E+0	-8.31543E-2	0.00000E+0	8.37142E-4
5.43457E+0	-8.30566E-2	0.00000E+0	4.88281E-4
5.43477E+0	-8.33984E-2	9.61652E-4	1.33135E-3
5.43584E+0	-8.38867E-2	2.15256E-3	1.88537E-3
5.43711E+0	-8.44727E-2	2.45174E-3	2.24886E-3
5.43853E+0	-8.54492E-2	1.92518E-3	2.45371E-3
5.43940E+0	-8.61816E-2	4.88281E-4	2.34069E-3
5.43960E+0	-8.62305E-2	1.08741E-3	2.32468E-3
5.44062E+0	-8.63770E-2	2.09587E-3	2.26964E-3
5.44326E+0	-8.67187E-2	2.03288E-3	2.09587E-3
5.44434E+0	-8.67676E-2	0.00000E+0	2.06520E-3
5.44668E+0	-8.73047E-2	2.45174E-3	1.59472E-3
5.45166E+0	-8.78906E-2	4.24994E-3	0.00000E+0
5.45811E+0	-8.78906E-2	2.80882E-3	0.00000E+0
5.45898E+0	-8.78906E-2	0.00000E+0	0.00000E+0
5.45898E+0	-8.78906E-2	0.00000E+0	0.00000E+0
5.45977E+0	-8.78906E-2	1.79909E-3	0.00000E+0
5.46357E+0	-8.78906E-2	1.16545E-3	0.00000E+0
5.46387E+0	-8.79395E-2	0.00000E+0	4.88281E-4
5.46382E+0	-8.78906E-2	4.88281E-4	0.00000E+0
5.46387E+0	-8.80371E-2	0.00000E+0	8.37142E-4
5.46387E+0	-8.83301E-2	0.00000E+0	1.40441E-3
5.46387E+0	-8.82324E-2	0.00000E+0	1.25211E-3
5.46387E+0	-8.81348E-2	0.00000E+0	1.06955E-3
5.46387E+0	-8.79395E-2	0.00000E+0	4.88281E-4
5.46387E+0	-8.79883E-2	0.00000E+0	6.87038E-4
5.46387E+0	-8.80859E-2	0.00000E+0	9.61652E-4
5.46387E+0	-8.79395E-2	0.00000E+0	4.88281E-4
5.46597E+0	-8.80371E-2	2.42954E-3	8.37142E-4
5.46875E+0	-8.92578E-2	6.94013E-4	2.20342E-3
5.47114E+0	-9.08203E-2	2.45321E-3	2.40413E-3
5.47363E+0	-9.10645E-2	0.00000E+0	2.34069E-3
5.47437E+0	-9.18457E-2	1.75230E-3	1.92518E-3
5.47822E+0	-9.22852E-2	1.16545E-3	1.47222E-3
5.48130E+0	-9.26270E-2	2.42954E-3	8.37142E-4
5.48774E+0	-9.26758E-2	1.68504E-3	6.87038E-4
5.49136E+0	-9.27734E-2	2.36932E-3	0.00000E+0
5.49507E+0	-9.27734E-2	2.39359E-3	0.00000E+0
5.49897E+0	-9.27734E-2	1.92518E-3	0.00000E+0
5.50317E+0	-9.27734E-2	1.45163E-3	0.00000E+0
5.50938E+0	-9.27734E-2	2.49072E-3	0.00000E+0
5.51460E+0	-9.27734E-2	2.39359E-3	0.00000E+0
5.51758E+0	-9.27734E-2	0.00000E+0	0.00000E+0
5.51816E+0	-9.27734E-2	1.59472E-3	0.00000E+0
5.52085E+0	-9.27734E-2	2.30753E-3	0.00000E+0
5.52583E+0	-9.27734E-2	2.26964E-3	0.00000E+0
5.52793E+0	-9.27734E-2	1.59472E-3	0.00000E+0
5.53174E+0	-9.27734E-2	1.47222E-3	0.00000E+0
5.53296E+0	-9.28223E-2	1.75230E-3	4.88281E-4
5.53687E+0	-9.27734E-2	1.06955E-3	0.00000E+0
5.53726E+0	-9.28223E-2	8.37142E-4	4.88281E-4
5.54009E+0	-9.27734E-2	2.39359E-3	0.00000E+0
5.54180E+0	-9.27734E-2	9.61652E-4	0.00000E+0
5.54341E+0	-9.27734E-2	2.22680E-3	0.00000E+0
5.54673E+0	-9.27734E-2	8.37142E-4	0.00000E+0
5.54746E+0	-9.27734E-2	1.59472E-3	0.00000E+0
5.55083E+0	-9.27734E-2	1.92518E-3	0.00000E+0
5.55176E+0	-9.27734E-2	0.00000E+0	0.00000E+0
5.55176E+0	-9.27734E-2	0.00000E+0	0.00000E+0
5.55566E+0	-9.27734E-2	1.96296E-3	0.00000E+0
5.55723E+0	-9.27734E-2	1.59472E-3	0.00000E+0
5.56133E+0	-9.27734E-2	1.68861E-3	0.00000E+0
5.56514E+0	-9.27734E-2	2.15256E-3	0.00000E+0
5.56641E+0	-9.27734E-2	0.00000E+0	0.00000E+0
5.56641E+0	-9.27734E-2	0.00000E+0	0.00000E+0
5.56704E+0	-9.27734E-2	1.65038E-3	0.00000E+0
5.57056E+0	-9.27734E-2	1.75230E-3	0.00000E+0
5.57124E+0	-9.27734E-2	4.88281E-4	0.00000E+0
5.57158E+0	-9.27734E-2	1.16545E-3	0.00000E+0
5.57319E+0	-9.27734E-2	2.39359E-3	0.00000E+0
5.57549E+0	-9.27734E-2	1.70281E-3	0.00000E+0
5.57603E+0	-9.27734E-2	8.37142E-4	0.00000E+0
5.57617E+0	-9.28223E-2	0.00000E+0	4.88281E-4
5.57617E+0	-9.27734E-2	0.00000E+0	0.00000E+0
5.57676E+0	-9.27734E-2	1.59472E-3	0.00000E+0
5.58032E+0	-9.27734E-2	1.75230E-3	0.00000E+0
5.58115E+0	-9.28223E-2	6.87038E-4	4.88281E-4
5.58521E+0	-9.27734E-2	1.75230E-3	0.00000E+0
5.58623E+0	-9.27734E-2	1.16545E-3	0.00000E+0
5.58945E+0	-9.27734E-2	2.20342E-3	0.00000E+0
5.59077E+0	-9.27734E-2	4.88281E-4	0.00000E+0
5.59136E+0	-9.27734E-2	1.53548E-3	0.00000E+0
5.59502E+0	-9.27734E-2	1.70281E-3	0.00000E+0
5.59570E+0	-9.27734E-2	0.00000E+0	0.00000E+0
5.59570E+0	-9.27734E-2	0.00000E+0	0.00000E+0
5.59570E+0	-9.27734E-2	0.00000E+0	0.00000E+0
5.59600E+0	-9.27734E-2	1.16545E-3	0.00000E+0
5.59878E+0	-9.27734E-2	2.36932E-3	0.00000E+0
5.60200E+0	-9.28223E-2	2.22680E-3	4.88281E-4
5.60532E+0	-9.27734E-2	8.37142E-4	0.00000E+0
5.60571E+0	-9.27734E-2	1.06955E-3	0.00000E+0
5.60879E+0	-9.27734E-2	2.28919E-3	0.00000E+0
5.61050E+0	-9.27734E-2	1.29001E-3	0.00000E+0
5.61250E+0	-9.27734E-2	2.43597E-3	0.00000E+0
5.61436E+0	-9.27734E-2	1.88537E-3	0.00000E+0
5.61499E+0	-9.27734E-2	1.06955E-3	0.00000E+0
5.61523E+0	-9.28223E-2	0.00000E+0	4.88281E-4
5.61523E+0	-9.27734E-2	0.00000E+0	0.00000E+0
5.61689E+0	-9.27734E-2	2.32468E-3	0.00000E+0
5.62002E+0	-9.27734E-2	6.87038E-4	0.00000E+0
5.62129E+0	-9.28223E-2	2.09587E-3	4.88281E-4
5.62354E+0	-9.27734E-2	2.24886E-3	0.00000E+0
5.62456E+0	-9.27734E-2	1.40441E-3	0.00000E+0
5.62510E+0	-9.27734E-2	6.87038E-4	0.00000E+0
5.62529E+0	-9.28223E-2	1.16545E-3	4.88281E-4
5.62524E+0	-9.27734E-2	1.06955E-3	0.00000E+0
5.62520E+0	-9.27734E-2	9.61652E-4	0.00000E+0
5.62529E+0	-9.27734E-2	1.16545E-3	0.00000E+0
5.62510E+0	-9.27734E-2	6.87038E-4	0.00000E+0
5.62510E+0	-9.28711E-2	6.87038E-4	6.87038E-4
5.62529E+0	-9.27734E-2	1.16545E-3	0.00000E+0
5.62520E+0	-9.27734E-2	9.61652E-4	0.00000E+0
5.62524E+0	-9.27734E-2	1.06955E-3	0.00000E+0
5.62505E+0	-9.27734E-2	4.88281E-4	0.00000E+0
5.62520E+0	-9.28223E-2	9.61652E-4	4.88281E-4
5.62534E+0	-9.27734E-2	1.25211E-3	0.00000E+0
5.62524E+0	-9.28223E-2	1.06955E-3	4.88281E-4
5.62529E+0	-9.28223E-2	1.16545E-3	4.88281E-4
5.62524E+0	-9.27734E-2	1.06955E-3	0.00000E+0
5.62520E+0	-9.28711E-2	9.61652E-4	6.87038E-4
5.62520E+0	-9.28223E-2	9.61652E-4	4.88281E-4
5.62544E+0	-9.27734E-2	1.40441E-3	0.00000E+0
5.62510E+0	-9.28223E-2	6.87038E-4	4.88281E-4
5.62524E+0	-9.27734E-2	1.06955E-3	0.00000E+0
5.62510E+0	-9.27734E-2	6.87038E-4	0.00000E+0
5.62539E+0	-9.27734E-2	1.33135E-3	0.00000E+0
5.62539E+0	-9.28223E-2	1.33135E-3	4.88281E-4
5.62524E+0	-9.27734E-2	1.06955E-3	0.00000E+0
5.62632E+0	-9.27734E-2	2.17869E-3	0.00000E+0
5.62954E+0	-9.27734E-2	1.25211E-3	0.00000E+0
5.62988E+0	-9.27734E-2	0.00000E+0	0.00000E+0
5.62988E+0	-9.28223E-2	0.00000E+0	4.88281E-4
5.62988E+0	-9.27734E-2	0.00000E+0	0.00000E+0
5.63003E+0	-9.27734E-2	8.37142E-4	0.00000E+0
5.63071E+0	-9.27734E-2	1.84338E-3	0.00000E+0
5.63354E+0	-9.28223E-2	2.12497E-3	4.88281E-4
5.63428E+0	-9.27734E-2	1.47222E-3	0.00000E+0
5.63452E+0	-9.28223E-2	1.06955E-3	4.88281E-4
5.63452E+0	-9.27734E-2	1.06955E-3	0.00000E+0
5.63472E+0	-9.27734E-2	4.88281E-4	0.00000E+0
5.63516E+0	-9.28223E-2	1.33135E-3	4.88281E-4
5.63745E+0	-9.27734E-2	2.44141E-3	0.00000E+0
5.63916E+0	-9.27734E-2	1.47222E-3	0.00000E+0
5.63936E+0	-9.27734E-2	1.16545E-3	0.00000E+0
5.63926E+0	-9.27734E-2	1.33135E-3	0.00000E+0
5.63940E+0	-9.27734E-2	1.06955E-3	0.00000E+0
5.63960E+0	-9.27734E-2	4.88281E-4	0.00000E+0
5.63965E+0	-9.27734E-2	0.00000E+0	0.00000E+0
5.63970E+0	-9.27734E-2	4.88281E-4	0.00000E+0
5.63955E+0	-9.27734E-2	6.87038E-4	0.00000E+0
5.63970E+0	-9.27734E-2	4.88281E-4	0.00000E+0
5.63979E+0	-9.27734E-2	8.37142E-4	0.00000E+0
5.64297E+0	-9.27734E-2	2.28919E-3	0.00000E+0
5.64453E+0	-9.27734E-2	0.00000E+0	0.00000E+0
5.64453E+0	-9.28223E-2	0.00000E+0	4.88281E-4
5.64453E+0	-9.28223E-2	0.00000E+0	4.88281E-4
5.64453E+0	-9.28223E-2	0.00000E+0	4.88281E-4
5.64473E+0	-9.27734E-2	1.37408E-3	0.00000E+0
5.64941E+0	-9.27734E-2	4.90741E-3	0.00000E+0
5.65039E+0	-9.27734E-2	4.80826E-3	0.00000E+0
5.65303E+0	-9.27734E-2	3.30076E-3	0.00000E+0
5.65430E+0	-9.27734E-2	0.00000E+0	0.00000E+0
5.65693E+0	-9.28223E-2	2.44584E-3	4.88281E-4
5.65908E+0	-9.27734E-2	6.87038E-4	0.00000E+0
5.66035E+0	-9.27734E-2	2.09587E-3	0.00000E+0
5.66387E+0	-9.27734E-2	9.61652E-4	0.00000E+0
5.66382E+0	-9.27734E-2	1.06955E-3	0.00000E+0
5.66357E+0	-9.27734E-2	1.47222E-3	0.00000E+0
5.66372E+0	-9.27734E-2	1.25211E-3	0.00000E+0
5.66367E+0	-9.27734E-2	1.33135E-3	0.00000E+0
5.66367E+0	-9.27734E-2	1.33135E-3	0.00000E+0
5.66367E+0	-9.28223E-2	1.33135E-3	4.88281E-4
5.66348E+0	-9.27734E-2	1.59472E-3	0.00000E+0
5.66396E+0	-9.27734E-2	6.87038E-4	0.00000E+0
5.66558E+0	-9.28223E-2	2.26964E-3	4.88281E-4
5.66890E+0	-9.28223E-2	4.88281E-4	4.88281E-4
5.67017E+0	-9.27734E-2	2.12497E-3	0.00000E+0
5.67358E+0	-9.28223E-2	1.06955E-3	4.88281E-4
5.67539E+0	-9.27734E-2	2.28919E-3	0.00000E+0
5.67827E+0	-9.27734E-2	1.40441E-3	0.00000E+0
5.67871E+0	-9.27734E-2	0.00000E+0	0.00000E+0
5.67871E+0	-9.27734E-2	0.00000E+0	0.00000E+0
5.67871E+0	-9.27734E-2	0.00000E+0	0.00000E+0
5.67876E+0	-9.28711E-2	4.88281E-4	6.87038E-4
5.67871E+0	-9.27734E-2	0.00000E+0	0.00000E+0
5.67871E+0	-9.28223E-2	0.00000E+0	4.88281E-4
5.67871E+0	-9.27734E-2	0.00000E+0	0.00000E+0
5.67871E+0	-9.28223E-2	0.00000E+0	4.88281E-4
5.67876E+0	-9.27734E-2	4.88281E-4	0.00000E+0
5.67871E+0	-9.27734E-2	0.00000E+0	0.00000E+0
5.67871E+0	-9.27734E-2	0.00000E+0	0.00000E+0
5.67871E+0	-9.27734E-2	0.00000E+0	0.00000E+0
5.67871E+0	-9.27734E-2	0.00000E+0	0.00000E+0
5.67876E+0	-9.27734E-2	4.88281E-4	0.00000E+0
5.67871E+0	-9.27734E-2	0.00000E+0	0.00000E+0
5.67871E+0	-9.27734E-2	0.00000E+0	0.00000E+0
5.67876E+0	-9.27734E-2	4.88281E-4	0.00000E+0
5.67871E+0	-9.27734E-2	0.00000E+0	0.00000E+0
5.67871E+0	-9.27734E-2	0.00000E+0	0.00000E+0
5.67871E+0	-9.28223E-2	0.00000E+0	4.88281E-4
5.67871E+0	-9.27734E-2	0.00000E+0	0.00000E+0
5.67876E+0	-9.27734E-2	4.88281E-4	0.00000E+0
5.67871E+0	-9.28223E-2	0.00000E+0	4.88281E-4
5.67871E+0	-9.27734E-2	0.00000E+0	0.00000E+0
5.67881E+0	-9.28223E-2	6.87038E-4	4.88281E-4
5.67871E+0	-9.27734E-2	0.00000E+0	0.00000E+0
5.67876E+0	-9.27734E-2	4.88281E-4	0.00000E+0
5.67876E+0	-9.27734E-2	4.88281E-4	0.00000E+0
5.67876E+0	-9.27734E-2	4.88281E-4	0.00000E+0
5.67876E+0	-9.27734E-2	4.88281E-4	0.00000E+0
5.67876E+0	-9.27734E-2	4.88281E-4	0.00000E+0
5.67871E+0	-9.27734E-2	0.00000E+0	0.00000E+0
5.67876E+0	-9.27734E-2	4.88281E-4	0.00000E+0
5.67876E+0	-9.27734E-2	4.88281E-4	0.00000E+0
5.67871E+0	-9.27734E-2	0.00000E+0	0.00000E+0
5.67871E+0	-9.27734E-2	0.00000E+0	0.00000E+0
5.67876E+0	-9.27734E-2	4.88281E-4	0.00000E+0
5.67871E+0	-9.27734E-2	0.00000E+0	0.00000E+0
5.67881E+0	-9.27734E-2	6.87038E-4	0.00000E+0
