5.20527E+0	-9.27734E-2	9.61652E-4	0.00000E+0
5.20508E+0	-9.27734E-2	0.00000E+0	0.00000E+0
5.20508E+0	-9.27734E-2	0.00000E+0	0.00000E+0
5.20508E+0	-9.27734E-2	0.00000E+0	0.00000E+0
5.20508E+0	-9.27734E-2	0.00000E+0	0.00000E+0
5.20513E+0	-9.27734E-2	4.88281E-4	0.00000E+0
5.20518E+0	-9.27734E-2	6.87038E-4	0.00000E+0
5.20508E+0	-9.27734E-2	0.00000E+0	0.00000E+0
5.20508E+0	-9.27734E-2	0.00000E+0	0.00000E+0
5.20508E+0	-9.27734E-2	0.00000E+0	0.00000E+0
5.20513E+0	-9.27734E-2	4.88281E-4	0.00000E+0
5.20513E+0	-9.27734E-2	4.88281E-4	0.00000E+0
5.20508E+0	-9.27734E-2	0.00000E+0	0.00000E+0
5.20508E+0	-9.27734E-2	0.00000E+0	0.00000E+0
5.20518E+0	-9.27734E-2	6.87038E-4	0.00000E+0
5.20508E+0	-9.27734E-2	0.00000E+0	0.00000E+0
5.20513E+0	-9.27734E-2	4.88281E-4	0.00000E+0
5.20513E+0	-9.27734E-2	4.88281E-4	0.00000E+0
5.20508E+0	-9.27734E-2	0.00000E+0	0.00000E+0
5.20518E+0	-9.27734E-2	6.87038E-4	0.00000E+0
5.20513E+0	-9.27734E-2	4.88281E-4	0.00000E+0
5.20518E+0	-9.27734E-2	6.87038E-4	0.00000E+0
5.20522E+0	-9.27734E-2	8.37142E-4	0.00000E+0
5.20522E+0	-9.27734E-2	8.37142E-4	0.00000E+0
5.20518E+0	-9.27246E-2	6.87038E-4	4.88281E-4
5.20508E+0	-9.27734E-2	0.00000E+0	0.00000E+0
5.20513E+0	-9.27734E-2	4.88281E-4	0.00000E+0
5.20513E+0	-9.27734E-2	4.88281E-4	0.00000E+0
5.20513E+0	-9.27734E-2	4.88281E-4	0.00000E+0
5.20508E+0	-9.27734E-2	0.00000E+0	0.00000E+0
5.20513E+0	-9.27734E-2	4.88281E-4	0.00000E+0
5.20508E+0	-9.27734E-2	0.00000E+0	0.00000E+0
5.20513E+0	-9.27734E-2	4.88281E-4	0.00000E+0
5.20513E+0	-9.27734E-2	4.88281E-4	0.00000E+0
5.20518E+0	-9.27734E-2	6.87038E-4	0.00000E+0
5.20513E+0	-9.27734E-2	4.88281E-4	0.00000E+0
5.20508E+0	-9.27734E-2	0.00000E+0	0.00000E+0
5.20508E+0	-9.28223E-2	0.00000E+0	4.88281E-4
5.20518E+0	-9.27734E-2	6.87038E-4	0.00000E+0
5.20522E+0	-9.28223E-2	8.37142E-4	4.88281E-4
5.20513E+0	-9.27734E-2	4.88281E-4	0.00000E+0
5.20508E+0	-9.27734E-2	0.00000E+0	0.00000E+0
5.20508E+0	-9.28223E-2	0.00000E+0	4.88281E-4
5.20508E+0	-9.27734E-2	0.00000E+0	0.00000E+0
5.20508E+0	-9.27734E-2	0.00000E+0	0.00000E+0
5.20513E+0	-9.27734E-2	4.88281E-4	0.00000E+0
5.20508E+0	-9.27734E-2	0.00000E+0	0.00000E+0
5.20513E+0	-9.27734E-2	4.88281E-4	0.00000E+0
5.20513E+0	-9.27734E-2	4.88281E-4	0.00000E+0
5.20518E+0	-9.27734E-2	6.87038E-4	0.00000E+0
5.20508E+0	-9.27734E-2	0.00000E+0	0.00000E+0
5.20522E+0	-9.27734E-2	8.37142E-4	0.00000E+0
5.20513E+0	-9.27734E-2	4.88281E-4	0.00000E+0
5.20508E+0	-9.27734E-2	0.00000E+0	0.00000E+0
5.20513E+0	-9.27734E-2	4.88281E-4	0.00000E+0
5.20518E+0	-9.27734E-2	6.87038E-4	0.00000E+0
5.20508E+0	-9.27734E-2	0.00000E+0	0.00000E+0
5.20508E+0	-9.27734E-2	0.00000E+0	0.00000E+0
5.20508E+0	-9.27734E-2	0.00000E+0	0.00000E+0
5.20508E+0	-9.27734E-2	0.00000E+0	0.00000E+0
5.20527E+0	-9.27734E-2	9.61652E-4	0.00000E+0
5.20508E+0	-9.27734E-2	0.00000E+0	0.00000E+0
5.20513E+0	-9.27734E-2	4.88281E-4	0.00000E+0
5.20513E+0	-9.27734E-2	4.88281E-4	0.00000E+0
5.20508E+0	-9.27734E-2	0.00000E+0	0.00000E+0
5.20527E+0	-9.27734E-2	9.61652E-4	0.00000E+0
5.20513E+0	-9.27734E-2	4.88281E-4	0.00000E+0
5.20518E+0	-9.27734E-2	6.87038E-4	0.00000E+0
5.20508E+0	-9.27734E-2	0.00000E+0	0.00000E+0
5.20508E+0	-9.27734E-2	0.00000E+0	0.00000E+0
5.20513E+0	-9.27734E-2	4.88281E-4	0.00000E+0
5.20513E+0	-9.27734E-2	4.88281E-4	0.00000E+0
5.20508E+0	-9.27246E-2	0.00000E+0	4.88281E-4
5.20518E+0	-9.27734E-2	6.87038E-4	0.00000E+0
5.20508E+0	-9.27734E-2	0.00000E+0	0.00000E+0
5.20513E+0	-9.27734E-2	4.88281E-4	0.00000E+0
5.20513E+0	-9.27734E-2	4.88281E-4	0.00000E+0
5.20508E+0	-9.27734E-2	0.00000E+0	0.00000E+0
5.20513E+0	-9.27734E-2	4.88281E-4	0.00000E+0
5.20513E+0	-9.27734E-2	4.88281E-4	0.00000E+0
5.20513E+0	-9.27734E-2	4.88281E-4	0.00000E+0
5.20513E+0	-9.27734E-2	4.88281E-4	0.00000E+0
5.20508E+0	-9.27734E-2	0.00000E+0	0.00000E+0
5.20508E+0	-9.27734E-2	0.00000E+0	0.00000E+0
5.20513E+0	-9.27734E-2	4.88281E-4	0.00000E+0
5.20513E+0	-9.27734E-2	4.88281E-4	0.00000E+0
5.20508E+0	-9.27734E-2	0.00000E+0	0.00000E+0
5.20518E+0	-9.27734E-2	6.87038E-4	0.00000E+0
5.20513E+0	-9.27734E-2	4.88281E-4	0.00000E+0
5.20508E+0	-9.27734E-2	0.00000E+0	0.00000E+0
5.20513E+0	-9.27734E-2	4.88281E-4	0.00000E+0
5.20513E+0	-9.27734E-2	4.88281E-4	0.00000E+0
5.20522E+0	-9.27734E-2	8.37142E-4	0.00000E+0
5.20513E+0	-9.27734E-2	4.88281E-4	0.00000E+0
5.20508E+0	-9.27734E-2	0.00000E+0	0.00000E+0
5.20508E+0	-9.27734E-2	0.00000E+0	0.00000E+0
5.20513E+0	-9.27734E-2	4.88281E-4	0.00000E+0
5.20508E+0	-9.27734E-2	0.00000E+0	0.00000E+0
5.20508E+0	-9.27734E-2	0.00000E+0	0.00000E+0
5.20508E+0	-9.27734E-2	0.00000E+0	0.00000E+0
5.20513E+0	-9.27734E-2	4.88281E-4	0.00000E+0
5.20518E+0	-9.27734E-2	6.87038E-4	0.00000E+0
5.20518E+0	-9.27734E-2	6.87038E-4	0.00000E+0
5.20508E+0	-9.27734E-2	0.00000E+0	0.00000E+0
5.20508E+0	-9.27734E-2	0.00000E+0	0.00000E+0
5.20513E+0	-9.27734E-2	4.88281E-4	0.00000E+0
5.20508E+0	-9.27734E-2	0.00000E+0	0.00000E+0
5.20508E+0	-9.27734E-2	0.00000E+0	0.00000E+0
5.20513E+0	-9.27734E-2	4.88281E-4	0.00000E+0
5.20508E+0	-9.27734E-2	0.00000E+0	0.00000E+0
5.20513E+0	-9.27734E-2	4.88281E-4	0.00000E+0
5.20508E+0	-9.27734E-2	0.00000E+0	0.00000E+0
5.20513E+0	-9.27734E-2	4.88281E-4	0.00000E+0
5.20513E+0	-9.27734E-2	4.88281E-4	0.00000E+0
5.20513E+0	-9.27734E-2	4.88281E-4	0.00000E+0
5.20513E+0	-9.27734E-2	4.88281E-4	0.00000E+0
5.20508E+0	-9.27734E-2	0.00000E+0	0.00000E+0
5.20508E+0	-9.27734E-2	0.00000E+0	0.00000E+0
5.20508E+0	-9.27734E-2	0.00000E+0	0.00000E+0
5.20508E+0	-9.27734E-2	0.00000E+0	0.00000E+0
5.20518E+0	-9.27734E-2	6.87038E-4	0.00000E+0
5.20508E+0	-9.27734E-2	0.00000E+0	0.00000E+0
5.20508E+0	-9.27734E-2	0.00000E+0	0.00000E+0
5.20513E+0	-9.27734E-2	4.88281E-4	0.00000E+0
5.20513E+0	-9.27734E-2	4.88281E-4	0.00000E+0
5.20513E+0	-9.27734E-2	4.88281E-4	0.00000E+0
5.20513E+0	-9.27734E-2	4.88281E-4	0.00000E+0
5.20508E+0	-9.27734E-2	0.00000E+0	0.00000E+0
5.20513E+0	-9.27734E-2	4.88281E-4	0.00000E+0
5.20513E+0	-9.27734E-2	4.88281E-4	0.00000E+0
5.20518E+0	-9.27734E-2	6.87038E-4	0.00000E+0
5.20513E+0	-9.27734E-2	4.88281E-4	0.00000E+0
5.20508E+0	-9.27734E-2	0.00000E+0	0.00000E+0
5.20508E+0	-9.27734E-2	0.00000E+0	0.00000E+0
5.20513E+0	-9.27734E-2	4.88281E-4	0.00000E+0
5.20518E+0	-9.27734E-2	6.87038E-4	0.00000E+0
5.20508E+0	-9.27734E-2	0.00000E+0	0.00000E+0
5.20518E+0	-9.27734E-2	6.87038E-4	0.00000E+0
5.20508E+0	-9.27734E-2	0.00000E+0	0.00000E+0
5.20513E+0	-9.27734E-2	4.88281E-4	0.00000E+0
5.20508E+0	-9.27734E-2	0.00000E+0	0.00000E+0
5.20508E+0	-9.27246E-2	0.00000E+0	4.88281E-4
5.20518E+0	-9.27734E-2	6.87038E-4	6.94013E-4
5.20513E+0	-9.27734E-2	4.88281E-4	0.00000E+0
5.20513E+0	-9.27734E-2	4.88281E-4	0.00000E+0
5.20513E+0	-9.27734E-2	4.88281E-4	0.00000E+0
5.20508E+0	-9.27734E-2	0.00000E+0	0.00000E+0
5.20518E+0	-9.27734E-2	6.87038E-4	0.00000E+0
5.20513E+0	-9.27734E-2	4.88281E-4	0.00000E+0
5.20527E+0	-9.27734E-2	9.61652E-4	0.00000E+0
5.20513E+0	-9.27734E-2	4.88281E-4	0.00000E+0
5.20518E+0	-9.28223E-2	6.87038E-4	4.88281E-4
5.20508E+0	-9.27734E-2	0.00000E+0	0.00000E+0
5.20513E+0	-9.28223E-2	4.88281E-4	4.88281E-4
5.20508E+0	-9.28223E-2	0.00000E+0	4.88281E-4
5.20513E+0	-9.27734E-2	4.88281E-4	0.00000E+0
5.20513E+0	-9.27734E-2	4.88281E-4	0.00000E+0
5.20513E+0	-9.27734E-2	4.88281E-4	0.00000E+0
5.20518E+0	-9.27734E-2	6.87038E-4	0.00000E+0
5.20508E+0	-9.27734E-2	0.00000E+0	0.00000E+0
5.20518E+0	-9.27734E-2	6.87038E-4	0.00000E+0
5.20513E+0	-9.27734E-2	4.88281E-4	0.00000E+0
5.20513E+0	-9.27734E-2	4.88281E-4	0.00000E+0
5.20513E+0	-9.27734E-2	4.88281E-4	0.00000E+0
5.20513E+0	-9.27734E-2	4.88281E-4	0.00000E+0
5.20518E+0	-9.27734E-2	6.87038E-4	0.00000E+0
5.20527E+0	-9.27734E-2	9.61652E-4	0.00000E+0
5.20518E+0	-9.27734E-2	6.87038E-4	0.00000E+0
5.20518E+0	-9.27734E-2	6.87038E-4	0.00000E+0
5.20518E+0	-9.27734E-2	6.87038E-4	0.00000E+0
5.20508E+0	-9.27734E-2	0.00000E+0	0.00000E+0
5.20518E+0	-9.27734E-2	6.87038E-4	0.00000E+0
5.20518E+0	-9.27734E-2	6.87038E-4	0.00000E+0
5.20522E+0	-9.27734E-2	8.37142E-4	0.00000E+0
5.20518E+0	-9.27734E-2	6.87038E-4	0.00000E+0
5.20518E+0	-9.27734E-2	6.87038E-4	0.00000E+0
5.20508E+0	-9.27734E-2	0.00000E+0	0.00000E+0
5.20518E+0	-9.27734E-2	6.87038E-4	0.00000E+0
5.20518E+0	-9.27734E-2	6.87038E-4	0.00000E+0
5.20513E+0	-9.27734E-2	4.88281E-4	0.00000E+0
5.20508E+0	-9.27734E-2	0.00000E+0	0.00000E+0
5.20513E+0	-9.27734E-2	4.88281E-4	0.00000E+0
5.20518E+0	-9.27734E-2	6.87038E-4	0.00000E+0
5.20508E+0	-9.28223E-2	0.00000E+0	4.88281E-4
5.20508E+0	-9.27734E-2	0.00000E+0	0.00000E+0
5.20508E+0	-9.27734E-2	0.00000E+0	0.00000E+0
5.20508E+0	-9.27734E-2	0.00000E+0	0.00000E+0
