4.74653E+0	-8.88184E-2	1.40441E-3	1.92518E-3
4.74614E+0	-8.86230E-2	4.88281E-4	1.75230E-3
4.74629E+0	-8.90625E-2	9.61652E-4	2.09587E-3
4.74614E+0	-8.91113E-2	4.88281E-4	2.12497E-3
4.74648E+0	-8.96973E-2	1.33135E-3	2.36932E-3
4.74629E+0	-8.89648E-2	9.61652E-4	2.03288E-3
4.74634E+0	-8.97949E-2	1.06955E-3	2.39359E-3
4.74629E+0	-8.96973E-2	9.61652E-4	2.36932E-3
4.74624E+0	-9.07715E-2	8.37142E-4	2.41363E-3
4.74629E+0	-9.05762E-2	9.61652E-4	2.44141E-3
4.74624E+0	-9.05273E-2	8.37142E-4	2.44584E-3
4.74629E+0	-9.04297E-2	9.61652E-4	2.45174E-3
4.74614E+0	-8.95508E-2	4.88281E-4	2.32468E-3
4.74619E+0	-8.93066E-2	6.87038E-4	2.22680E-3
4.74658E+0	-8.93555E-2	1.47222E-3	2.24886E-3
4.74648E+0	-8.97949E-2	1.33135E-3	2.39359E-3
4.74614E+0	-9.01855E-2	4.88281E-4	2.44928E-3
4.74619E+0	-9.00879E-2	6.87038E-4	2.44141E-3
4.74619E+0	-9.03320E-2	6.87038E-4	2.45371E-3
4.74644E+0	-8.94531E-2	1.25211E-3	2.28919E-3
4.74624E+0	-8.90625E-2	8.37142E-4	2.09587E-3
4.74624E+0	-8.94043E-2	8.37142E-4	2.26964E-3
4.74619E+0	-8.91113E-2	6.87038E-4	2.12497E-3
4.74629E+0	-8.97949E-2	9.61652E-4	2.39359E-3
4.74629E+0	-8.89648E-2	9.61652E-4	2.03288E-3
4.74648E+0	-8.95996E-2	1.33135E-3	2.34069E-3
4.74697E+0	-8.85254E-2	1.88537E-3	1.65038E-3
4.75093E+0	-8.93555E-2	8.48571E-4	2.24886E-3
4.75493E+0	-8.97461E-2	1.92518E-3	2.38199E-3
4.75938E+0	-9.12598E-2	2.31013E-3	2.26964E-3
4.76465E+0	-9.15527E-2	1.96296E-3	2.12497E-3
4.76636E+0	-9.17480E-2	1.75230E-3	1.99883E-3
4.77158E+0	-9.19922E-2	2.14808E-3	1.79909E-3
4.77539E+0	-9.21875E-2	0.00000E+0	1.59472E-3
4.77808E+0	-9.23340E-2	2.44141E-3	1.40441E-3
4.78584E+0	-9.23828E-2	3.02672E-3	1.33135E-3
4.79248E+0	-9.22852E-2	2.45371E-3	1.47222E-3
4.79492E+0	-9.23828E-2	0.00000E+0	1.33135E-3
4.79702E+0	-9.26270E-2	2.42954E-3	8.37142E-4
4.80063E+0	-9.24805E-2	1.84338E-3	1.16545E-3
4.80327E+0	-9.24805E-2	2.22680E-3	1.16545E-3
4.80454E+0	-9.27246E-2	8.37142E-4	4.88281E-4
4.80469E+0	-9.23828E-2	0.00000E+0	1.33135E-3
4.80645E+0	-9.25293E-2	2.35556E-3	1.06955E-3
4.81045E+0	-9.23828E-2	1.88537E-3	1.33135E-3
4.81353E+0	-9.23828E-2	1.92518E-3	1.33135E-3
4.81445E+0	-9.23340E-2	0.00000E+0	1.40441E-3
4.81519E+0	-9.25781E-2	1.75230E-3	9.61652E-4
4.81934E+0	-9.25781E-2	1.69998E-3	9.61652E-4
4.82578E+0	-9.25781E-2	2.58561E-3	9.61652E-4
4.83291E+0	-9.27246E-2	2.14808E-3	4.88281E-4
4.83960E+0	-9.26758E-2	2.23543E-3	6.87038E-4
4.84136E+0	-9.27734E-2	2.45321E-3	0.00000E+0
4.84131E+0	-9.27734E-2	2.45371E-3	0.00000E+0
4.84209E+0	-9.27734E-2	2.32468E-3	0.00000E+0
4.84385E+0	-9.27734E-2	9.76562E-4	0.00000E+0
4.84619E+0	-9.27734E-2	2.45371E-3	0.00000E+0
4.85063E+0	-9.27734E-2	2.41363E-3	0.00000E+0
4.85347E+0	-9.27734E-2	4.88281E-4	0.00000E+0
4.85352E+0	-9.27734E-2	0.00000E+0	0.00000E+0
4.85352E+0	-9.27734E-2	0.00000E+0	0.00000E+0
4.85352E+0	-9.27734E-2	0.00000E+0	0.00000E+0
4.85352E+0	-9.27734E-2	0.00000E+0	0.00000E+0
4.85352E+0	-9.27734E-2	0.00000E+0	0.00000E+0
4.85352E+0	-9.27734E-2	0.00000E+0	0.00000E+0
4.85352E+0	-9.27734E-2	0.00000E+0	0.00000E+0
4.85356E+0	-9.27734E-2	4.88281E-4	0.00000E+0
4.85776E+0	-9.27734E-2	2.46887E-3	0.00000E+0
4.86318E+0	-9.27734E-2	6.87038E-4	0.00000E+0
4.86328E+0	-9.27734E-2	0.00000E+0	0.00000E+0
4.86333E+0	-9.27734E-2	4.88281E-4	0.00000E+0
4.86328E+0	-9.27734E-2	0.00000E+0	0.00000E+0
4.86328E+0	-9.27734E-2	0.00000E+0	0.00000E+0
4.86333E+0	-9.27734E-2	4.88281E-4	0.00000E+0
4.86528E+0	-9.27734E-2	2.41363E-3	0.00000E+0
4.86958E+0	-9.27734E-2	3.55880E-3	0.00000E+0
4.87695E+0	-9.27734E-2	2.94445E-3	0.00000E+0
4.87734E+0	-9.27734E-2	2.33089E-3	0.00000E+0
4.87969E+0	-9.27734E-2	2.45567E-3	0.00000E+0
4.88735E+0	-9.19922E-2	1.86933E-3	1.79909E-3
4.89038E+0	-8.97949E-2	2.44141E-3	2.39359E-3
4.89131E+0	-8.93066E-2	2.15256E-3	2.22680E-3
4.89136E+0	-8.87207E-2	2.12497E-3	1.84338E-3
4.89175E+0	-8.87207E-2	1.84338E-3	1.84338E-3
4.89214E+0	-8.83301E-2	1.40441E-3	1.40441E-3
4.89351E+0	-8.81836E-2	1.92518E-3	1.16545E-3
4.89751E+0	-8.79395E-2	4.88281E-4	4.88281E-4
4.90122E+0	-8.65723E-2	2.06520E-3	2.17869E-3
4.90278E+0	-8.38867E-2	1.40441E-3	1.88537E-3
4.90396E+0	-8.29102E-2	2.30753E-3	6.87038E-4
4.90376E+0	-8.29102E-2	2.22680E-3	6.87038E-4
4.90396E+0	-8.29590E-2	2.30753E-3	4.88281E-4
4.90376E+0	-8.30078E-2	2.22680E-3	0.00000E+0
4.90371E+0	-8.29590E-2	2.20342E-3	4.88281E-4
4.90557E+0	-8.24707E-2	2.32468E-3	1.53548E-3
4.90830E+0	-8.00293E-2	2.14808E-3	2.39359E-3
4.91528E+0	-7.28027E-2	2.34069E-3	3.67859E-3
4.91948E+0	-6.16699E-2	2.45321E-3	3.90471E-3
4.92197E+0	-5.28320E-2	6.87038E-4	3.05523E-3
4.92266E+0	-4.97070E-2	1.79909E-3	2.00904E-3
4.92334E+0	-4.74609E-2	2.24886E-3	2.20342E-3
4.92656E+0	-4.16016E-2	9.61652E-4	3.76818E-3
4.93115E+0	-2.79297E-2	2.13909E-3	5.05630E-3
4.93657E+0	-2.53906E-3	1.47141E-3	1.02583E-2
4.94248E+0	3.08594E-2	2.46154E-3	1.07936E-2
4.94663E+0	6.72852E-2	1.43159E-3	9.77992E-3
4.95088E+0	9.02344E-2	1.16545E-3	7.45797E-3
4.95210E+0	1.10059E-1	1.92518E-3	6.59933E-3
4.95532E+0	1.25391E-1	1.75230E-3	7.03936E-3
4.95615E+0	1.43945E-1	6.87038E-4	9.40074E-3
4.95928E+0	1.76758E-1	2.32468E-3	1.10171E-2
4.96484E+0	2.08301E-1	1.96296E-3	1.36037E-2
4.97080E+0	2.57373E-1	2.94281E-3	1.71871E-2
4.97563E+0	2.99707E-1	4.88281E-4	1.41854E-2
4.97964E+0	3.32373E-1	1.96970E-3	1.12176E-2
4.98374E+0	3.54053E-1	2.30753E-3	1.09622E-2
4.98882E+0	3.79834E-1	2.43350E-3	1.23623E-2
4.99429E+0	4.04102E-1	1.84338E-3	1.23199E-2
4.99570E+0	4.26074E-1	1.59472E-3	1.33247E-2
5.00010E+0	4.47168E-1	1.19805E-3	1.30795E-2
5.00430E+0	4.66504E-1	1.59472E-3	1.29358E-2
5.00967E+0	4.85596E-1	1.83356E-3	1.21279E-2
5.01260E+0	4.99805E-1	2.42209E-3	1.21307E-2
5.01455E+0	5.10303E-1	6.87038E-4	1.22684E-2
5.01626E+0	5.22314E-1	2.30753E-3	1.20498E-2
5.01943E+0	5.30029E-1	9.76562E-4	1.24802E-2
5.02222E+0	5.40039E-1	2.44141E-3	1.20407E-2
5.02432E+0	5.47021E-1	6.87038E-4	1.17462E-2
5.02539E+0	5.53662E-1	1.96296E-3	1.21382E-2
5.02949E+0	5.60596E-1	1.18593E-3	1.21342E-2
5.03403E+0	5.67871E-1	8.37142E-4	1.24826E-2
5.03530E+0	5.72754E-1	2.06520E-3	1.23468E-2
5.03989E+0	5.77686E-1	2.20069E-3	1.28476E-2
5.04536E+0	5.81396E-1	2.22680E-3	1.22833E-2
5.05225E+0	5.83545E-1	2.24886E-3	1.26549E-2
5.05371E+0	5.83936E-1	0.00000E+0	1.21421E-2
5.05645E+0	5.83594E-1	2.43597E-3	1.24822E-2
5.05933E+0	5.82910E-1	1.75230E-3	1.25840E-2
5.06445E+0	5.81592E-1	2.94445E-3	1.24516E-2
5.07417E+0	5.78467E-1	2.26964E-3	1.29179E-2
5.07959E+0	5.74658E-1	2.35351E-3	1.29596E-2
5.08452E+0	5.68457E-1	2.26964E-3	1.25150E-2
5.08481E+0	5.64600E-1	2.36932E-3	1.17707E-2
5.08496E+0	5.64551E-1	2.40413E-3	1.20961E-2
5.08521E+0	5.64209E-1	2.44141E-3	1.17855E-2
5.08472E+0	5.64063E-1	2.34069E-3	1.22091E-2
5.08809E+0	5.62158E-1	1.68861E-3	1.20338E-2
5.09434E+0	5.58545E-1	2.49072E-3	1.18572E-2
5.09780E+0	5.56787E-1	8.37142E-4	1.19696E-2
5.10171E+0	5.54883E-1	1.84338E-3	1.17884E-2
5.10288E+0	5.54346E-1	1.25211E-3	1.20897E-2
5.10444E+0	5.53613E-1	2.39359E-3	1.19358E-2
5.10752E+0	5.53516E-1	6.87038E-4	1.21506E-2
5.11206E+0	5.54590E-1	1.88473E-3	1.19035E-2
5.11694E+0	5.56885E-1	1.06955E-3	1.20482E-2
5.11821E+0	5.62012E-1	1.99883E-3	1.21502E-2
5.12231E+0	5.66748E-1	1.27498E-3	1.24392E-2
5.12617E+0	5.71387E-1	1.79909E-3	1.26451E-2
5.12725E+0	5.76172E-1	1.16545E-3	1.26265E-2
5.13140E+0	5.81201E-1	1.84860E-3	1.27301E-2
5.13589E+0	5.89014E-1	1.84338E-3	1.26199E-2
5.13672E+0	5.94727E-1	0.00000E+0	1.28907E-2
5.13901E+0	6.00098E-1	2.44928E-3	1.25978E-2
5.14155E+0	6.05127E-1	4.88281E-4	1.25164E-2
5.14209E+0	6.09229E-1	1.47222E-3	1.30919E-2
5.14604E+0	6.13477E-1	1.40441E-3	1.25407E-2
5.14902E+0	6.18311E-1	2.45174E-3	1.33434E-2
5.15137E+0	6.21631E-1	0.00000E+0	1.37529E-2
5.15273E+0	6.27881E-1	2.20342E-3	1.41907E-2
5.15615E+0	6.31299E-1	6.87038E-4	1.46121E-2
5.15791E+0	6.33984E-1	2.32468E-3	1.48318E-2
5.16201E+0	6.36230E-1	2.00904E-3	1.42653E-2
5.16582E+0	6.38574E-1	9.61652E-4	1.48619E-2
5.16631E+0	6.38525E-1	1.16545E-3	1.45056E-2
5.16997E+0	6.39111E-1	1.92518E-3	1.44230E-2
5.17124E+0	6.38379E-1	1.25211E-3	1.46010E-2
5.17500E+0	6.37256E-1	1.79909E-3	1.43494E-2
5.17588E+0	6.33545E-1	6.87038E-4	1.44810E-2
5.17935E+0	6.30615E-1	2.17869E-3	1.43138E-2
5.18271E+0	6.26855E-1	2.42209E-3	1.41344E-2
5.18677E+0	6.20508E-1	2.23543E-3	1.32169E-2
5.19043E+0	6.15967E-1	0.00000E+0	1.25954E-2
5.19116E+0	6.12256E-1	1.75230E-3	1.28513E-2
5.19370E+0	6.08203E-1	2.30753E-3	1.27086E-2
5.19531E+0	6.04980E-1	0.00000E+0	1.27498E-2
5.19531E+0	6.00879E-1	0.00000E+0	1.29619E-2
5.19536E+0	6.03027E-1	4.88281E-4	1.27309E-2
5.19531E+0	5.99170E-1	0.00000E+0	1.26891E-2
5.19531E+0	6.01172E-1	0.00000E+0	1.24203E-2
5.19531E+0	6.00244E-1	0.00000E+0	1.25164E-2
5.19531E+0	5.95264E-1	0.00000E+0	1.25326E-2
5.19531E+0	5.93799E-1	0.00000E+0	1.27195E-2
5.19634E+0	5.93018E-1	1.99883E-3	1.27286E-2
5.20000E+0	5.92529E-1	1.37408E-3	1.31931E-2
5.20161E+0	5.91406E-1	2.22680E-3	1.23034E-2
5.20220E+0	5.89893E-1	2.41363E-3	1.24670E-2
5.20317E+0	5.91113E-1	2.39359E-3	1.25657E-2
5.20464E+0	5.89453E-1	1.40441E-3	1.25130E-2
5.20713E+0	5.88281E-1	2.42209E-3	1.25591E-2
5.20996E+0	5.83398E-1	0.00000E+0	1.25207E-2
5.21025E+0	5.81250E-1	1.16545E-3	1.28892E-2
5.21099E+0	5.79004E-1	1.99883E-3	1.24377E-2
5.21445E+0	5.75098E-1	1.33135E-3	1.28267E-2
5.21587E+0	5.69385E-1	1.99883E-3	1.21778E-2
5.21958E+0	5.64014E-1	8.37142E-4	1.22488E-2
5.22246E+0	5.58789E-1	2.43597E-3	1.19668E-2
5.22646E+0	5.52393E-1	2.38199E-3	1.21533E-2
5.22930E+0	5.52148E-1	9.61652E-4	1.23503E-2
5.22949E+0	5.53564E-1	0.00000E+0	1.22519E-2
5.22944E+0	5.52490E-1	4.88281E-4	1.22857E-2
5.22949E+0	5.53369E-1	0.00000E+0	1.26275E-2
5.22969E+0	5.52832E-1	9.61652E-4	1.17487E-2
5.23203E+0	5.55176E-1	2.45174E-3	1.21105E-2
5.23398E+0	5.55127E-1	1.33135E-3	1.20745E-2
5.23750E+0	5.60156E-1	2.64454E-3	1.26280E-2
5.24399E+0	5.64551E-1	8.37142E-4	1.19358E-2
5.24658E+0	5.65186E-1	2.45371E-3	1.21477E-2
5.24810E+0	5.68555E-1	1.92518E-3	1.27842E-2
5.24790E+0	5.70410E-1	2.06520E-3	1.27287E-2
5.24893E+0	5.73242E-1	9.76562E-4	1.29652E-2
5.25347E+0	5.77246E-1	1.40441E-3	1.26375E-2
5.26367E+0	5.88428E-1	3.39995E-3	1.31404E-2
5.26797E+0	5.98389E-1	1.59472E-3	1.27475E-2
5.26821E+0	6.04443E-1	1.25211E-3	1.29707E-2
5.26807E+0	6.03418E-1	1.47222E-3	1.26299E-2
5.26812E+0	6.05420E-1	1.40441E-3	1.27686E-2
5.26973E+0	6.09131E-1	2.09587E-3	1.24609E-2
5.27471E+0	6.15820E-1	2.26167E-3	1.40746E-2
5.27837E+0	6.21875E-1	4.88281E-4	1.40101E-2
5.28120E+0	6.32227E-1	2.41363E-3	1.48927E-2
5.28574E+0	6.39600E-1	2.45174E-3	1.43829E-2
5.28809E+0	6.40625E-1	0.00000E+0	1.45743E-2
5.28818E+0	6.45850E-1	6.87038E-4	1.46543E-2
5.29233E+0	6.52051E-1	1.65038E-3	1.49240E-2
5.29443E+0	6.56396E-1	2.24886E-3	1.44290E-2
5.29761E+0	6.62598E-1	1.06955E-3	1.36264E-2
5.29785E+0	6.66260E-1	0.00000E+0	1.32477E-2
5.29941E+0	6.72559E-1	2.28919E-3	1.32704E-2
5.30269E+0	6.74902E-1	4.88281E-4	1.40455E-2
5.30391E+0	6.78467E-1	2.09587E-3	1.39214E-2
5.30767E+0	6.82813E-1	2.02278E-3	1.38927E-2
5.31206E+0	6.84766E-1	1.40441E-3	1.36902E-2
5.31577E+0	6.82764E-1	2.30753E-3	1.40021E-2
5.31738E+0	6.86816E-1	0.00000E+0	1.36743E-2
5.31812E+0	6.83398E-1	1.75230E-3	1.38093E-2
5.32178E+0	6.84180E-1	1.47222E-3	1.35338E-2
5.32290E+0	6.81348E-1	1.65038E-3	1.36779E-2
5.32485E+0	6.79199E-1	2.44928E-3	1.38368E-2
5.32705E+0	6.77002E-1	6.87038E-4	1.38868E-2
5.32764E+0	6.74609E-1	1.47222E-3	1.35949E-2
5.33193E+0	6.70996E-1	6.87038E-4	1.36207E-2
5.33301E+0	6.65283E-1	1.96296E-3	1.33022E-2
5.33389E+0	6.62109E-1	2.38199E-3	1.31862E-2
5.33511E+0	6.60937E-1	2.36932E-3	1.35913E-2
5.33687E+0	6.55029E-1	4.88281E-4	1.52742E-2
5.33691E+0	6.51904E-1	0.00000E+0	1.44164E-2
5.33823E+0	6.46826E-1	2.17869E-3	1.41459E-2
5.34204E+0	6.42334E-1	1.27498E-3	1.46628E-2
5.34678E+0	6.32080E-1	1.69714E-3	1.45474E-2
5.35117E+0	6.20508E-1	1.50138E-3	1.34338E-2
5.35557E+0	6.09863E-1	1.88537E-3	1.27309E-2
5.35645E+0	6.05615E-1	0.00000E+0	1.29737E-2
5.35645E+0	6.00732E-1	0.00000E+0	1.25202E-2
5.35649E+0	5.93164E-1	4.88281E-4	1.29370E-2
5.35928E+0	5.84912E-1	2.42209E-3	1.26702E-2
5.36187E+0	5.75537E-1	1.53548E-3	1.24663E-2
5.36372E+0	5.72363E-1	2.45321E-3	1.25034E-2
5.36611E+0	5.67969E-1	6.87038E-4	1.23542E-2
5.37090E+0	5.56836E-1	2.85475E-3	1.23159E-2
5.37598E+0	5.41309E-1	0.00000E+0	1.24153E-2
5.37598E+0	5.29395E-1	0.00000E+0	1.24764E-2
5.37793E+0	5.18115E-1	2.40413E-3	1.29447E-2
5.38096E+0	5.02100E-1	6.87038E-4	1.22401E-2
5.38198E+0	4.91797E-1	2.06520E-3	1.19620E-2
5.38320E+0	4.83301E-1	2.45174E-3	1.14666E-2
5.38555E+0	4.71436E-1	1.18593E-3	1.16208E-2
5.38892E+0	4.58301E-1	2.34069E-3	1.24733E-2
5.39058E+0	4.43848E-1	4.88281E-4	1.31954E-2
5.39287E+0	4.26904E-1	2.44584E-3	1.34261E-2
5.39595E+0	4.02686E-1	1.56653E-3	1.21691E-2
5.40034E+0	3.77002E-1	1.90000E-3	1.28775E-2
5.40542E+0	3.39893E-1	1.08741E-3	1.48184E-2
5.40962E+0	2.98242E-1	1.82236E-3	1.42683E-2
5.41396E+0	2.52930E-1	2.03288E-3	1.54096E-2
5.41504E+0	2.18896E-1	0.00000E+0	1.04806E-2
5.41611E+0	1.94141E-1	2.03288E-3	9.91540E-3
5.41978E+0	1.61035E-1	8.37142E-4	1.04559E-2
5.42222E+0	1.39063E-1	2.44928E-3	6.85212E-3
5.42529E+0	1.19629E-1	1.47222E-3	7.86718E-3
5.42949E+0	9.29688E-2	1.18593E-3	1.05918E-2
5.43276E+0	6.83105E-2	2.36932E-3	5.65929E-3
5.43452E+0	5.32715E-2	4.88281E-4	6.97802E-3
5.43457E+0	4.36035E-2	0.00000E+0	5.69154E-3
5.43457E+0	3.82813E-2	0.00000E+0	3.78348E-3
5.43457E+0	2.89551E-2	0.00000E+0	3.75377E-3
5.43794E+0	1.58203E-2	2.26964E-3	5.85280E-3
5.44268E+0	-2.19727E-3	2.32468E-3	6.26056E-3
5.44619E+0	-2.20215E-2	2.38199E-3	4.93164E-3
5.45664E+0	-3.99414E-2	4.19175E-3	5.02285E-3
5.46079E+0	-5.45898E-2	2.36932E-3	3.94917E-3
5.46650E+0	-6.60645E-2	2.44584E-3	2.98143E-3
5.46992E+0	-7.17285E-2	2.09587E-3	2.37338E-3
5.47339E+0	-7.52441E-2	1.06955E-3	2.41363E-3
5.47363E+0	-7.81250E-2	0.00000E+0	6.94013E-4
5.47734E+0	-7.92480E-2	2.09587E-3	2.06520E-3
5.48188E+0	-8.28125E-2	2.47277E-3	9.61652E-4
5.48779E+0	-8.30078E-2	1.47222E-3	0.00000E+0
5.49058E+0	-8.42285E-2	2.44928E-3	2.12497E-3
5.49409E+0	-8.66699E-2	1.92518E-3	2.12497E-3
5.49927E+0	-8.75977E-2	2.12497E-3	1.16545E-3
5.50332E+0	-8.78906E-2	1.65402E-3	0.00000E+0
5.50732E+0	-8.78906E-2	1.47222E-3	0.00000E+0
5.50869E+0	-8.78906E-2	1.88537E-3	0.00000E+0
5.51201E+0	-8.78906E-2	1.70281E-3	0.00000E+0
5.51265E+0	-8.78906E-2	4.88281E-4	0.00000E+0
5.51401E+0	-8.78906E-2	2.17869E-3	0.00000E+0
5.51748E+0	-8.79883E-2	6.87038E-4	6.87038E-4
5.51758E+0	-8.79883E-2	0.00000E+0	6.87038E-4
5.51758E+0	-8.78906E-2	0.00000E+0	0.00000E+0
5.51758E+0	-8.84277E-2	0.00000E+0	1.53548E-3
5.51758E+0	-8.86230E-2	0.00000E+0	1.75230E-3
5.51758E+0	-8.91113E-2	0.00000E+0	2.12497E-3
5.51973E+0	-8.93555E-2	2.43597E-3	2.24886E-3
5.52354E+0	-8.92090E-2	2.03288E-3	2.17869E-3
5.52646E+0	-9.03320E-2	1.88537E-3	2.45371E-3
5.52690E+0	-9.00391E-2	1.40441E-3	2.43597E-3
5.52725E+0	-9.04297E-2	6.87038E-4	2.45174E-3
5.53086E+0	-9.05762E-2	2.20342E-3	2.44141E-3
5.53647E+0	-8.98926E-2	1.79036E-3	2.41363E-3
5.54106E+0	-8.98926E-2	2.04646E-3	2.41363E-3
5.54531E+0	-8.95996E-2	2.28919E-3	2.34069E-3
5.54668E+0	-8.94531E-2	9.61652E-4	2.28919E-3
5.54673E+0	-8.99414E-2	8.37142E-4	2.42209E-3
5.54688E+0	-8.94043E-2	0.00000E+0	2.26964E-3
5.54805E+0	-9.06738E-2	2.09587E-3	2.42954E-3
5.55181E+0	-8.97461E-2	4.88281E-4	2.38199E-3
5.55513E+0	-8.95020E-2	2.26964E-3	2.30753E-3
5.55664E+0	-8.90625E-2	0.00000E+0	2.09587E-3
5.55708E+0	-8.91602E-2	1.40441E-3	2.15256E-3
5.56011E+0	-8.86230E-2	2.22680E-3	1.75230E-3
5.56143E+0	-8.88672E-2	9.76562E-4	1.96296E-3
5.56323E+0	-8.92578E-2	2.34069E-3	2.20342E-3
5.56826E+0	-8.92090E-2	2.38199E-3	2.17869E-3
5.57319E+0	-8.83301E-2	2.39359E-3	1.40441E-3
5.57612E+0	-8.79883E-2	4.88281E-4	6.87038E-4
5.57617E+0	-8.79395E-2	0.00000E+0	4.88281E-4
5.57617E+0	-8.78906E-2	0.00000E+0	0.00000E+0
5.57617E+0	-8.78906E-2	0.00000E+0	0.00000E+0
5.57617E+0	-8.78906E-2	0.00000E+0	0.00000E+0
5.57739E+0	-8.78906E-2	2.12497E-3	0.00000E+0
5.58101E+0	-8.78906E-2	8.48571E-4	0.00000E+0
5.58496E+0	-8.78418E-2	2.40413E-3	4.88281E-4
5.59121E+0	-8.73535E-2	1.79372E-3	1.53548E-3
5.59512E+0	-8.55469E-2	1.59472E-3	2.45174E-3
5.59565E+0	-8.38867E-2	4.88281E-4	1.88537E-3
5.59668E+0	-8.31543E-2	1.96296E-3	8.37142E-4
5.60605E+0	-8.24707E-2	3.75537E-3	1.53548E-3
5.61704E+0	-7.84668E-2	2.36932E-3	1.25211E-3
5.62373E+0	-7.79785E-2	2.15256E-3	8.37142E-4
5.62603E+0	-7.82715E-2	1.99883E-3	8.37142E-4
5.62808E+0	-7.96387E-2	2.36932E-3	2.26964E-3
5.62988E+0	-7.94922E-2	0.00000E+0	2.20342E-3
5.62988E+0	-7.94922E-2	0.00000E+0	2.20342E-3
5.63164E+0	-8.09570E-2	2.35556E-3	2.42209E-3
5.63447E+0	-8.13965E-2	1.16545E-3	2.30753E-3
5.63506E+0	-8.27148E-2	1.16545E-3	1.16545E-3
5.63584E+0	-8.30566E-2	2.03288E-3	4.88281E-4
5.63574E+0	-8.30078E-2	1.96296E-3	0.00000E+0
5.63569E+0	-8.30566E-2	1.92518E-3	4.88281E-4
5.63594E+0	-8.34473E-2	2.09587E-3	1.40441E-3
5.63755E+0	-8.33984E-2	2.42954E-3	1.33135E-3
5.63970E+0	-8.41797E-2	1.90000E-3	2.09587E-3
5.64502E+0	-8.69629E-2	3.21800E-3	1.92518E-3
5.65386E+0	-8.78906E-2	2.20506E-3	0.00000E+0
5.65879E+0	-8.80371E-2	1.33135E-3	8.37142E-4
5.66089E+0	-9.05762E-2	2.34069E-3	2.44141E-3
5.66416E+0	-9.20410E-2	1.19805E-3	1.75230E-3
5.66792E+0	-9.23828E-2	1.99883E-3	1.33135E-3
5.66934E+0	-9.27246E-2	1.33135E-3	4.88281E-4
5.67104E+0	-9.27246E-2	2.42954E-3	4.88281E-4
5.67305E+0	-9.27734E-2	1.79909E-3	0.00000E+0
5.67407E+0	-9.27734E-2	1.06955E-3	0.00000E+0
5.67490E+0	-9.27734E-2	2.03288E-3	0.00000E+0
5.67603E+0	-9.27734E-2	2.44141E-3	0.00000E+0
5.67793E+0	-9.27246E-2	1.79909E-3	4.88281E-4
5.67803E+0	-9.27734E-2	1.70281E-3	0.00000E+0
5.67822E+0	-9.27734E-2	1.47222E-3	0.00000E+0
5.67798E+0	-9.27734E-2	1.75230E-3	0.00000E+0
5.67808E+0	-9.27734E-2	1.65038E-3	0.00000E+0
5.67788E+0	-9.27734E-2	1.84338E-3	0.00000E+0
5.67798E+0	-9.27734E-2	1.75230E-3	0.00000E+0
5.67778E+0	-9.27734E-2	1.92518E-3	0.00000E+0
5.67822E+0	-9.27734E-2	1.47222E-3	0.00000E+0
5.67837E+0	-9.27734E-2	1.25211E-3	0.00000E+0
5.67822E+0	-9.27734E-2	1.47222E-3	0.00000E+0
5.67783E+0	-9.27734E-2	1.88537E-3	0.00000E+0
5.67808E+0	-9.27734E-2	1.65038E-3	0.00000E+0
5.67817E+0	-9.27734E-2	1.53548E-3	0.00000E+0
5.67817E+0	-9.27734E-2	1.53548E-3	0.00000E+0
5.67803E+0	-9.27734E-2	1.70281E-3	0.00000E+0
5.67803E+0	-9.27246E-2	1.70281E-3	4.88281E-4
5.67778E+0	-9.27734E-2	1.92518E-3	0.00000E+0
5.67793E+0	-9.27734E-2	1.79909E-3	0.00000E+0
5.67793E+0	-9.27734E-2	1.79909E-3	0.00000E+0
5.67803E+0	-9.27734E-2	1.70281E-3	0.00000E+0
5.67798E+0	-9.27734E-2	1.75230E-3	0.00000E+0
5.67812E+0	-9.27734E-2	1.59472E-3	0.00000E+0
5.67817E+0	-9.27734E-2	1.53548E-3	0.00000E+0
5.67842E+0	-9.27734E-2	1.16545E-3	0.00000E+0
5.67822E+0	-9.27734E-2	1.47222E-3	0.00000E+0
5.67817E+0	-9.27734E-2	1.53548E-3	0.00000E+0
