5.20288E+0	6.43945E-1	2.44141E-3	1.43625E-2
5.20220E+0	6.45898E-1	2.41363E-3	1.46086E-2
5.20239E+0	6.45166E-1	2.44141E-3	1.46510E-2
5.20239E+0	6.44873E-1	2.44141E-3	1.46773E-2
5.20273E+0	6.45264E-1	2.45174E-3	1.47610E-2
5.20220E+0	6.45850E-1	2.41363E-3	1.43386E-2
5.20239E+0	6.44043E-1	2.44141E-3	1.45660E-2
5.20244E+0	6.43457E-1	2.44584E-3	1.45342E-2
5.20229E+0	6.42773E-1	2.42954E-3	1.45663E-2
5.20205E+0	6.43018E-1	2.38199E-3	1.48151E-2
5.20220E+0	6.40479E-1	2.41363E-3	1.49343E-2
5.20190E+0	6.42969E-1	2.34069E-3	1.44561E-2
5.20200E+0	6.41357E-1	2.36932E-3	1.46135E-2
5.20229E+0	6.43359E-1	2.42954E-3	1.49997E-2
5.20254E+0	6.43652E-1	2.45174E-3	1.41616E-2
5.20254E+0	6.47510E-1	2.45174E-3	1.44730E-2
5.20229E+0	6.45898E-1	2.42954E-3	1.45756E-2
5.20225E+0	6.50830E-1	2.42209E-3	1.52097E-2
5.20244E+0	6.47754E-1	2.44584E-3	1.45117E-2
5.20249E+0	6.47949E-1	2.44928E-3	1.46484E-2
5.20273E+0	6.45996E-1	2.45174E-3	1.48119E-2
5.20176E+0	6.44531E-1	2.28919E-3	1.47059E-2
5.20205E+0	6.47510E-1	2.38199E-3	1.57633E-2
5.20190E+0	6.47754E-1	2.34069E-3	1.53347E-2
5.20195E+0	6.46729E-1	2.35556E-3	1.46792E-2
5.20181E+0	6.44824E-1	2.30753E-3	1.45548E-2
5.20190E+0	6.43066E-1	2.34069E-3	1.46320E-2
5.20142E+0	6.43262E-1	2.12497E-3	1.51514E-2
5.20161E+0	6.48291E-1	2.22680E-3	1.47199E-2
5.20161E+0	6.44531E-1	2.22680E-3	1.46731E-2
5.20137E+0	6.43994E-1	2.09587E-3	1.45229E-2
5.20220E+0	6.48926E-1	2.41363E-3	1.42822E-2
5.20195E+0	6.45752E-1	2.35556E-3	1.46299E-2
5.20176E+0	6.43115E-1	2.28919E-3	1.41772E-2
5.20225E+0	6.44043E-1	2.42209E-3	1.44831E-2
5.20190E+0	6.45361E-1	2.34069E-3	1.44757E-2
5.20269E+0	6.44922E-1	2.45321E-3	1.49926E-2
5.20176E+0	6.44775E-1	2.28919E-3	1.46628E-2
5.20161E+0	6.44189E-1	2.22680E-3	1.47264E-2
5.20186E+0	6.43066E-1	2.32468E-3	1.47631E-2
5.20190E+0	6.39551E-1	2.34069E-3	1.42734E-2
5.20190E+0	6.39307E-1	2.34069E-3	1.46608E-2
5.20210E+0	6.39258E-1	2.39359E-3	1.47660E-2
5.20205E+0	6.38086E-1	2.38199E-3	1.43054E-2
5.20273E+0	6.38086E-1	2.45174E-3	1.45392E-2
5.20225E+0	6.39014E-1	2.42209E-3	1.44190E-2
5.20186E+0	6.37451E-1	2.32468E-3	1.44310E-2
5.20215E+0	6.37256E-1	2.40413E-3	1.44996E-2
5.20229E+0	6.36914E-1	2.42954E-3	1.45299E-2
5.20225E+0	6.36572E-1	2.42209E-3	1.43016E-2
5.20215E+0	6.34717E-1	2.40413E-3	1.45162E-2
5.20195E+0	6.36670E-1	2.35556E-3	1.41704E-2
5.20210E+0	6.37451E-1	2.39359E-3	1.44143E-2
5.20229E+0	6.35303E-1	2.42954E-3	1.46878E-2
5.20220E+0	6.38086E-1	2.41363E-3	1.45060E-2
5.20171E+0	6.36426E-1	2.26964E-3	1.46931E-2
5.20151E+0	6.36182E-1	2.17869E-3	1.44297E-2
5.20151E+0	6.34180E-1	2.17869E-3	1.44961E-2
5.20166E+0	6.31250E-1	2.24886E-3	1.42919E-2
5.20210E+0	6.32959E-1	2.39359E-3	1.45189E-2
5.20210E+0	6.34033E-1	2.39359E-3	1.49233E-2
5.20205E+0	6.34619E-1	2.38199E-3	1.45322E-2
5.20205E+0	6.34180E-1	2.38199E-3	1.43290E-2
5.20200E+0	6.34082E-1	2.36932E-3	1.46241E-2
5.20186E+0	6.33350E-1	2.32468E-3	1.43292E-2
5.20156E+0	6.31738E-1	2.20342E-3	1.47513E-2
5.20205E+0	6.29297E-1	2.38199E-3	1.40060E-2
5.20166E+0	6.27197E-1	2.24886E-3	1.41104E-2
5.20166E+0	6.28857E-1	2.24886E-3	1.40920E-2
5.20220E+0	6.29639E-1	2.41363E-3	1.42632E-2
5.20171E+0	6.29736E-1	2.26964E-3	1.42814E-2
5.20146E+0	6.30322E-1	2.15256E-3	1.44930E-2
5.20181E+0	6.30176E-1	2.30753E-3	1.42030E-2
5.20161E+0	6.29883E-1	2.22680E-3	1.46073E-2
5.20156E+0	6.30322E-1	2.20342E-3	1.43594E-2
5.20176E+0	6.29443E-1	2.28919E-3	1.42416E-2
5.20166E+0	6.27441E-1	2.24886E-3	1.41296E-2
5.20181E+0	6.27783E-1	2.30753E-3	1.39366E-2
5.20195E+0	6.28418E-1	2.35556E-3	1.39926E-2
5.20171E+0	6.28223E-1	2.26964E-3	1.39014E-2
5.20137E+0	6.30127E-1	2.09587E-3	1.43306E-2
5.20156E+0	6.26709E-1	2.20342E-3	1.40420E-2
5.20151E+0	6.28564E-1	2.17869E-3	1.39642E-2
5.20171E+0	6.29443E-1	2.26964E-3	1.44597E-2
5.20200E+0	6.29590E-1	2.36932E-3	1.39981E-2
5.20200E+0	6.31543E-1	2.36932E-3	1.46438E-2
5.20176E+0	6.29248E-1	2.28919E-3	1.43856E-2
5.20195E+0	6.27100E-1	2.35556E-3	1.43453E-2
5.20200E+0	6.26709E-1	2.36932E-3	1.43641E-2
5.20210E+0	6.25781E-1	2.39359E-3	1.37709E-2
5.20225E+0	6.28369E-1	2.42209E-3	1.38750E-2
5.20200E+0	6.29590E-1	2.36932E-3	1.42030E-2
5.20210E+0	6.30811E-1	2.39359E-3	1.40988E-2
5.20229E+0	6.30762E-1	2.42954E-3	1.43474E-2
5.20195E+0	6.27002E-1	2.35556E-3	1.38819E-2
5.20234E+0	6.27979E-1	2.43597E-3	1.37739E-2
5.20249E+0	6.28857E-1	2.44928E-3	1.41941E-2
5.20210E+0	6.28174E-1	2.39359E-3	1.43138E-2
5.20195E+0	6.29102E-1	2.35556E-3	1.43196E-2
5.20195E+0	6.28125E-1	2.35556E-3	1.40101E-2
5.20229E+0	6.29053E-1	2.42954E-3	1.37242E-2
5.20234E+0	6.29053E-1	2.43597E-3	1.39677E-2
5.20254E+0	6.29590E-1	2.45174E-3	1.38424E-2
5.20234E+0	6.28271E-1	2.43597E-3	1.42409E-2
5.20210E+0	6.26660E-1	2.39359E-3	1.42774E-2
5.20259E+0	6.24902E-1	2.45321E-3	1.38278E-2
5.20210E+0	6.25391E-1	2.39359E-3	1.38051E-2
5.20278E+0	6.27148E-1	2.44928E-3	1.39723E-2
5.20249E+0	6.26807E-1	2.44928E-3	1.42002E-2
5.20225E+0	6.27930E-1	2.42209E-3	1.38976E-2
5.20190E+0	6.28906E-1	2.34069E-3	1.40869E-2
5.20195E+0	6.27148E-1	2.35556E-3	1.40067E-2
