5.20498E+0	9.30078E-1	6.87038E-4	1.61942E-2
5.20493E+0	9.29639E-1	8.37142E-4	1.63041E-2
5.20503E+0	9.27930E-1	4.88281E-4	1.65972E-2
5.20503E+0	9.25879E-1	4.88281E-4	1.63761E-2
5.20503E+0	9.24658E-1	4.88281E-4	1.65206E-2
5.20493E+0	9.25195E-1	8.37142E-4	1.61047E-2
5.20488E+0	9.23096E-1	9.61652E-4	1.63848E-2
5.20493E+0	9.21582E-1	8.37142E-4	1.64763E-2
5.20488E+0	9.20801E-1	9.61652E-4	1.62194E-2
5.20498E+0	9.20020E-1	6.87038E-4	1.63672E-2
5.20508E+0	9.18555E-1	0.00000E+0	1.63245E-2
5.20498E+0	9.17285E-1	6.87038E-4	1.61873E-2
5.20503E+0	9.17920E-1	4.88281E-4	1.64599E-2
5.20503E+0	9.17383E-1	4.88281E-4	1.60267E-2
5.20508E+0	9.15918E-1	0.00000E+0	1.65137E-2
5.20508E+0	9.14746E-1	0.00000E+0	1.63972E-2
5.20508E+0	9.13965E-1	0.00000E+0	1.65458E-2
5.20493E+0	9.13721E-1	8.37142E-4	1.63889E-2
5.20498E+0	9.14746E-1	6.87038E-4	1.63972E-2
5.20503E+0	9.13965E-1	4.88281E-4	1.63849E-2
5.20508E+0	9.13916E-1	0.00000E+0	1.64095E-2
5.20508E+0	9.12500E-1	0.00000E+0	1.68472E-2
5.20508E+0	9.11572E-1	0.00000E+0	1.61527E-2
5.20493E+0	9.10547E-1	8.37142E-4	1.63275E-2
5.20503E+0	9.09814E-1	4.88281E-4	1.64241E-2
5.20508E+0	9.11426E-1	0.00000E+0	1.62497E-2
5.20498E+0	9.10156E-1	6.87038E-4	1.62316E-2
5.20493E+0	9.08545E-1	8.37142E-4	1.66021E-2
5.20508E+0	9.08984E-1	0.00000E+0	1.65362E-2
5.20498E+0	9.08936E-1	6.87038E-4	1.66473E-2
5.20498E+0	9.08447E-1	6.87038E-4	1.63701E-2
5.20498E+0	9.07471E-1	6.87038E-4	1.68200E-2
5.20498E+0	9.06885E-1	6.87038E-4	1.62739E-2
5.20503E+0	9.04736E-1	4.88281E-4	1.62063E-2
5.20498E+0	9.04395E-1	6.87038E-4	1.64611E-2
5.20503E+0	9.03564E-1	4.88281E-4	1.64728E-2
5.20508E+0	9.04053E-1	0.00000E+0	1.60282E-2
5.20508E+0	9.02490E-1	0.00000E+0	1.62621E-2
5.20503E+0	9.01318E-1	4.88281E-4	1.62478E-2
5.20503E+0	9.00342E-1	4.88281E-4	1.58395E-2
5.20508E+0	8.98486E-1	0.00000E+0	1.64599E-2
5.20503E+0	8.97656E-1	4.88281E-4	1.60183E-2
5.20498E+0	8.96631E-1	6.87038E-4	1.59117E-2
5.20503E+0	8.96289E-1	4.88281E-4	1.58460E-2
5.20498E+0	8.96191E-1	6.87038E-4	1.64295E-2
5.20508E+0	8.97266E-1	0.00000E+0	1.57515E-2
5.20498E+0	8.95850E-1	6.87038E-4	1.64885E-2
5.20503E+0	8.92432E-1	4.88281E-4	1.62739E-2
5.20503E+0	8.92188E-1	4.88281E-4	1.62920E-2
5.20498E+0	8.92285E-1	6.87038E-4	1.58354E-2
5.20508E+0	8.91699E-1	0.00000E+0	1.61390E-2
5.20493E+0	8.92529E-1	8.37142E-4	1.63247E-2
5.20503E+0	8.93750E-1	4.88281E-4	1.65682E-2
5.20498E+0	8.98389E-1	6.87038E-4	1.65183E-2
5.20508E+0	8.99561E-1	0.00000E+0	1.62887E-2
5.20493E+0	8.98779E-1	8.37142E-4	1.62057E-2
5.20493E+0	8.97852E-1	8.37142E-4	1.64128E-2
5.20503E+0	8.97314E-1	4.88281E-4	1.57474E-2
5.20503E+0	8.98437E-1	4.88281E-4	1.62908E-2
5.20503E+0	8.97363E-1	4.88281E-4	1.61361E-2
5.20493E+0	8.99316E-1	8.37142E-4	1.59227E-2
5.20498E+0	8.97607E-1	6.87038E-4	1.60234E-2
5.20483E+0	8.97510E-1	1.06955E-3	1.62271E-2
5.20493E+0	8.97705E-1	8.37142E-4	1.61926E-2
5.20508E+0	8.95361E-1	0.00000E+0	1.64036E-2
5.20498E+0	8.96387E-1	6.87038E-4	1.60553E-2
5.20503E+0	8.98828E-1	4.88281E-4	1.60177E-2
5.20508E+0	8.98828E-1	0.00000E+0	1.56373E-2
5.20508E+0	8.97168E-1	0.00000E+0	1.63000E-2
5.20483E+0	8.95605E-1	1.06955E-3	1.59650E-2
5.20503E+0	8.95557E-1	4.88281E-4	1.57664E-2
5.20493E+0	8.95410E-1	8.37142E-4	1.62580E-2
5.20498E+0	8.93555E-1	6.87038E-4	1.65548E-2
5.20503E+0	8.89746E-1	4.88281E-4	1.63437E-2
5.20493E+0	8.88428E-1	8.37142E-4	1.60882E-2
5.20508E+0	8.89160E-1	0.00000E+0	1.64453E-2
5.20503E+0	8.92041E-1	4.88281E-4	1.61974E-2
5.20503E+0	8.92188E-1	4.88281E-4	1.67296E-2
5.20498E+0	8.92188E-1	6.87038E-4	1.62624E-2
5.20498E+0	8.91016E-1	6.87038E-4	1.62387E-2
5.20503E+0	8.91357E-1	4.88281E-4	1.58620E-2
5.20498E+0	8.90332E-1	6.87038E-4	1.60709E-2
5.20503E+0	8.88281E-1	4.88281E-4	1.63451E-2
5.20498E+0	8.84570E-1	6.87038E-4	1.61083E-2
5.20493E+0	8.85352E-1	8.37142E-4	1.60957E-2
5.20508E+0	8.86865E-1	0.00000E+0	1.65352E-2
5.20503E+0	8.84131E-1	4.88281E-4	1.60113E-2
5.20508E+0	8.89844E-1	0.00000E+0	1.61441E-2
5.20503E+0	8.86865E-1	4.88281E-4	1.62561E-2
5.20508E+0	8.90625E-1	0.00000E+0	1.62167E-2
5.20488E+0	8.87207E-1	9.61652E-4	1.60900E-2
5.20508E+0	8.85596E-1	0.00000E+0	1.58511E-2
5.20498E+0	8.84668E-1	6.87038E-4	1.61032E-2
5.20498E+0	8.83936E-1	6.87038E-4	1.61193E-2
5.20498E+0	8.90771E-1	6.87038E-4	1.60864E-2
5.20498E+0	8.92725E-1	6.87038E-4	1.62621E-2
5.20508E+0	8.90283E-1	0.00000E+0	1.62916E-2
5.20503E+0	8.88428E-1	4.88281E-4	1.60432E-2
5.20508E+0	8.84473E-1	0.00000E+0	1.65260E-2
5.20493E+0	8.85254E-1	8.37142E-4	1.58183E-2
5.20503E+0	8.83887E-1	4.88281E-4	1.55338E-2
5.20493E+0	8.85449E-1	8.37142E-4	1.62200E-2
5.20493E+0	8.84863E-1	8.37142E-4	1.56973E-2
5.20493E+0	8.85547E-1	8.37142E-4	1.62096E-2
5.20493E+0	8.85938E-1	8.37142E-4	1.63103E-2
5.20508E+0	8.84814E-1	0.00000E+0	1.57694E-2
5.20483E+0	8.83545E-1	1.06955E-3	1.57707E-2
5.20503E+0	8.83350E-1	4.88281E-4	1.56283E-2
5.20508E+0	8.81299E-1	0.00000E+0	1.58182E-2
5.20498E+0	8.82275E-1	6.87038E-4	1.56529E-2
5.20498E+0	8.82227E-1	6.87038E-4	1.56404E-2
5.20503E+0	8.81738E-1	4.88281E-4	1.53968E-2
5.20508E+0	8.82910E-1	0.00000E+0	1.56789E-2
5.20498E+0	8.82422E-1	6.87038E-4	1.57356E-2
5.20503E+0	8.81396E-1	4.88281E-4	1.58487E-2
5.20503E+0	8.82764E-1	4.88281E-4	1.58911E-2
5.20508E+0	8.82031E-1	0.00000E+0	1.62245E-2
5.20498E+0	8.82031E-1	6.87038E-4	1.59097E-2
5.20503E+0	8.81445E-1	4.88281E-4	1.53545E-2
5.20503E+0	8.77588E-1	4.88281E-4	1.56246E-2
5.20503E+0	8.77295E-1	4.88281E-4	1.57658E-2
5.20498E+0	8.79248E-1	6.87038E-4	1.56154E-2
5.20483E+0	8.79980E-1	1.06955E-3	1.57891E-2
5.20503E+0	8.78613E-1	4.88281E-4	1.56395E-2
5.20488E+0	8.77881E-1	9.61652E-4	1.56160E-2
5.20498E+0	8.75391E-1	6.87038E-4	1.57049E-2
5.20508E+0	8.74609E-1	0.00000E+0	1.58454E-2
5.20498E+0	8.74023E-1	6.87038E-4	1.55496E-2
5.20508E+0	8.73779E-1	0.00000E+0	1.57401E-2
5.20479E+0	8.76855E-1	1.16545E-3	1.56142E-2
5.20493E+0	8.77539E-1	8.37142E-4	1.57356E-2
5.20508E+0	8.79004E-1	0.00000E+0	1.54249E-2
5.20508E+0	8.78271E-1	0.00000E+0	1.53572E-2
5.20508E+0	8.78271E-1	0.00000E+0	1.54977E-2
5.20508E+0	8.78125E-1	0.00000E+0	1.54052E-2
5.20503E+0	8.76465E-1	4.88281E-4	1.57726E-2
5.20508E+0	8.72949E-1	0.00000E+0	1.59257E-2
5.20503E+0	8.71533E-1	4.88281E-4	1.56499E-2
5.20498E+0	8.68994E-1	6.87038E-4	1.58936E-2
5.20503E+0	8.69336E-1	4.88281E-4	1.60664E-2
5.20493E+0	8.70068E-1	8.37142E-4	1.63159E-2
5.20493E+0	8.71533E-1	8.37142E-4	1.60600E-2
5.20498E+0	8.70410E-1	6.87038E-4	1.63148E-2
5.20498E+0	8.67041E-1	6.87038E-4	1.59359E-2
5.20508E+0	8.69043E-1	0.00000E+0	1.61271E-2
5.20498E+0	8.70703E-1	6.87038E-4	1.60207E-2
5.20503E+0	8.67920E-1	4.88281E-4	1.64142E-2
5.20498E+0	8.69873E-1	6.87038E-4	1.67194E-2
5.20503E+0	8.69482E-1	4.88281E-4	1.61461E-2
5.20498E+0	8.68750E-1	6.87038E-4	1.56835E-2
5.20508E+0	8.69287E-1	0.00000E+0	1.58632E-2
5.20508E+0	8.68652E-1	0.00000E+0	1.60000E-2
5.20508E+0	8.67822E-1	0.00000E+0	1.59903E-2
5.20508E+0	8.70020E-1	0.00000E+0	1.59378E-2
5.20503E+0	8.68262E-1	4.88281E-4	1.60583E-2
5.20493E+0	8.67676E-1	8.37142E-4	1.58943E-2
5.20508E+0	8.65186E-1	0.00000E+0	1.59878E-2
5.20508E+0	8.63965E-1	0.00000E+0	1.58991E-2
5.20498E+0	8.61475E-1	6.87038E-4	1.59963E-2
5.20503E+0	8.59717E-1	4.88281E-4	1.58754E-2
5.20498E+0	8.61621E-1	6.87038E-4	1.58323E-2
5.20498E+0	8.62061E-1	6.87038E-4	1.60582E-2
5.20508E+0	8.64893E-1	0.00000E+0	1.59722E-2
5.20508E+0	8.66846E-1	0.00000E+0	1.58784E-2
5.20503E+0	8.68506E-1	4.88281E-4	1.58207E-2
5.20498E+0	8.69043E-1	6.87038E-4	1.58560E-2
5.20508E+0	8.68262E-1	0.00000E+0	1.66762E-2
5.20503E+0	8.67187E-1	4.88281E-4	1.59774E-2
5.20508E+0	8.65869E-1	0.00000E+0	1.61730E-2
5.20503E+0	8.64307E-1	4.88281E-4	1.60600E-2
5.20503E+0	8.62402E-1	4.88281E-4	1.58833E-2
5.20498E+0	8.64941E-1	6.87038E-4	1.58870E-2
5.20508E+0	8.63623E-1	0.00000E+0	1.63448E-2
5.20488E+0	8.60547E-1	9.61652E-4	1.60544E-2
5.20493E+0	8.61279E-1	8.37142E-4	1.59154E-2
5.20493E+0	8.60352E-1	8.37142E-4	1.60676E-2
5.20508E+0	8.59717E-1	0.00000E+0	1.59963E-2
5.20508E+0	8.57959E-1	0.00000E+0	1.66027E-2
5.20503E+0	8.56201E-1	4.88281E-4	1.61926E-2
5.20508E+0	8.52197E-1	0.00000E+0	1.70062E-2
5.20508E+0	8.52393E-1	0.00000E+0	1.66455E-2
5.20508E+0	8.50928E-1	0.00000E+0	1.71248E-2
5.20483E+0	8.50977E-1	1.06955E-3	1.69157E-2
5.20503E+0	8.50635E-1	4.88281E-4	1.75064E-2
5.20503E+0	8.49707E-1	4.88281E-4	1.71686E-2
5.20503E+0	8.47119E-1	4.88281E-4	1.74402E-2
5.20503E+0	8.46680E-1	4.88281E-4	1.77211E-2
5.20508E+0	8.45850E-1	0.00000E+0	1.72927E-2
5.20488E+0	8.44678E-1	9.61652E-4	1.75778E-2
5.20503E+0	8.43018E-1	4.88281E-4	1.72999E-2
5.20508E+0	8.41357E-1	0.00000E+0	1.79466E-2
5.20508E+0	8.41992E-1	0.00000E+0	1.78338E-2
5.20508E+0	8.39795E-1	0.00000E+0	1.77550E-2
5.20508E+0	8.41504E-1	0.00000E+0	1.77377E-2
5.20508E+0	8.40527E-1	0.00000E+0	1.73922E-2
5.20508E+0	8.41260E-1	0.00000E+0	1.77658E-2
5.20508E+0	8.42139E-1	0.00000E+0	1.72732E-2
5.20508E+0	8.44189E-1	0.00000E+0	1.75970E-2
5.20498E+0	8.45703E-1	6.87038E-4	1.71268E-2
5.20503E+0	8.46875E-1	4.88281E-4	1.71594E-2
5.20503E+0	8.45898E-1	4.88281E-4	1.71846E-2
5.20503E+0	8.43848E-1	4.88281E-4	1.78211E-2
5.20498E+0	8.42578E-1	6.87038E-4	1.80085E-2
5.20488E+0	8.41162E-1	9.61652E-4	1.77734E-2
5.20498E+0	8.39893E-1	6.87038E-4	1.75366E-2
5.20498E+0	8.37891E-1	6.87038E-4	1.76803E-2
5.20503E+0	8.36230E-1	4.88281E-4	1.77973E-2
5.20498E+0	8.36621E-1	6.87038E-4	1.76560E-2
5.20508E+0	8.36670E-1	0.00000E+0	1.75898E-2
5.20503E+0	8.36963E-1	4.88281E-4	1.75586E-2
5.20503E+0	8.36133E-1	4.88281E-4	1.79657E-2
5.20503E+0	8.34229E-1	4.88281E-4	1.78885E-2
5.20508E+0	8.34180E-1	0.00000E+0	1.73464E-2
5.20503E+0	8.36035E-1	4.88281E-4	1.75241E-2
5.20508E+0	8.36377E-1	0.00000E+0	1.76571E-2
5.20488E+0	8.37744E-1	9.61652E-4	1.72843E-2
5.20508E+0	8.37500E-1	0.00000E+0	1.77005E-2
5.20508E+0	8.39014E-1	0.00000E+0	1.75718E-2
5.20508E+0	8.39648E-1	0.00000E+0	1.75973E-2
5.20503E+0	8.39307E-1	4.88281E-4	1.74181E-2
5.20508E+0	8.40967E-1	0.00000E+0	1.79353E-2
5.20508E+0	8.39893E-1	0.00000E+0	1.77007E-2
5.20503E+0	8.40967E-1	4.88281E-4	1.77734E-2
5.20508E+0	8.40967E-1	0.00000E+0	1.75690E-2
5.20503E+0	8.40430E-1	4.88281E-4	1.75748E-2
5.20503E+0	8.37793E-1	4.88281E-4	1.75735E-2
5.20493E+0	8.36670E-1	8.37142E-4	1.74524E-2
5.20503E+0	8.34521E-1	4.88281E-4	1.77224E-2
5.20503E+0	8.34814E-1	4.88281E-4	1.79030E-2
5.20498E+0	8.35840E-1	6.87038E-4	1.76855E-2
5.20508E+0	8.35303E-1	0.00000E+0	1.75333E-2
5.20498E+0	8.35596E-1	6.87038E-4	1.76620E-2
5.20503E+0	8.35986E-1	4.88281E-4	1.79278E-2
5.20498E+0	8.35791E-1	6.87038E-4	1.75580E-2
5.20503E+0	8.37109E-1	4.88281E-4	1.74792E-2
5.20503E+0	8.36816E-1	4.88281E-4	1.75680E-2
5.20503E+0	8.37646E-1	4.88281E-4	1.74937E-2
5.20498E+0	8.37646E-1	6.87038E-4	1.71882E-2
5.20498E+0	8.38281E-1	6.87038E-4	1.73070E-2
5.20498E+0	8.36816E-1	6.87038E-4	1.76364E-2
5.20498E+0	8.34668E-1	6.87038E-4	1.75822E-2
5.20503E+0	8.34766E-1	4.88281E-4	1.82688E-2
5.20498E+0	8.32178E-1	6.87038E-4	1.79272E-2
5.20493E+0	8.32129E-1	8.37142E-4	1.71293E-2
