4.75142E+0	-8.78906E-2	1.40441E-3	0.00000E+0
4.75132E+0	-8.78906E-2	1.25211E-3	0.00000E+0
4.75156E+0	-8.78906E-2	1.59472E-3	0.00000E+0
4.75122E+0	-8.78906E-2	1.06955E-3	0.00000E+0
4.75146E+0	-8.78906E-2	1.47222E-3	0.00000E+0
4.75122E+0	-8.78906E-2	1.06955E-3	0.00000E+0
4.75112E+0	-8.78906E-2	8.37142E-4	0.00000E+0
4.75122E+0	-8.78906E-2	1.06955E-3	0.00000E+0
4.75122E+0	-8.78906E-2	1.06955E-3	0.00000E+0
4.75122E+0	-8.78906E-2	1.06955E-3	0.00000E+0
4.75112E+0	-8.78906E-2	8.37142E-4	0.00000E+0
4.75132E+0	-8.78906E-2	1.25211E-3	0.00000E+0
4.75117E+0	-8.78906E-2	9.61652E-4	0.00000E+0
4.75117E+0	-8.78906E-2	9.61652E-4	0.00000E+0
4.75132E+0	-8.78906E-2	1.25211E-3	0.00000E+0
4.75112E+0	-8.79395E-2	8.37142E-4	4.88281E-4
4.75122E+0	-8.78906E-2	1.06955E-3	0.00000E+0
4.75122E+0	-8.78906E-2	1.06955E-3	0.00000E+0
4.75127E+0	-8.78906E-2	1.16545E-3	0.00000E+0
4.75112E+0	-8.79395E-2	8.37142E-4	4.88281E-4
4.75127E+0	-8.78906E-2	1.16545E-3	0.00000E+0
4.75117E+0	-8.78906E-2	9.61652E-4	0.00000E+0
4.75117E+0	-8.78906E-2	9.61652E-4	0.00000E+0
4.75117E+0	-8.78906E-2	9.61652E-4	0.00000E+0
4.75117E+0	-8.78906E-2	9.61652E-4	0.00000E+0
4.75107E+0	-8.78906E-2	6.87038E-4	0.00000E+0
4.75107E+0	-8.78906E-2	6.87038E-4	0.00000E+0
4.75117E+0	-8.78906E-2	9.61652E-4	0.00000E+0
4.75122E+0	-8.78906E-2	1.06955E-3	0.00000E+0
4.75181E+0	-8.79395E-2	1.84338E-3	4.88281E-4
4.75474E+0	-8.78906E-2	2.06520E-3	0.00000E+0
4.75571E+0	-8.80371E-2	8.37142E-4	8.37142E-4
4.75645E+0	-8.81836E-2	1.59472E-3	1.16545E-3
4.76055E+0	-8.90625E-2	1.53939E-3	2.09587E-3
4.76235E+0	-8.91602E-2	2.30753E-3	2.15256E-3
4.76563E+0	-8.98926E-2	0.00000E+0	2.41363E-3
4.76909E+0	-8.99414E-2	2.22680E-3	2.42209E-3
4.77202E+0	-9.09180E-2	2.26964E-3	2.38199E-3
4.77544E+0	-9.12598E-2	4.88281E-4	2.26964E-3
4.77944E+0	-9.22363E-2	1.84338E-3	1.53548E-3
4.78242E+0	-9.24805E-2	2.43597E-3	1.16545E-3
4.78521E+0	-9.27246E-2	8.48571E-4	4.88281E-4
4.78828E+0	-9.26758E-2	2.35556E-3	6.87038E-4
4.79180E+0	-9.27246E-2	2.35556E-3	4.88281E-4
4.79492E+0	-9.27734E-2	0.00000E+0	0.00000E+0
4.79663E+0	-9.26758E-2	2.34069E-3	6.87038E-4
4.80073E+0	-9.27246E-2	1.92518E-3	4.88281E-4
4.80449E+0	-9.27734E-2	9.61652E-4	0.00000E+0
4.80566E+0	-9.27734E-2	1.96296E-3	0.00000E+0
4.80923E+0	-9.27246E-2	1.59094E-3	4.88281E-4
4.81294E+0	-9.27246E-2	2.26964E-3	4.88281E-4
4.81445E+0	-9.27734E-2	0.00000E+0	0.00000E+0
4.81445E+0	-9.27734E-2	0.00000E+0	0.00000E+0
4.81514E+0	-9.27734E-2	1.70281E-3	0.00000E+0
4.81899E+0	-9.27734E-2	1.25211E-3	0.00000E+0
4.82280E+0	-9.27734E-2	2.22680E-3	0.00000E+0
4.82441E+0	-9.27734E-2	9.61652E-4	0.00000E+0
4.82808E+0	-9.27734E-2	1.99883E-3	0.00000E+0
4.83071E+0	-9.27246E-2	2.30753E-3	4.88281E-4
4.83394E+0	-9.27734E-2	4.88281E-4	0.00000E+0
4.83613E+0	-9.26758E-2	2.43597E-3	6.87038E-4
4.83877E+0	-9.26758E-2	6.87038E-4	6.87038E-4
4.83994E+0	-9.27246E-2	2.03288E-3	4.88281E-4
4.83960E+0	-9.27246E-2	1.75230E-3	4.88281E-4
4.84116E+0	-9.27246E-2	2.44928E-3	4.88281E-4
4.84297E+0	-9.27734E-2	1.79909E-3	0.00000E+0
4.84375E+0	-9.27246E-2	6.94013E-4	4.88281E-4
4.84678E+0	-9.27734E-2	2.38199E-3	0.00000E+0
4.84971E+0	-9.27734E-2	2.03288E-3	0.00000E+0
4.85352E+0	-9.27734E-2	0.00000E+0	0.00000E+0
4.85625E+0	-9.27246E-2	2.43597E-3	4.88281E-4
4.86118E+0	-9.26758E-2	2.42954E-3	6.87038E-4
4.86348E+0	-9.23828E-2	1.18593E-3	1.33135E-3
4.86626E+0	-9.20898E-2	2.39359E-3	1.70281E-3
4.86816E+0	-9.17480E-2	0.00000E+0	1.99883E-3
4.86826E+0	-9.14062E-2	9.76562E-4	2.20342E-3
4.86826E+0	-9.18945E-2	9.76562E-4	1.88537E-3
4.86924E+0	-9.07227E-2	3.07096E-3	2.42209E-3
4.87754E+0	-9.00879E-2	1.92330E-3	2.44141E-3
4.87856E+0	-8.81348E-2	1.65038E-3	1.06955E-3
4.87920E+0	-8.78906E-2	2.15256E-3	0.00000E+0
4.88086E+0	-8.79883E-2	2.40413E-3	6.87038E-4
4.88203E+0	-8.78906E-2	1.79909E-3	0.00000E+0
4.88501E+0	-8.78906E-2	2.44141E-3	0.00000E+0
4.88823E+0	-8.73535E-2	1.53548E-3	1.53548E-3
4.89229E+0	-8.41797E-2	1.16545E-3	2.09587E-3
4.89395E+0	-8.31543E-2	2.20342E-3	8.37142E-4
4.89727E+0	-8.12988E-2	9.61652E-4	2.34069E-3
4.89746E+0	-7.81250E-2	0.00000E+0	6.94013E-4
4.89873E+0	-7.62695E-2	2.15256E-3	2.38199E-3
4.90200E+0	-7.23633E-2	1.25211E-3	2.34120E-3
4.90273E+0	-6.86523E-2	1.33135E-3	1.16545E-3
4.90630E+0	-6.60156E-2	1.92518E-3	2.45174E-3
4.90723E+0	-6.23047E-2	0.00000E+0	2.41612E-3
4.90791E+0	-5.83984E-2	1.70281E-3	2.07276E-3
4.91074E+0	-5.43945E-2	2.20342E-3	2.40613E-3
4.91206E+0	-4.98535E-2	4.88281E-4	2.43350E-3
4.91230E+0	-4.52637E-2	9.61652E-4	2.17869E-3
4.91455E+0	-4.15039E-2	2.45371E-3	2.64272E-3
4.91689E+0	-3.55957E-2	6.87038E-4	3.27696E-3
4.91699E+0	-2.89551E-2	0.00000E+0	2.79809E-3
4.91870E+0	-2.16309E-2	2.34069E-3	4.17880E-3
4.92207E+0	-1.06934E-2	1.18593E-3	4.37256E-3
4.92593E+0	2.49023E-3	1.84338E-3	5.44236E-3
4.92676E+0	1.23047E-2	0.00000E+0	4.01569E-3
4.92676E+0	1.78711E-2	0.00000E+0	4.17678E-3
4.92681E+0	2.28027E-2	4.88281E-4	3.80475E-3
4.92891E+0	3.28125E-2	2.43597E-3	5.15068E-3
4.93154E+0	4.84375E-2	6.87038E-4	7.46443E-3
4.93247E+0	6.21582E-2	1.84338E-3	5.71687E-3
4.93594E+0	7.51465E-2	1.59472E-3	5.37109E-3
4.93652E+0	8.97461E-2	0.00000E+0	6.27612E-3
4.93652E+0	1.04492E-1	0.00000E+0	7.47475E-3
4.93687E+0	1.19092E-1	1.25211E-3	6.39453E-3
4.94062E+0	1.34131E-1	1.79909E-3	8.28336E-3
4.94424E+0	1.65527E-1	2.42209E-3	1.19906E-2
4.94629E+0	1.92041E-1	0.00000E+0	9.15610E-3
4.94663E+0	2.10596E-1	1.25211E-3	9.17187E-3
4.94971E+0	2.29687E-1	2.24886E-3	1.10590E-2
4.95151E+0	2.61230E-1	1.25211E-3	1.32863E-2
4.95449E+0	2.87891E-1	2.28919E-3	9.88621E-3
4.95601E+0	3.00879E-1	4.88281E-4	8.71753E-3
4.95605E+0	3.13721E-1	0.00000E+0	9.77487E-3
4.95776E+0	3.32031E-1	2.34069E-3	1.11691E-2
4.96084E+0	3.53809E-1	6.87038E-4	1.11997E-2
4.96206E+0	3.69092E-1	2.06520E-3	1.09314E-2
4.96548E+0	3.82373E-1	1.25211E-3	1.00499E-2
4.96582E+0	3.97266E-1	0.00000E+0	1.07856E-2
4.96646E+0	4.10889E-1	1.65038E-3	1.10034E-2
4.97031E+0	4.27051E-1	1.50138E-3	1.28986E-2
4.97363E+0	4.47900E-1	2.40413E-3	1.36679E-2
4.97554E+0	4.65869E-1	4.88281E-4	1.12784E-2
4.97612E+0	4.82422E-1	1.53548E-3	1.16131E-2
4.98008E+0	4.98291E-1	1.33135E-3	1.28416E-2
4.98262E+0	5.15088E-1	2.43597E-3	1.24438E-2
4.98525E+0	5.31543E-1	6.87038E-4	1.29284E-2
4.98740E+0	5.48340E-1	2.42209E-3	1.28252E-2
4.99023E+0	5.62744E-1	0.00000E+0	1.23248E-2
4.99199E+0	5.76807E-1	2.35556E-3	1.30145E-2
4.99468E+0	5.86230E-1	1.40441E-3	1.25657E-2
4.99512E+0	5.94629E-1	0.00000E+0	1.25802E-2
4.99565E+0	6.03809E-1	1.53548E-3	1.28387E-2
4.99893E+0	6.12354E-1	2.03288E-3	1.33873E-2
5.00015E+0	6.19678E-1	8.37142E-4	1.37424E-2
5.00322E+0	6.26855E-1	2.32468E-3	1.44044E-2
5.00488E+0	6.33252E-1	0.00000E+0	1.50249E-2
5.00659E+0	6.40674E-1	2.34069E-3	1.49542E-2
5.00986E+0	6.51465E-1	6.87038E-4	1.48067E-2
5.01328E+0	6.60937E-1	2.20342E-3	1.38372E-2
5.01460E+0	6.69043E-1	4.88281E-4	1.39491E-2
5.01479E+0	6.74268E-1	8.37142E-4	1.34591E-2
5.01528E+0	6.74707E-1	1.65038E-3	1.35178E-2
5.01538E+0	6.76709E-1	1.75230E-3	1.41738E-2
5.01514E+0	6.77588E-1	1.47222E-3	1.39815E-2
5.01528E+0	6.77979E-1	1.65038E-3	1.39732E-2
5.01699E+0	6.80225E-1	2.45174E-3	1.38750E-2
5.02222E+0	6.85547E-1	2.44141E-3	1.40355E-2
5.02446E+0	6.91943E-1	4.88281E-4	1.42280E-2
5.02466E+0	6.95850E-1	1.06955E-3	1.31770E-2
5.02451E+0	6.98438E-1	6.87038E-4	1.38093E-2
5.02466E+0	6.99609E-1	1.06955E-3	1.35835E-2
5.02456E+0	7.00244E-1	8.37142E-4	1.34948E-2
5.02520E+0	7.02979E-1	1.79909E-3	1.38881E-2
5.02920E+0	7.05615E-1	1.19805E-3	1.37319E-2
5.03247E+0	7.08203E-1	2.34069E-3	1.39308E-2
5.03413E+0	7.08789E-1	4.88281E-4	1.34703E-2
5.03418E+0	7.10449E-1	0.00000E+0	1.40955E-2
5.03501E+0	7.12646E-1	1.84338E-3	1.40762E-2
5.03931E+0	7.14307E-1	1.45163E-3	1.36757E-2
5.04355E+0	7.17139E-1	1.33135E-3	1.39262E-2
5.04795E+0	7.21436E-1	2.34120E-3	1.41785E-2
5.05293E+0	7.24316E-1	1.79909E-3	1.42774E-2
5.05562E+0	7.20947E-1	2.39359E-3	1.39387E-2
5.05874E+0	7.19971E-1	8.37142E-4	1.42801E-2
5.06128E+0	7.24316E-1	2.44141E-3	1.40221E-2
5.06328E+0	7.25244E-1	9.61652E-4	1.41459E-2
5.06826E+0	7.23340E-1	4.90643E-3	1.39843E-2
5.07329E+0	7.23047E-1	4.88281E-4	1.43525E-2
5.07749E+0	7.22510E-1	1.65038E-3	1.38534E-2
5.07886E+0	7.21387E-1	1.75230E-3	1.39602E-2
5.08281E+0	7.20703E-1	9.61652E-4	1.39840E-2
5.08545E+0	7.20654E-1	2.45371E-3	1.41056E-2
5.08784E+0	7.21533E-1	4.88281E-4	1.37207E-2
5.08799E+0	7.22363E-1	6.87038E-4	1.42200E-2
5.08906E+0	7.23096E-1	2.09587E-3	1.41056E-2
5.09219E+0	7.23682E-1	1.59472E-3	1.39027E-2
5.09282E+0	7.24023E-1	4.88281E-4	1.44761E-2
5.09512E+0	7.26611E-1	2.45174E-3	1.42686E-2
5.09766E+0	7.27100E-1	0.00000E+0	1.42416E-2
5.09775E+0	7.28711E-1	6.87038E-4	1.44934E-2
5.09946E+0	7.31494E-1	2.36932E-3	1.43191E-2
5.10254E+0	7.33447E-1	9.81482E-4	1.44464E-2
5.10371E+0	7.36328E-1	2.09587E-3	1.49334E-2
5.10713E+0	7.39404E-1	1.16545E-3	1.43789E-2
5.10742E+0	7.42236E-1	0.00000E+0	1.41806E-2
5.10835E+0	7.46582E-1	1.92518E-3	1.48119E-2
5.11187E+0	7.55811E-1	1.56653E-3	1.49703E-2
5.11265E+0	7.54346E-1	1.25211E-3	1.53704E-2
5.11699E+0	7.64502E-1	9.61652E-4	1.47754E-2
5.12124E+0	7.72607E-1	2.69282E-3	1.47199E-2
5.12822E+0	7.83301E-1	2.56127E-3	1.48716E-2
5.13384E+0	7.91406E-1	2.51142E-3	1.51841E-2
5.13672E+0	8.01709E-1	0.00000E+0	1.62271E-2
5.13691E+0	8.09229E-1	9.61652E-4	1.69552E-2
5.13955E+0	8.16895E-1	2.42209E-3	1.69785E-2
5.14160E+0	8.19580E-1	0.00000E+0	1.75350E-2
5.14258E+0	8.24414E-1	1.96296E-3	1.75672E-2
5.14565E+0	8.29346E-1	1.84338E-3	1.76445E-2
5.14771E+0	8.32861E-1	2.12497E-3	1.77517E-2
5.15132E+0	8.38623E-1	4.88281E-4	1.77940E-2
5.15322E+0	8.38672E-1	2.38199E-3	1.79523E-2
5.15615E+0	8.44678E-1	6.87038E-4	1.79170E-2
5.15669E+0	8.50293E-1	1.40441E-3	1.70284E-2
5.16108E+0	8.47998E-1	1.62686E-3	1.74342E-2
5.16572E+0	8.53564E-1	1.16545E-3	1.64335E-2
5.16860E+0	8.56982E-1	2.44928E-3	1.63719E-2
5.17090E+0	8.55762E-1	0.00000E+0	1.65783E-2
5.17095E+0	8.57471E-1	4.88281E-4	1.61706E-2
5.17104E+0	8.57031E-1	8.37142E-4	1.58028E-2
5.17104E+0	8.56055E-1	8.37142E-4	1.68129E-2
5.17095E+0	8.59180E-1	4.88281E-4	1.59460E-2
5.17104E+0	8.58643E-1	8.37142E-4	1.54778E-2
5.17129E+0	8.60059E-1	1.33135E-3	1.60679E-2
5.17183E+0	8.61084E-1	1.92518E-3	1.59226E-2
5.17432E+0	8.62061E-1	2.24886E-3	1.59679E-2
5.17578E+0	8.59131E-1	0.00000E+0	1.61330E-2
5.17612E+0	8.58398E-1	1.25211E-3	1.58715E-2
5.18076E+0	8.56396E-1	9.76562E-4	1.63188E-2
5.18550E+0	8.56543E-1	2.02278E-3	1.64260E-2
5.18994E+0	8.53906E-1	1.47222E-3	1.66892E-2
5.19126E+0	8.51025E-1	1.84338E-3	1.67758E-2
5.19414E+0	8.48389E-1	2.09587E-3	1.71180E-2
5.19526E+0	8.45557E-1	4.88281E-4	1.75306E-2
5.19531E+0	8.43701E-1	0.00000E+0	1.74375E-2
5.19546E+0	8.41699E-1	8.37142E-4	1.79074E-2
5.19839E+0	8.39160E-1	2.36932E-3	1.76260E-2
5.20000E+0	8.38184E-1	9.61652E-4	1.76151E-2
5.20020E+0	8.40820E-1	0.00000E+0	1.81508E-2
5.20015E+0	8.41113E-1	4.88281E-4	1.76479E-2
5.20020E+0	8.41064E-1	6.94013E-4	1.73694E-2
5.20024E+0	8.38770E-1	4.88281E-4	1.73167E-2
5.20044E+0	8.40625E-1	1.06955E-3	1.74709E-2
5.20083E+0	8.41357E-1	1.65038E-3	1.73600E-2
5.20146E+0	8.40820E-1	2.15256E-3	1.77347E-2
5.20225E+0	8.40332E-1	2.42209E-3	1.75092E-2
5.20454E+0	8.38525E-1	1.53548E-3	1.76238E-2
5.20405E+0	8.37549E-1	1.99883E-3	1.80237E-2
5.20483E+0	8.35010E-1	1.06955E-3	1.84860E-2
5.20508E+0	8.39697E-1	0.00000E+0	1.77409E-2
5.20508E+0	8.36621E-1	0.00000E+0	1.81670E-2
5.20527E+0	8.41162E-1	9.61652E-4	1.75690E-2
5.20884E+0	8.37744E-1	2.06520E-3	1.71865E-2
5.21094E+0	8.34961E-1	1.96296E-3	1.78565E-2
5.21479E+0	8.30908E-1	4.88281E-4	1.77490E-2
5.21538E+0	8.29834E-1	1.53548E-3	1.76718E-2
5.21919E+0	8.25928E-1	1.53548E-3	1.70616E-2
5.22012E+0	8.22559E-1	1.33135E-3	1.70623E-2
5.22461E+0	8.19482E-1	1.83619E-3	1.75443E-2
5.22866E+0	8.16699E-1	1.84338E-3	1.72615E-2
5.22905E+0	8.13965E-1	1.40441E-3	1.61498E-2
5.22925E+0	8.14453E-1	1.06955E-3	1.69430E-2
5.22949E+0	8.12402E-1	0.00000E+0	1.61540E-2
5.23125E+0	8.08887E-1	2.35556E-3	1.63531E-2
5.23384E+0	8.07568E-1	1.53548E-3	1.61408E-2
5.23433E+0	8.03906E-1	4.88281E-4	1.51021E-2
5.23511E+0	8.03467E-1	1.75230E-3	1.53371E-2
5.23906E+0	8.02051E-1	1.18593E-3	1.53567E-2
5.24268E+0	8.00879E-1	2.24886E-3	1.47383E-2
5.24507E+0	7.95654E-1	1.92518E-3	1.45474E-2
5.24902E+0	7.92725E-1	1.55186E-3	1.48748E-2
5.25278E+0	7.92188E-1	2.06520E-3	1.45597E-2
5.25391E+0	7.89795E-1	0.00000E+0	1.46464E-2
5.25820E+0	7.87598E-1	4.87195E-3	1.47794E-2
5.26509E+0	7.85303E-1	2.22680E-3	1.45752E-2
5.26909E+0	7.83545E-1	1.68504E-3	1.47297E-2
5.27202E+0	7.82471E-1	2.22680E-3	1.46628E-2
5.27197E+0	7.83008E-1	2.24886E-3	1.47797E-2
5.27334E+0	7.81982E-1	6.87038E-4	1.44976E-2
5.27461E+0	7.80469E-1	2.09587E-3	1.45034E-2
5.27827E+0	7.80225E-1	4.88281E-4	1.44963E-2
5.27896E+0	7.80762E-1	1.65038E-3	1.44997E-2
5.28257E+0	7.80273E-1	1.65038E-3	1.46731E-2
5.28511E+0	7.80322E-1	2.39359E-3	1.43359E-2
5.28794E+0	7.80811E-1	8.37142E-4	1.45428E-2
5.28979E+0	7.80518E-1	2.34069E-3	1.45142E-2
5.29312E+0	7.81738E-1	1.08741E-3	1.46320E-2
5.29717E+0	7.83643E-1	1.70281E-3	1.47140E-2
5.29829E+0	7.85498E-1	1.40441E-3	1.46674E-2
5.30254E+0	7.87891E-1	9.61652E-4	1.46323E-2
5.30610E+0	7.90479E-1	2.26964E-3	1.41873E-2
5.30762E+0	7.92725E-1	0.00000E+0	1.50198E-2
5.31006E+0	7.93359E-1	2.45371E-3	1.45987E-2
5.31250E+0	7.93994E-1	0.00000E+0	1.42382E-2
5.31255E+0	7.94971E-1	4.88281E-4	1.44030E-2
5.31533E+0	7.88916E-1	2.42209E-3	1.52091E-2
5.31797E+0	7.91016E-1	1.59472E-3	1.49334E-2
5.32261E+0	7.85449E-1	1.73573E-3	1.49498E-2
5.32676E+0	7.84375E-1	1.33135E-3	1.47471E-2
5.32827E+0	7.80811E-1	2.06520E-3	1.48378E-2
5.33203E+0	7.75684E-1	0.00000E+0	1.48528E-2
5.33545E+0	7.69922E-1	2.24886E-3	1.48344E-2
5.33691E+0	7.63672E-1	0.00000E+0	1.48687E-2
5.33872E+0	7.61621E-1	2.36932E-3	1.46399E-2
5.34277E+0	7.52246E-1	1.96296E-3	1.49143E-2
5.34917E+0	7.35254E-1	2.45321E-3	1.51126E-2
5.35591E+0	7.15332E-1	1.95004E-3	1.49897E-2
5.36450E+0	6.89404E-1	2.53813E-3	1.59275E-2
5.37324E+0	6.58398E-1	2.62627E-3	1.62867E-2
5.37598E+0	6.30664E-1	0.00000E+0	1.54987E-2
5.37598E+0	6.17334E-1	0.00000E+0	1.33722E-2
5.37598E+0	6.07764E-1	0.00000E+0	1.31945E-2
5.37598E+0	6.01709E-1	0.00000E+0	1.26046E-2
5.37739E+0	5.90967E-1	2.22680E-3	1.32492E-2
5.38159E+0	5.72070E-1	1.75230E-3	1.38232E-2
5.38672E+0	5.53076E-1	2.30178E-3	1.40331E-2
5.39053E+0	5.34375E-1	6.87038E-4	1.26135E-2
5.39067E+0	5.21338E-1	4.88281E-4	1.22362E-2
5.39380E+0	5.01367E-1	2.34069E-3	1.40678E-2
5.40005E+0	4.70557E-1	2.88287E-3	1.35760E-2
5.40723E+0	4.25098E-1	2.59676E-3	2.12193E-2
5.41587E+0	3.42676E-1	2.86611E-3	3.09780E-2
5.42549E+0	2.44336E-1	3.40137E-3	2.65538E-2
5.43164E+0	1.79102E-1	2.40413E-3	1.26813E-2
5.43345E+0	1.58887E-1	2.06520E-3	6.26229E-3
5.43413E+0	1.48535E-1	1.40441E-3	6.44274E-3
5.43447E+0	1.30078E-1	6.87038E-4	8.84751E-3
5.43604E+0	1.05615E-1	2.24886E-3	9.06623E-3
5.44146E+0	7.26074E-2	2.41363E-3	9.19809E-3
5.44526E+0	4.11133E-2	1.92518E-3	9.49505E-3
5.45273E+0	1.75293E-2	5.00845E-3	6.40206E-3
5.45942E+0	-4.78516E-3	1.40441E-3	7.00850E-3
5.46533E+0	-2.10938E-2	2.24886E-3	4.21466E-3
5.47178E+0	-3.39844E-2	2.38199E-3	4.32966E-3
5.47910E+0	-4.38965E-2	2.96726E-3	3.06428E-3
5.48887E+0	-5.12207E-2	2.96726E-3	2.45321E-3
5.49497E+0	-5.51758E-2	2.36932E-3	2.24886E-3
5.49800E+0	-5.83984E-2	4.88281E-4	1.68861E-3
5.50078E+0	-6.03027E-2	2.43597E-3	2.34069E-3
5.50566E+0	-6.26465E-2	2.43597E-3	1.84338E-3
5.51064E+0	-6.37695E-2	2.42209E-3	1.35644E-3
5.51343E+0	-6.45020E-2	1.75230E-3	1.99883E-3
5.51685E+0	-6.57715E-2	1.75230E-3	2.44928E-3
5.51758E+0	-6.73828E-2	0.00000E+0	1.96296E-3
5.52007E+0	-6.80664E-2	2.45321E-3	1.16545E-3
5.52524E+0	-6.83594E-2	2.42954E-3	0.00000E+0
5.52808E+0	-6.83594E-2	1.75230E-3	0.00000E+0
5.53252E+0	-6.83594E-2	1.52367E-3	0.00000E+0
5.53696E+0	-6.84082E-2	8.37142E-4	4.88281E-4
5.54131E+0	-6.95801E-2	1.96542E-3	2.12497E-3
5.54775E+0	-7.20703E-2	2.53861E-3	2.31430E-3
5.55381E+0	-7.51953E-2	2.42209E-3	2.40413E-3
5.56040E+0	-7.80762E-2	3.09245E-3	1.09623E-3
5.56694E+0	-8.05664E-2	1.82236E-3	2.45371E-3
5.57114E+0	-8.29102E-2	1.08741E-3	6.87038E-4
5.57373E+0	-8.30566E-2	2.45371E-3	4.88281E-4
5.57617E+0	-8.39355E-2	0.00000E+0	1.92518E-3
5.57734E+0	-8.53027E-2	2.09587E-3	2.44928E-3
5.58096E+0	-8.75488E-2	6.87038E-4	1.25211E-3
5.58423E+0	-8.77441E-2	2.34069E-3	8.37142E-4
5.58823E+0	-8.78906E-2	2.44928E-3	0.00000E+0
5.59492E+0	-8.78906E-2	2.57066E-3	0.00000E+0
5.60366E+0	-8.78906E-2	2.56456E-3	0.00000E+0
5.61016E+0	-8.78906E-2	2.85475E-3	0.00000E+0
5.61523E+0	-8.78906E-2	0.00000E+0	0.00000E+0
5.61885E+0	-8.78906E-2	2.56127E-3	0.00000E+0
5.62461E+0	-8.78906E-2	1.79372E-3	0.00000E+0
5.62925E+0	-8.78906E-2	1.65038E-3	0.00000E+0
5.63140E+0	-8.78906E-2	2.26964E-3	0.00000E+0
5.63584E+0	-8.78906E-2	2.03288E-3	0.00000E+0
5.64150E+0	-8.78906E-2	2.38199E-3	0.00000E+0
5.64600E+0	-8.78906E-2	3.50459E-3	0.00000E+0
5.65503E+0	-8.78906E-2	1.75230E-3	0.00000E+0
5.65889E+0	-8.79883E-2	1.16545E-3	6.87038E-4
5.65923E+0	-8.83789E-2	4.88281E-4	1.47222E-3
5.66357E+0	-8.86230E-2	1.76939E-3	1.75230E-3
5.66655E+0	-8.93555E-2	2.45321E-3	2.24886E-3
5.66958E+0	-9.01367E-2	1.65038E-3	2.44584E-3
5.67510E+0	-9.01855E-2	2.46546E-3	2.44928E-3
5.67866E+0	-9.04297E-2	4.88281E-4	2.45174E-3
5.67871E+0	-9.07715E-2	0.00000E+0	2.41363E-3
5.67871E+0	-9.12598E-2	0.00000E+0	2.26964E-3
5.67871E+0	-9.07227E-2	0.00000E+0	2.42209E-3
5.67871E+0	-9.07715E-2	0.00000E+0	2.41363E-3
5.67871E+0	-9.05762E-2	0.00000E+0	2.44141E-3
5.67871E+0	-9.08203E-2	0.00000E+0	2.40413E-3
5.67876E+0	-9.17969E-2	4.88281E-4	1.96296E-3
5.67871E+0	-9.18457E-2	0.00000E+0	1.92518E-3
5.67871E+0	-9.17969E-2	0.00000E+0	1.96296E-3
5.67871E+0	-9.14551E-2	0.00000E+0	2.17869E-3
5.67871E+0	-9.17969E-2	0.00000E+0	1.96296E-3
5.67871E+0	-9.17969E-2	0.00000E+0	1.96296E-3
5.67871E+0	-9.20410E-2	0.00000E+0	1.75230E-3
5.67871E+0	-9.19434E-2	0.00000E+0	1.84338E-3
5.67876E+0	-9.20410E-2	4.88281E-4	1.75230E-3
5.67871E+0	-9.20410E-2	0.00000E+0	1.75230E-3
5.67871E+0	-9.22852E-2	0.00000E+0	1.47222E-3
5.67876E+0	-9.21875E-2	4.88281E-4	1.59472E-3
5.67871E+0	-9.20898E-2	0.00000E+0	1.70281E-3
5.67871E+0	-9.20898E-2	0.00000E+0	1.70281E-3
5.67871E+0	-9.19434E-2	0.00000E+0	1.84338E-3
5.67871E+0	-9.15039E-2	0.00000E+0	2.15256E-3
5.67871E+0	-9.16504E-2	0.00000E+0	2.06520E-3
5.67871E+0	-9.15039E-2	0.00000E+0	2.15256E-3
5.67871E+0	-9.21387E-2	0.00000E+0	1.65038E-3
5.67871E+0	-9.22852E-2	0.00000E+0	1.47222E-3
5.67871E+0	-9.21875E-2	0.00000E+0	1.59472E-3
5.67871E+0	-9.21387E-2	0.00000E+0	1.65038E-3
5.67871E+0	-9.22363E-2	0.00000E+0	1.53548E-3
5.67871E+0	-9.24805E-2	0.00000E+0	1.16545E-3
5.67871E+0	-9.19922E-2	0.00000E+0	1.79909E-3
5.67871E+0	-9.22852E-2	0.00000E+0	1.47222E-3
5.67871E+0	-9.21875E-2	0.00000E+0	1.59472E-3
5.67871E+0	-9.20410E-2	0.00000E+0	1.75230E-3
5.67871E+0	-9.21875E-2	0.00000E+0	1.59472E-3
5.67871E+0	-9.23340E-2	0.00000E+0	1.40441E-3
