5.21626E+0	9.60010E-1	2.22680E-3	1.64365E-2
5.21611E+0	9.58203E-1	2.15256E-3	1.63074E-2
5.21631E+0	9.56641E-1	2.24886E-3	1.64626E-2
5.21650E+0	9.56201E-1	2.32468E-3	1.60834E-2
5.21636E+0	9.51855E-1	2.26964E-3	1.63619E-2
5.21650E+0	9.54883E-1	2.32468E-3	1.65158E-2
5.21680E+0	9.53613E-1	2.40413E-3	1.67068E-2
5.21602E+0	9.52100E-1	2.09587E-3	1.68360E-2
5.21567E+0	9.54248E-1	1.84338E-3	1.62057E-2
5.21602E+0	9.53955E-1	2.09587E-3	1.61670E-2
5.21592E+0	9.51709E-1	2.03288E-3	1.61437E-2
5.21646E+0	9.50049E-1	2.30753E-3	1.63536E-2
5.21680E+0	9.47559E-1	2.40413E-3	1.66682E-2
5.21602E+0	9.43945E-1	2.09587E-3	1.61405E-2
5.21611E+0	9.42822E-1	2.15256E-3	1.64101E-2
5.21636E+0	9.43262E-1	2.26964E-3	1.67627E-2
5.21621E+0	9.42871E-1	2.20342E-3	1.62538E-2
5.21621E+0	9.44727E-1	2.20342E-3	1.64743E-2
5.21597E+0	9.42969E-1	2.06520E-3	1.62357E-2
5.21611E+0	9.42871E-1	2.15256E-3	1.66346E-2
5.21636E+0	9.40918E-1	2.26964E-3	1.64746E-2
5.21606E+0	9.43408E-1	2.12497E-3	1.63836E-2
5.21636E+0	9.42432E-1	2.26964E-3	1.67930E-2
5.21582E+0	9.46680E-1	1.96296E-3	1.63834E-2
5.21626E+0	9.41406E-1	2.22680E-3	1.61125E-2
5.21709E+0	9.38525E-1	2.44584E-3	1.62211E-2
5.21680E+0	9.36523E-1	2.40413E-3	1.62908E-2
5.21660E+0	9.37012E-1	2.35556E-3	1.63866E-2
5.21626E+0	9.40527E-1	2.22680E-3	1.63466E-2
5.21699E+0	9.42090E-1	2.43597E-3	1.62586E-2
5.21646E+0	9.41455E-1	2.30753E-3	1.62715E-2
5.21660E+0	9.39648E-1	2.35556E-3	1.64573E-2
5.21631E+0	9.39160E-1	2.24886E-3	1.59203E-2
5.21621E+0	9.36670E-1	2.20342E-3	1.62916E-2
5.21670E+0	9.37451E-1	2.38199E-3	1.60149E-2
5.21675E+0	9.37939E-1	2.39359E-3	1.63660E-2
5.21641E+0	9.37207E-1	2.28919E-3	1.63029E-2
5.21636E+0	9.36279E-1	2.26964E-3	1.63995E-2
5.21621E+0	9.35742E-1	2.20342E-3	1.65332E-2
5.21646E+0	9.36670E-1	2.30753E-3	1.71416E-2
5.21636E+0	9.35107E-1	2.26964E-3	1.66056E-2
5.21646E+0	9.36426E-1	2.30753E-3	1.68086E-2
5.21655E+0	9.35840E-1	2.34069E-3	1.62200E-2
5.21665E+0	9.35889E-1	2.36932E-3	1.66426E-2
5.21597E+0	9.34082E-1	2.06520E-3	1.63425E-2
5.21631E+0	9.34668E-1	2.24886E-3	1.62194E-2
5.21631E+0	9.31396E-1	2.24886E-3	1.64288E-2
5.21616E+0	9.32178E-1	2.17869E-3	1.63365E-2
5.21704E+0	9.31689E-1	2.44141E-3	1.63895E-2
5.21597E+0	9.30029E-1	2.06520E-3	1.68497E-2
5.21621E+0	9.30273E-1	2.20342E-3	1.63569E-2
5.21675E+0	9.30469E-1	2.39359E-3	1.66465E-2
5.21621E+0	9.31934E-1	2.20342E-3	1.62022E-2
5.21655E+0	9.31836E-1	2.34069E-3	1.61829E-2
5.21680E+0	9.31104E-1	2.40413E-3	1.66085E-2
5.21675E+0	9.31641E-1	2.39359E-3	1.63499E-2
5.21660E+0	9.32129E-1	2.35556E-3	1.61199E-2
5.21670E+0	9.31348E-1	2.38199E-3	1.63148E-2
5.21636E+0	9.31494E-1	2.26964E-3	1.61849E-2
5.21689E+0	9.32129E-1	2.42209E-3	1.65475E-2
5.21685E+0	9.32471E-1	2.41363E-3	1.61193E-2
5.21592E+0	9.32813E-1	2.03288E-3	1.68706E-2
5.21641E+0	9.32178E-1	2.28919E-3	1.65707E-2
5.21611E+0	9.31055E-1	2.15256E-3	1.62891E-2
5.21616E+0	9.29834E-1	2.17869E-3	1.65294E-2
5.21670E+0	9.29297E-1	2.38199E-3	1.65530E-2
5.21685E+0	9.29492E-1	2.41363E-3	1.66059E-2
5.21709E+0	9.30518E-1	2.44584E-3	1.62502E-2
5.21621E+0	9.30078E-1	2.20342E-3	1.66632E-2
5.21650E+0	9.29590E-1	2.32468E-3	1.64054E-2
5.21665E+0	9.28809E-1	2.36932E-3	1.69655E-2
5.21626E+0	9.28174E-1	2.22680E-3	1.70153E-2
5.21655E+0	9.27246E-1	2.34069E-3	1.68647E-2
5.21616E+0	9.27588E-1	2.17869E-3	1.70628E-2
5.21602E+0	9.25977E-1	2.09587E-3	1.67934E-2
5.21646E+0	9.26270E-1	2.30753E-3	1.65184E-2
5.21631E+0	9.25977E-1	2.24886E-3	1.68364E-2
5.21636E+0	9.24023E-1	2.26964E-3	1.71566E-2
5.21636E+0	9.23047E-1	2.26964E-3	1.70552E-2
5.21641E+0	9.23340E-1	2.28919E-3	1.66924E-2
5.21621E+0	9.20801E-1	2.20342E-3	1.68601E-2
5.21650E+0	9.22363E-1	2.32468E-3	1.67356E-2
5.21680E+0	9.21338E-1	2.40413E-3	1.64628E-2
5.21655E+0	9.22852E-1	2.34069E-3	1.70281E-2
5.21650E+0	9.21191E-1	2.32468E-3	1.63825E-2
5.21602E+0	9.19775E-1	2.09587E-3	1.65352E-2
5.21587E+0	9.18213E-1	1.99883E-3	1.65166E-2
5.21611E+0	9.18311E-1	2.15256E-3	1.64710E-2
5.21602E+0	9.17334E-1	2.09587E-3	1.61222E-2
5.21646E+0	9.16260E-1	2.30753E-3	1.62816E-2
5.21636E+0	9.17236E-1	2.26964E-3	1.62075E-2
5.21616E+0	9.18164E-1	2.17869E-3	1.68135E-2
5.21646E+0	9.19824E-1	2.30753E-3	1.64641E-2
5.21670E+0	9.20508E-1	2.38199E-3	1.65908E-2
5.21685E+0	9.20654E-1	2.41363E-3	1.67913E-2
5.21582E+0	9.20361E-1	1.96296E-3	1.63866E-2
5.21646E+0	9.20703E-1	2.30753E-3	1.68906E-2
5.21646E+0	9.19775E-1	2.30753E-3	1.65788E-2
5.21626E+0	9.18555E-1	2.22680E-3	1.67469E-2
5.21616E+0	9.17334E-1	2.17869E-3	1.66658E-2
5.21665E+0	9.15918E-1	2.36932E-3	1.60703E-2
5.21621E+0	9.15137E-1	2.20342E-3	1.62046E-2
5.21655E+0	9.15430E-1	2.34069E-3	1.64304E-2
5.21650E+0	9.18066E-1	2.32468E-3	1.65399E-2
5.21680E+0	9.17627E-1	2.40413E-3	1.66455E-2
5.21714E+0	9.15088E-1	2.44928E-3	1.62033E-2
5.21636E+0	9.15576E-1	2.26964E-3	1.62834E-2
5.21685E+0	9.15723E-1	2.41363E-3	1.64002E-2
5.21650E+0	9.16699E-1	2.32468E-3	1.65638E-2
5.21724E+0	9.17334E-1	2.45321E-3	1.64183E-2
5.21709E+0	9.17383E-1	2.44584E-3	1.61017E-2
5.21694E+0	9.16162E-1	2.42954E-3	1.65498E-2
5.21626E+0	9.15186E-1	2.22680E-3	1.63094E-2
5.21699E+0	9.18506E-1	2.43597E-3	1.65823E-2
5.21680E+0	9.16211E-1	2.40413E-3	1.65623E-2
5.21650E+0	9.13525E-1	2.32468E-3	1.70153E-2
5.21670E+0	9.12695E-1	2.38199E-3	1.66661E-2
5.21685E+0	9.14453E-1	2.41363E-3	1.66140E-2
5.21636E+0	9.15088E-1	2.26964E-3	1.63807E-2
5.21631E+0	9.16211E-1	2.24886E-3	1.67359E-2
5.21665E+0	9.16309E-1	2.36932E-3	1.68464E-2
5.21655E+0	9.14551E-1	2.34069E-3	1.66924E-2
5.21670E+0	9.13477E-1	2.38199E-3	1.65064E-2
5.21670E+0	9.15674E-1	2.38199E-3	1.65031E-2
5.21650E+0	9.18994E-1	2.32468E-3	1.63247E-2
5.21675E+0	9.15967E-1	2.39359E-3	1.62774E-2
5.21670E+0	9.14502E-1	2.38199E-3	1.67471E-2
5.21650E+0	9.16260E-1	2.32468E-3	1.64288E-2
5.21650E+0	9.14453E-1	2.32468E-3	1.65995E-2
5.21694E+0	9.13916E-1	2.42954E-3	1.65992E-2
5.21680E+0	9.16602E-1	2.40413E-3	1.67152E-2
5.21709E+0	9.17285E-1	2.44584E-3	1.63059E-2
5.21670E+0	9.12939E-1	2.38199E-3	1.71051E-2
5.21665E+0	9.15430E-1	2.36932E-3	1.68501E-2
5.21733E+0	9.16699E-1	2.45321E-3	1.63000E-2
5.21704E+0	9.15723E-1	2.44141E-3	1.61635E-2
5.21680E+0	9.15088E-1	2.40413E-3	1.65125E-2
5.21699E+0	9.16064E-1	2.43597E-3	1.62597E-2
5.21729E+0	9.18799E-1	2.45371E-3	1.69011E-2
5.21685E+0	9.16553E-1	2.41363E-3	1.65154E-2
5.21685E+0	9.11963E-1	2.41363E-3	1.71949E-2
5.21699E+0	9.08740E-1	2.43597E-3	1.66548E-2
5.21670E+0	9.09766E-1	2.38199E-3	1.65821E-2
5.21680E+0	9.09131E-1	2.40413E-3	1.67959E-2
5.21709E+0	9.08398E-1	2.44584E-3	1.66407E-2
5.21704E+0	9.09814E-1	2.44141E-3	1.62472E-2
5.21748E+0	9.11230E-1	2.44584E-3	1.66242E-2
5.21699E+0	9.10498E-1	2.43597E-3	1.72313E-2
5.21733E+0	9.09766E-1	2.45321E-3	1.70546E-2
5.21729E+0	9.14746E-1	2.45371E-3	1.64997E-2
5.21689E+0	9.12598E-1	2.42209E-3	1.63572E-2
5.21650E+0	9.15234E-1	2.32468E-3	1.68335E-2
5.21655E+0	9.09375E-1	2.34069E-3	1.64251E-2
5.21655E+0	9.12988E-1	2.34069E-3	1.64670E-2
5.21680E+0	9.11279E-1	2.40413E-3	1.60923E-2
5.21689E+0	9.11963E-1	2.42209E-3	1.64065E-2
5.21738E+0	9.13525E-1	2.45174E-3	1.71422E-2
5.21680E+0	9.14404E-1	2.40413E-3	1.64065E-2
5.21665E+0	9.12842E-1	2.36932E-3	1.69909E-2
5.21714E+0	9.10889E-1	2.44928E-3	1.69057E-2
5.21675E+0	9.06738E-1	2.39359E-3	1.64013E-2
5.21699E+0	9.09668E-1	2.43597E-3	1.67068E-2
5.21680E+0	9.10693E-1	2.40413E-3	1.66635E-2
5.21670E+0	9.12842E-1	2.38199E-3	1.63554E-2
5.21758E+0	9.17188E-1	2.43597E-3	1.59732E-2
5.21660E+0	9.16992E-1	2.35556E-3	1.61274E-2
5.21729E+0	9.18066E-1	2.45371E-3	1.68715E-2
5.21655E+0	9.17969E-1	2.34069E-3	1.65402E-2
5.21797E+0	9.17432E-1	2.35556E-3	1.65096E-2
5.21704E+0	9.17188E-1	2.44141E-3	1.64924E-2
5.21753E+0	9.15186E-1	2.44141E-3	1.64271E-2
5.21694E+0	9.13281E-1	2.42954E-3	1.65245E-2
5.21719E+0	9.12256E-1	2.45174E-3	1.66282E-2
5.21709E+0	9.10889E-1	2.44584E-3	1.64142E-2
5.21694E+0	9.10010E-1	2.42954E-3	1.63742E-2
5.21694E+0	9.11035E-1	2.42954E-3	1.61599E-2
5.21724E+0	9.07178E-1	2.45321E-3	1.64716E-2
5.21665E+0	9.07959E-1	2.36932E-3	1.66762E-2
5.21768E+0	9.10107E-1	2.42209E-3	1.68703E-2
5.21719E+0	9.06104E-1	2.45174E-3	1.64856E-2
5.21704E+0	9.05566E-1	2.44141E-3	1.61337E-2
5.21763E+0	9.04590E-1	2.42954E-3	1.66508E-2
5.21724E+0	9.05420E-1	2.45321E-3	1.66600E-2
5.21685E+0	9.08887E-1	2.41363E-3	1.64968E-2
5.21699E+0	9.10840E-1	2.43597E-3	1.67057E-2
5.21714E+0	9.11426E-1	2.44928E-3	1.63972E-2
5.21753E+0	9.12109E-1	2.44141E-3	1.64965E-2
5.21729E+0	9.09863E-1	2.45371E-3	1.66305E-2
5.21758E+0	9.08594E-1	2.43597E-3	1.68386E-2
5.21753E+0	9.11426E-1	2.44141E-3	1.64851E-2
5.21714E+0	9.13867E-1	2.44928E-3	1.64485E-2
5.21714E+0	9.13916E-1	2.44928E-3	1.69296E-2
5.21714E+0	9.15332E-1	2.44928E-3	1.62526E-2
5.21743E+0	9.15088E-1	2.44928E-3	1.64833E-2
5.21743E+0	9.14502E-1	2.44928E-3	1.66606E-2
5.21738E+0	9.14600E-1	2.45174E-3	1.65503E-2
5.21782E+0	9.16016E-1	2.39359E-3	1.64819E-2
5.21665E+0	9.15186E-1	2.36932E-3	1.63683E-2
5.21772E+0	9.11816E-1	2.41363E-3	1.64617E-2
5.21768E+0	9.07959E-1	2.42209E-3	1.64581E-2
5.21768E+0	9.03027E-1	2.42209E-3	1.65230E-2
5.21787E+0	9.03027E-1	2.38199E-3	1.62586E-2
5.21753E+0	9.01318E-1	2.44141E-3	1.62182E-2
5.21680E+0	9.03418E-1	2.40413E-3	1.65981E-2
5.21724E+0	9.03223E-1	2.45321E-3	1.65545E-2
5.21729E+0	9.03955E-1	2.45371E-3	1.67953E-2
5.21694E+0	9.06006E-1	2.42954E-3	1.63554E-2
5.21719E+0	9.08252E-1	2.45174E-3	1.66923E-2
5.21733E+0	9.07861E-1	2.45321E-3	1.65148E-2
5.21763E+0	9.07373E-1	2.42954E-3	1.69722E-2
5.21772E+0	9.06104E-1	2.41363E-3	1.68326E-2
5.21777E+0	9.06250E-1	2.40413E-3	1.63793E-2
5.21792E+0	9.06250E-1	2.36932E-3	1.64965E-2
5.21787E+0	9.04102E-1	2.38199E-3	1.63015E-2
5.21714E+0	9.04590E-1	2.44928E-3	1.66941E-2
5.21763E+0	9.07080E-1	2.42954E-3	1.67838E-2
5.21733E+0	9.05615E-1	2.45321E-3	1.65759E-2
5.21738E+0	9.06592E-1	2.45174E-3	1.67436E-2
5.21738E+0	9.06641E-1	2.45174E-3	1.70546E-2
5.21777E+0	9.06641E-1	2.40413E-3	1.64801E-2
5.21738E+0	9.08350E-1	2.45174E-3	1.67637E-2
5.21743E+0	9.08350E-1	2.44928E-3	1.68068E-2
5.21733E+0	9.08252E-1	2.45321E-3	1.66923E-2
5.21714E+0	9.06592E-1	2.44928E-3	1.64241E-2
5.21733E+0	9.06641E-1	2.45321E-3	1.69271E-2
5.21753E+0	9.07031E-1	2.44141E-3	1.61292E-2
5.21729E+0	9.04004E-1	2.45371E-3	1.64822E-2
5.21758E+0	9.07813E-1	2.43597E-3	1.66517E-2
5.21709E+0	9.08350E-1	2.44584E-3	1.64885E-2
5.21714E+0	9.11328E-1	2.44928E-3	1.70496E-2
5.21802E+0	9.09814E-1	2.34069E-3	1.64095E-2
5.21758E+0	9.11914E-1	2.43597E-3	1.66291E-2
5.21670E+0	9.11719E-1	2.38199E-3	1.71700E-2
5.21729E+0	9.11768E-1	2.45371E-3	1.69552E-2
5.21724E+0	9.14551E-1	2.45321E-3	1.70069E-2
5.21719E+0	9.08984E-1	2.45174E-3	1.67244E-2
5.21714E+0	9.12158E-1	2.44928E-3	1.72626E-2
5.21704E+0	9.12256E-1	2.44141E-3	1.72117E-2
5.21670E+0	9.14600E-1	2.38199E-3	1.67672E-2
5.21748E+0	9.09082E-1	2.44584E-3	1.63260E-2
5.21660E+0	9.11182E-1	2.35556E-3	1.66692E-2
5.21709E+0	9.10693E-1	2.44584E-3	1.65620E-2
5.21719E+0	9.08496E-1	2.45174E-3	1.67259E-2
5.21719E+0	9.10107E-1	2.45174E-3	1.66114E-2
5.21675E+0	9.09131E-1	2.39359E-3	1.65649E-2
5.21743E+0	9.09229E-1	2.44928E-3	1.65591E-2
5.21733E+0	9.09717E-1	2.45321E-3	1.68817E-2
5.21709E+0	9.09131E-1	2.44584E-3	1.65649E-2
5.21689E+0	9.08203E-1	2.42209E-3	1.63204E-2
5.21641E+0	9.08447E-1	2.28919E-3	1.69199E-2
5.21650E+0	9.05322E-1	2.32468E-3	1.63807E-2
5.21636E+0	9.05664E-1	2.26964E-3	1.64157E-2
5.21704E+0	9.05127E-1	2.44141E-3	1.64622E-2
5.21704E+0	9.03516E-1	2.44141E-3	1.63192E-2
5.21685E+0	9.03564E-1	2.41363E-3	1.62223E-2
5.21665E+0	9.03418E-1	2.36932E-3	1.70278E-2
5.21680E+0	9.05127E-1	2.40413E-3	1.63300E-2
5.21636E+0	9.03516E-1	2.26964E-3	1.61858E-2
5.21689E+0	9.02539E-1	2.42209E-3	1.66088E-2
5.21675E+0	9.01855E-1	2.39359E-3	1.62242E-2
5.21748E+0	9.01563E-1	2.44584E-3	1.64749E-2
5.21729E+0	9.01270E-1	2.45371E-3	1.63525E-2
5.21719E+0	9.01758E-1	2.45174E-3	1.63628E-2
5.21670E+0	9.01416E-1	2.38199E-3	1.62745E-2
5.21724E+0	9.00049E-1	2.45321E-3	1.64095E-2
5.21753E+0	8.98682E-1	2.44141E-3	1.66906E-2
5.21719E+0	8.99219E-1	2.45174E-3	1.61531E-2
5.21699E+0	8.98242E-1	2.43597E-3	1.64075E-2
5.21685E+0	8.97559E-1	2.41363E-3	1.65020E-2
5.21685E+0	8.98340E-1	2.41363E-3	1.64670E-2
5.21694E+0	8.97852E-1	2.42954E-3	1.61912E-2
5.21675E+0	8.96387E-1	2.39359E-3	1.66734E-2
5.21670E+0	8.99219E-1	2.38199E-3	1.61083E-2
5.21704E+0	8.98682E-1	2.44141E-3	1.65311E-2
5.21699E+0	8.99658E-1	2.43597E-3	1.64435E-2
5.21709E+0	9.00439E-1	2.44584E-3	1.65562E-2
5.21768E+0	8.99609E-1	2.42209E-3	1.65565E-2
5.21724E+0	8.99561E-1	2.45321E-3	1.63919E-2
5.21748E+0	9.00000E-1	2.44584E-3	1.63775E-2
5.21680E+0	9.00537E-1	2.40413E-3	1.63830E-2
5.21675E+0	9.00439E-1	2.39359E-3	1.64540E-2
5.21719E+0	9.02148E-1	2.45174E-3	1.61292E-2
5.21694E+0	9.00293E-1	2.42954E-3	1.62135E-2
5.21724E+0	8.98975E-1	2.45321E-3	1.63336E-2
5.21694E+0	8.99316E-1	2.42954E-3	1.66184E-2
5.21743E+0	8.99609E-1	2.44928E-3	1.66146E-2
5.21709E+0	8.99414E-1	2.44584E-3	1.62612E-2
5.21694E+0	9.01904E-1	2.42954E-3	1.69472E-2
5.21689E+0	9.01709E-1	2.42209E-3	1.61581E-2
5.21660E+0	8.99707E-1	2.35556E-3	1.61217E-2
5.21733E+0	9.02246E-1	2.45321E-3	1.60613E-2
5.21709E+0	8.99561E-1	2.44584E-3	1.64359E-2
5.21699E+0	9.00635E-1	2.43597E-3	1.64874E-2
