4.75586E+0	-8.97949E-2	0.00000E+0	2.39359E-3
4.75586E+0	-9.02344E-2	0.00000E+0	2.45174E-3
4.75571E+0	-9.02832E-2	8.37142E-4	2.45321E-3
4.75576E+0	-9.06738E-2	6.87038E-4	2.42954E-3
4.75586E+0	-9.04785E-2	0.00000E+0	2.44928E-3
4.75576E+0	-9.05273E-2	6.87038E-4	2.44584E-3
4.75586E+0	-9.07715E-2	0.00000E+0	2.41363E-3
4.75586E+0	-9.11133E-2	0.00000E+0	2.32468E-3
4.75586E+0	-9.14062E-2	0.00000E+0	2.20342E-3
4.75581E+0	-9.11133E-2	4.88281E-4	2.32468E-3
4.75581E+0	-9.14551E-2	4.88281E-4	2.17869E-3
4.75581E+0	-9.14062E-2	4.88281E-4	2.20342E-3
4.75586E+0	-9.16504E-2	0.00000E+0	2.06520E-3
4.75571E+0	-9.17969E-2	8.37142E-4	1.96296E-3
4.75586E+0	-9.17480E-2	0.00000E+0	1.99883E-3
4.75586E+0	-9.16504E-2	0.00000E+0	2.06520E-3
4.75586E+0	-9.12598E-2	0.00000E+0	2.26964E-3
4.75581E+0	-9.15039E-2	4.88281E-4	2.15256E-3
4.75586E+0	-9.12598E-2	0.00000E+0	2.26964E-3
4.75581E+0	-9.14062E-2	4.88281E-4	2.20342E-3
4.75581E+0	-9.15039E-2	4.88281E-4	2.15256E-3
4.75586E+0	-9.10645E-2	0.00000E+0	2.34069E-3
4.75586E+0	-9.06250E-2	0.00000E+0	2.43597E-3
4.75571E+0	-9.08203E-2	8.37142E-4	2.40413E-3
4.75586E+0	-9.06250E-2	0.00000E+0	2.43597E-3
4.75586E+0	-9.09668E-2	0.00000E+0	2.36932E-3
4.75586E+0	-9.08203E-2	0.00000E+0	2.40413E-3
4.75586E+0	-9.06738E-2	0.00000E+0	2.42954E-3
4.75576E+0	-9.05273E-2	6.87038E-4	2.44584E-3
4.75586E+0	-9.12109E-2	0.00000E+0	2.28919E-3
4.75586E+0	-9.12109E-2	0.00000E+0	2.28919E-3
4.75586E+0	-9.10645E-2	0.00000E+0	2.34069E-3
4.75586E+0	-9.11621E-2	0.00000E+0	2.30753E-3
4.75586E+0	-9.14551E-2	0.00000E+0	2.17869E-3
4.75581E+0	-9.11133E-2	4.88281E-4	2.32468E-3
4.75586E+0	-9.18457E-2	0.00000E+0	1.92518E-3
4.75586E+0	-9.14062E-2	0.00000E+0	2.20342E-3
4.75586E+0	-9.17480E-2	0.00000E+0	1.99883E-3
4.75581E+0	-9.16992E-2	4.88281E-4	2.03288E-3
4.75586E+0	-9.15527E-2	0.00000E+0	2.12497E-3
4.75586E+0	-9.16016E-2	0.00000E+0	2.09587E-3
4.75581E+0	-9.13574E-2	4.88281E-4	2.22680E-3
4.75586E+0	-9.11133E-2	0.00000E+0	2.32468E-3
4.75581E+0	-9.20898E-2	4.88281E-4	1.70281E-3
4.75581E+0	-9.22852E-2	4.88281E-4	1.47222E-3
4.75586E+0	-9.21875E-2	0.00000E+0	1.59472E-3
4.75586E+0	-9.18457E-2	0.00000E+0	1.92518E-3
4.75776E+0	-9.24805E-2	2.39359E-3	1.16545E-3
4.76313E+0	-9.19922E-2	2.45321E-3	1.79909E-3
4.76587E+0	-9.15039E-2	1.06955E-3	2.15256E-3
4.76948E+0	-9.08203E-2	1.99883E-3	2.40413E-3
4.77319E+0	-9.05273E-2	2.44141E-3	2.44584E-3
4.77666E+0	-8.87695E-2	2.15256E-3	1.88537E-3
4.77993E+0	-8.82324E-2	1.25211E-3	1.25211E-3
4.78335E+0	-8.81836E-2	2.36932E-3	1.16545E-3
4.78818E+0	-8.78906E-2	2.38199E-3	0.00000E+0
4.79033E+0	-8.78906E-2	1.16545E-3	0.00000E+0
4.79414E+0	-8.78906E-2	1.79909E-3	0.00000E+0
4.79521E+0	-8.77930E-2	1.16545E-3	6.87038E-4
4.79946E+0	-8.77441E-2	1.25211E-3	8.37142E-4
4.80273E+0	-8.66211E-2	2.40413E-3	2.15256E-3
4.80469E+0	-8.64746E-2	0.00000E+0	2.22680E-3
4.80469E+0	-8.57422E-2	0.00000E+0	2.43597E-3
4.80566E+0	-8.49121E-2	1.96296E-3	2.39359E-3
4.80898E+0	-8.53027E-2	1.59472E-3	2.44928E-3
4.81011E+0	-8.55469E-2	1.53548E-3	2.45174E-3
4.81313E+0	-8.51074E-2	2.17869E-3	2.42954E-3
4.81440E+0	-8.48145E-2	4.88281E-4	2.36932E-3
4.81445E+0	-8.47168E-2	0.00000E+0	2.34069E-3
4.81445E+0	-8.46191E-2	0.00000E+0	2.30753E-3
4.81572E+0	-8.50586E-2	2.15256E-3	2.42209E-3
4.81895E+0	-8.53516E-2	1.33135E-3	2.45174E-3
4.82104E+0	-8.56445E-2	2.34069E-3	2.44584E-3
4.82388E+0	-8.62793E-2	1.25211E-3	2.30753E-3
4.82466E+0	-8.59863E-2	1.40441E-3	2.39359E-3
4.82759E+0	-8.68652E-2	2.26964E-3	1.99883E-3
4.82925E+0	-8.74023E-2	1.08741E-3	1.47222E-3
4.83271E+0	-8.77930E-2	2.15256E-3	6.87038E-4
4.83403E+0	-8.77930E-2	4.88281E-4	6.87038E-4
4.83755E+0	-8.78418E-2	2.17869E-3	4.88281E-4
4.83940E+0	-8.78418E-2	1.53548E-3	4.88281E-4
4.84297E+0	-8.78906E-2	1.79909E-3	0.00000E+0
4.84492E+0	-8.78906E-2	2.09587E-3	0.00000E+0
4.84927E+0	-8.78418E-2	1.65038E-3	4.88281E-4
4.85142E+0	-8.78418E-2	2.42954E-3	4.88281E-4
4.85283E+0	-8.77930E-2	1.70281E-3	6.87038E-4
4.85352E+0	-8.77441E-2	0.00000E+0	8.37142E-4
4.85557E+0	-8.74512E-2	2.42209E-3	1.40441E-3
4.85820E+0	-8.75977E-2	9.61652E-4	1.16545E-3
4.85806E+0	-8.74023E-2	1.25211E-3	1.47222E-3
4.85820E+0	-8.72559E-2	9.61652E-4	1.65038E-3
4.85884E+0	-8.73047E-2	1.56653E-3	1.59472E-3
4.86089E+0	-8.74512E-2	2.45321E-3	1.40441E-3
4.86245E+0	-8.69629E-2	1.84338E-3	1.92518E-3
4.86196E+0	-8.70605E-2	2.17869E-3	1.84338E-3
4.86167E+0	-8.61328E-2	2.30753E-3	2.35556E-3
4.86138E+0	-8.70605E-2	2.39359E-3	1.84338E-3
4.86172E+0	-8.69629E-2	2.28919E-3	1.92518E-3
4.86167E+0	-8.71582E-2	2.30753E-3	1.75230E-3
4.86162E+0	-8.66211E-2	2.32468E-3	2.15256E-3
4.86157E+0	-8.74023E-2	2.34069E-3	1.47222E-3
4.86133E+0	-8.71582E-2	2.40413E-3	1.75230E-3
4.86118E+0	-8.64258E-2	2.42954E-3	2.24886E-3
4.86162E+0	-8.64258E-2	2.32468E-3	2.24886E-3
4.86196E+0	-8.62305E-2	2.17869E-3	2.32468E-3
4.86172E+0	-8.67187E-2	2.28919E-3	2.09587E-3
4.86157E+0	-8.68164E-2	2.34069E-3	2.03288E-3
4.86162E+0	-8.74512E-2	2.32468E-3	1.40441E-3
4.86152E+0	-8.76465E-2	2.35556E-3	1.06955E-3
4.86167E+0	-8.71582E-2	2.30753E-3	1.75230E-3
4.86182E+0	-8.71094E-2	2.24886E-3	1.79909E-3
4.86104E+0	-8.69629E-2	2.44584E-3	1.92518E-3
4.86196E+0	-8.73047E-2	2.17869E-3	1.59472E-3
4.86255E+0	-8.74512E-2	1.75230E-3	1.40441E-3
4.86377E+0	-8.70117E-2	1.47222E-3	1.88537E-3
4.86851E+0	-8.53516E-2	3.12344E-3	2.45174E-3
4.87803E+0	-8.27637E-2	2.19247E-3	1.27498E-3
4.88521E+0	-7.80273E-2	2.54949E-3	2.19247E-3
4.88970E+0	-7.04590E-2	2.41363E-3	2.79809E-3
4.89209E+0	-6.76758E-2	1.47222E-3	1.70281E-3
4.89219E+0	-6.67969E-2	1.33135E-3	2.28919E-3
4.89248E+0	-6.59180E-2	6.87038E-4	2.45371E-3
4.89302E+0	-6.26465E-2	1.40441E-3	2.20069E-3
4.89404E+0	-6.04980E-2	2.24886E-3	2.39359E-3
4.89419E+0	-5.91797E-2	2.30753E-3	1.99702E-3
4.89438E+0	-5.88867E-2	2.36932E-3	1.81242E-3
4.89443E+0	-5.90820E-2	2.38199E-3	2.24886E-3
4.89414E+0	-5.78613E-2	2.28919E-3	2.12497E-3
4.89551E+0	-5.76172E-2	2.40413E-3	2.19466E-3
4.89746E+0	-5.23926E-2	0.00000E+0	3.85505E-3
4.89863E+0	-4.49219E-2	2.09587E-3	3.47006E-3
4.90327E+0	-3.70605E-2	1.92518E-3	4.66049E-3
4.91001E+0	-9.91211E-3	2.42954E-3	8.39884E-3
4.91499E+0	1.56738E-2	2.41363E-3	7.70620E-3
4.91694E+0	3.07129E-2	4.88281E-4	4.40548E-3
4.91719E+0	4.55078E-2	9.61652E-4	8.20815E-3
4.92041E+0	6.88477E-2	2.24886E-3	7.36112E-3
4.92231E+0	9.14551E-2	1.40441E-3	8.96473E-3
4.92666E+0	1.24609E-1	1.19805E-3	1.17876E-2
4.92876E+0	1.61133E-1	2.41363E-3	1.09733E-2
4.93130E+0	1.80615E-1	1.25211E-3	7.19551E-3
4.93135E+0	1.88184E-1	1.16545E-3	6.48893E-3
4.93149E+0	1.91943E-1	8.37142E-4	6.27285E-3
4.93140E+0	1.92432E-1	1.06955E-3	6.17223E-3
4.93154E+0	1.94434E-1	6.87038E-4	6.26075E-3
4.93169E+0	1.98486E-1	4.88281E-4	7.80186E-3
4.93491E+0	2.24072E-1	2.30753E-3	1.41534E-2
4.93652E+0	2.63818E-1	0.00000E+0	1.32310E-2
4.93687E+0	2.85156E-1	1.25211E-3	8.66822E-3
4.93696E+0	2.90869E-1	1.40441E-3	9.02897E-3
4.93950E+0	3.05566E-1	2.39359E-3	9.59597E-3
4.94111E+0	3.15576E-1	1.16545E-3	8.57478E-3
4.94126E+0	3.20850E-1	8.37142E-4	9.69869E-3
4.94185E+0	3.36816E-1	1.40441E-3	1.11254E-2
4.94375E+0	3.50879E-1	2.45174E-3	9.71667E-3
4.94385E+0	3.55615E-1	2.45371E-3	9.31258E-3
4.94365E+0	3.57715E-1	2.44584E-3	9.70676E-3
4.94346E+0	3.60840E-1	2.42209E-3	9.70378E-3
4.94541E+0	3.60840E-1	1.88537E-3	9.72856E-3
4.94663E+0	3.73437E-1	1.25211E-3	1.26356E-2
4.95200E+0	3.97021E-1	2.20069E-3	1.21936E-2
4.95601E+0	4.29785E-1	4.88281E-4	1.63937E-2
4.95625E+0	4.52295E-1	9.61652E-4	1.25433E-2
4.95669E+0	4.68701E-1	1.65038E-3	1.11149E-2
4.95669E+0	4.70752E-1	1.65038E-3	1.04124E-2
4.95732E+0	4.70898E-1	2.15256E-3	1.08479E-2
4.95708E+0	4.75049E-1	1.99883E-3	1.10236E-2
4.95708E+0	4.77783E-1	1.99883E-3	1.09155E-2
4.95674E+0	4.77539E-1	1.70281E-3	1.13827E-2
4.95645E+0	4.81104E-1	1.33135E-3	1.08064E-2
4.95693E+0	4.80322E-1	1.88537E-3	1.10096E-2
4.95640E+0	4.79785E-1	1.25211E-3	1.09650E-2
4.95679E+0	4.80469E-1	1.75230E-3	1.08408E-2
4.95679E+0	4.77051E-1	1.75230E-3	1.08075E-2
4.95693E+0	4.78271E-1	1.88537E-3	1.09155E-2
4.95669E+0	4.80225E-1	1.65038E-3	1.06701E-2
4.95645E+0	4.81543E-1	1.33135E-3	1.09245E-2
4.95732E+0	4.79785E-1	2.15256E-3	1.06756E-2
4.95815E+0	4.80908E-1	2.42954E-3	1.08073E-2
4.96216E+0	4.95117E-1	2.44141E-3	1.27025E-2
4.96743E+0	5.19531E-1	2.30753E-3	1.34931E-2
4.97021E+0	5.34229E-1	1.47222E-3	1.24748E-2
4.97026E+0	5.41113E-1	1.40441E-3	1.22662E-2
4.97144E+0	5.49707E-1	1.88473E-3	1.25917E-2
4.97505E+0	5.61523E-1	1.53548E-3	1.20006E-2
4.97490E+0	5.67383E-1	1.70281E-3	1.26835E-2
4.97559E+0	5.76074E-1	0.00000E+0	1.33131E-2
4.97559E+0	5.82471E-1	0.00000E+0	1.27081E-2
4.97559E+0	5.88281E-1	0.00000E+0	1.27305E-2
4.97568E+0	5.97168E-1	6.87038E-4	1.29187E-2
4.97925E+0	6.07910E-1	2.12497E-3	1.35199E-2
4.98433E+0	6.23633E-1	1.99883E-3	1.46415E-2
4.98555E+0	6.33496E-1	9.61652E-4	1.43179E-2
4.98550E+0	6.40332E-1	8.37142E-4	1.46734E-2
4.98608E+0	6.45361E-1	1.75230E-3	1.46576E-2
4.98662E+0	6.48096E-1	2.15256E-3	1.47362E-2
4.98960E+0	6.53516E-1	1.65038E-3	1.45696E-2
4.99023E+0	6.58887E-1	0.00000E+0	1.39809E-2
4.99023E+0	6.61621E-1	0.00000E+0	1.35732E-2
4.99116E+0	6.65625E-1	1.92518E-3	1.35088E-2
4.99497E+0	6.71875E-1	8.37142E-4	1.34753E-2
4.99507E+0	6.75928E-1	4.88281E-4	1.35866E-2
4.99512E+0	6.80859E-1	0.00000E+0	1.41606E-2
4.99600E+0	6.87744E-1	1.88537E-3	1.36418E-2
4.99785E+0	6.91406E-1	2.43597E-3	1.34931E-2
4.99995E+0	6.96143E-1	4.88281E-4	1.36926E-2
5.00015E+0	6.97559E-1	8.37142E-4	1.37411E-2
5.00381E+0	7.03369E-1	2.03288E-3	1.38172E-2
5.00508E+0	7.08008E-1	9.61652E-4	1.43746E-2
5.00762E+0	7.13818E-1	2.43597E-3	1.36827E-2
5.00967E+0	7.16309E-1	6.87038E-4	1.46155E-2
5.01162E+0	7.22852E-1	2.38199E-3	1.38789E-2
5.01455E+0	7.25391E-1	6.87038E-4	1.41776E-2
5.01465E+0	7.27100E-1	0.00000E+0	1.43259E-2
5.01699E+0	7.30371E-1	2.45174E-3	1.45110E-2
5.02080E+0	7.34180E-1	2.15256E-3	1.47144E-2
5.02437E+0	7.37598E-1	4.88281E-4	1.44884E-2
5.02466E+0	7.37598E-1	1.06955E-3	1.41009E-2
5.02446E+0	7.38330E-1	4.88281E-4	1.47760E-2
5.02495E+0	7.39355E-1	1.53548E-3	1.46432E-2
5.02764E+0	7.37451E-1	2.32468E-3	1.44824E-2
5.02939E+0	7.38574E-1	6.87038E-4	1.45183E-2
5.03057E+0	7.38184E-1	2.15256E-3	1.40934E-2
5.03359E+0	7.37793E-1	1.59472E-3	1.48768E-2
5.03418E+0	7.37256E-1	0.00000E+0	1.43829E-2
5.03418E+0	7.37695E-1	0.00000E+0	1.42007E-2
5.03423E+0	7.38281E-1	4.88281E-4	1.46402E-2
5.03423E+0	7.39258E-1	4.88281E-4	1.48038E-2
5.03633E+0	7.39990E-1	2.43597E-3	1.50038E-2
5.03872E+0	7.41260E-1	1.25211E-3	1.44030E-2
5.03906E+0	7.42480E-1	0.00000E+0	1.44884E-2
5.03921E+0	7.43945E-1	8.37142E-4	1.45663E-2
5.03936E+0	7.42676E-1	1.16545E-3	1.43830E-2
5.04014E+0	7.41553E-1	2.03288E-3	1.44524E-2
5.04326E+0	7.39893E-1	1.70281E-3	1.46641E-2
5.04463E+0	7.37891E-1	1.70281E-3	1.47105E-2
5.04790E+0	7.36377E-1	1.92518E-3	1.46516E-2
5.04888E+0	7.35889E-1	4.88281E-4	1.44797E-2
5.04927E+0	7.35156E-1	1.40441E-3	1.48090E-2
5.05259E+0	7.34521E-1	2.06520E-3	1.44790E-2
5.05371E+0	7.32715E-1	0.00000E+0	1.43548E-2
5.05439E+0	7.30615E-1	1.70281E-3	1.43185E-2
5.05674E+0	7.27539E-1	2.38199E-3	1.40184E-2
5.05684E+0	7.24756E-1	2.35556E-3	1.41425E-2
5.05811E+0	7.25586E-1	1.47222E-3	1.42061E-2
5.06157E+0	7.28760E-1	2.39359E-3	1.44310E-2
5.06348E+0	7.32422E-1	0.00000E+0	1.43746E-2
5.06348E+0	7.34277E-1	0.00000E+0	1.47023E-2
5.06348E+0	7.35693E-1	0.00000E+0	1.43923E-2
5.06377E+0	7.36377E-1	1.67428E-3	1.44863E-2
5.06865E+0	7.34961E-1	4.89857E-3	1.43994E-2
5.07314E+0	7.33301E-1	9.76562E-4	1.45805E-2
5.07329E+0	7.31348E-1	4.88281E-4	1.44011E-2
5.07329E+0	7.29395E-1	4.88281E-4	1.44545E-2
5.07334E+0	7.26172E-1	6.87038E-4	1.42751E-2
5.07354E+0	7.25684E-1	1.16545E-3	1.41854E-2
5.07622E+0	7.26465E-1	2.39359E-3	1.44345E-2
5.07710E+0	7.25635E-1	1.99883E-3	1.43729E-2
5.07783E+0	7.25146E-1	1.16545E-3	1.45328E-2
5.07813E+0	7.26465E-1	0.00000E+0	1.45342E-2
5.07881E+0	7.28613E-1	1.70281E-3	1.48295E-2
5.08325E+0	7.34082E-1	1.60900E-3	1.45283E-2
5.08735E+0	7.41943E-1	1.53548E-3	1.46464E-2
5.08833E+0	7.52051E-1	1.40441E-3	1.49653E-2
5.09165E+0	7.57324E-1	2.06520E-3	1.46484E-2
5.09258E+0	7.63525E-1	9.61652E-4	1.51520E-2
5.09277E+0	7.64844E-1	0.00000E+0	1.52291E-2
5.09502E+0	7.72559E-1	2.44584E-3	1.51984E-2
5.09761E+0	7.79346E-1	4.88281E-4	1.46385E-2
5.09766E+0	7.82422E-1	0.00000E+0	1.49675E-2
5.09780E+0	7.87109E-1	8.37142E-4	1.48201E-2
5.09814E+0	7.89600E-1	1.47222E-3	1.46121E-2
5.09800E+0	7.91016E-1	1.25211E-3	1.47712E-2
5.10049E+0	7.95703E-1	2.42209E-3	1.47209E-2
5.10313E+0	8.00244E-1	1.59472E-3	1.53453E-2
5.10728E+0	8.08691E-1	8.37142E-4	1.65952E-2
5.10835E+0	8.14209E-1	1.92518E-3	1.70475E-2
5.10859E+0	8.17871E-1	2.09587E-3	1.78632E-2
5.10859E+0	8.16895E-1	2.09587E-3	1.71479E-2
5.10879E+0	8.19287E-1	2.20342E-3	1.74789E-2
5.10864E+0	8.18164E-1	2.12497E-3	1.77119E-2
5.10801E+0	8.18945E-1	1.59472E-3	1.72819E-2
5.10820E+0	8.21631E-1	1.79909E-3	1.77192E-2
5.11035E+0	8.25732E-1	2.40413E-3	1.77061E-2
5.11421E+0	8.34277E-1	2.39359E-3	1.82701E-2
5.11719E+0	8.39502E-1	0.00000E+0	1.76019E-2
5.11719E+0	8.44238E-1	0.00000E+0	1.77822E-2
5.11719E+0	8.47070E-1	0.00000E+0	1.71054E-2
5.11719E+0	8.48291E-1	0.00000E+0	1.71107E-2
5.11953E+0	8.55420E-1	2.45174E-3	1.65649E-2
5.12354E+0	8.63916E-1	2.24886E-3	1.59812E-2
5.12485E+0	8.67725E-1	2.42954E-3	1.61914E-2
5.12397E+0	8.71191E-1	2.39359E-3	1.59951E-2
5.12437E+0	8.72461E-1	2.44928E-3	1.58849E-2
5.12412E+0	8.73633E-1	2.42209E-3	1.58211E-2
5.12417E+0	8.73096E-1	2.42954E-3	1.60630E-2
5.12432E+0	8.73389E-1	2.44584E-3	1.57138E-2
5.12388E+0	8.72998E-1	2.36932E-3	1.59818E-2
5.12446E+0	8.75244E-1	2.45321E-3	1.58772E-2
5.12432E+0	8.75830E-1	2.44584E-3	1.58511E-2
5.12437E+0	8.75195E-1	2.44928E-3	1.61292E-2
5.12441E+0	8.77002E-1	2.45174E-3	1.62003E-2
5.12407E+0	8.77686E-1	2.41363E-3	1.55554E-2
5.12422E+0	8.76514E-1	2.43597E-3	1.57113E-2
5.12451E+0	8.76807E-1	2.45371E-3	1.60714E-2
5.12686E+0	8.79590E-1	6.87038E-4	1.63354E-2
5.12798E+0	8.83203E-1	1.99883E-3	1.62209E-2
5.13145E+0	8.85889E-1	1.33135E-3	1.68612E-2
5.13184E+0	8.88330E-1	0.00000E+0	1.66311E-2
5.13154E+0	8.91260E-1	1.16545E-3	1.69210E-2
5.13154E+0	8.89355E-1	1.16545E-3	1.63059E-2
5.13140E+0	8.88525E-1	1.40441E-3	1.64007E-2
5.13208E+0	8.93066E-1	1.27498E-3	1.61199E-2
5.13569E+0	8.91650E-1	1.99883E-3	1.62300E-2
5.13672E+0	8.95166E-1	0.00000E+0	1.64388E-2
5.13672E+0	8.96387E-1	0.00000E+0	1.59197E-2
5.13672E+0	8.95410E-1	0.00000E+0	1.62728E-2
5.13672E+0	8.95898E-1	0.00000E+0	1.66488E-2
5.13672E+0	8.96436E-1	0.00000E+0	1.65125E-2
5.13804E+0	8.99707E-1	2.17869E-3	1.65929E-2
5.14136E+0	9.01514E-1	1.06955E-3	1.65788E-2
5.14287E+0	9.04395E-1	2.15256E-3	1.63878E-2
5.14619E+0	9.05371E-1	1.35644E-3	1.63819E-2
5.14951E+0	9.09082E-1	2.38199E-3	1.65458E-2
5.15137E+0	9.07422E-1	0.00000E+0	1.65653E-2
5.15137E+0	9.12793E-1	0.00000E+0	1.71243E-2
5.15137E+0	9.14258E-1	0.00000E+0	1.67158E-2
5.15142E+0	9.14990E-1	4.88281E-4	1.64804E-2
5.15293E+0	9.12744E-1	2.28919E-3	1.67896E-2
5.15625E+0	9.09570E-1	0.00000E+0	1.68301E-2
5.15737E+0	9.15771E-1	2.06520E-3	1.64581E-2
5.16255E+0	9.17236E-1	2.22680E-3	1.67482E-2
5.16602E+0	9.15186E-1	0.00000E+0	1.64856E-2
5.16611E+0	9.14453E-1	6.87038E-4	1.66575E-2
5.16782E+0	9.14502E-1	2.36932E-3	1.69045E-2
5.17021E+0	9.15869E-1	1.70281E-3	1.66021E-2
5.17090E+0	9.15723E-1	0.00000E+0	1.63855E-2
5.17158E+0	9.14746E-1	1.70281E-3	1.64266E-2
5.17471E+0	9.12744E-1	2.03288E-3	1.68897E-2
5.17578E+0	9.09619E-1	0.00000E+0	1.66027E-2
5.17612E+0	9.09521E-1	1.25211E-3	1.66831E-2
5.18013E+0	9.09180E-1	1.53548E-3	1.67859E-2
5.18301E+0	9.05664E-1	2.45174E-3	1.64010E-2
5.18560E+0	9.01172E-1	4.88281E-4	1.65012E-2
5.18735E+0	8.98242E-1	2.36932E-3	1.63192E-2
5.19028E+0	8.96289E-1	8.37142E-4	1.62512E-2
5.19053E+0	8.94580E-1	6.87038E-4	1.63689E-2
5.19360E+0	8.93604E-1	2.34069E-3	1.63129E-2
5.19536E+0	8.91406E-1	4.88281E-4	1.62660E-2
5.19766E+0	8.91504E-1	2.45174E-3	1.62343E-2
5.20054E+0	8.92627E-1	1.25211E-3	1.61378E-2
5.20225E+0	8.91943E-1	2.42209E-3	1.66571E-2
5.20444E+0	8.94336E-1	1.65038E-3	1.60933E-2
5.20435E+0	8.96143E-1	1.75230E-3	1.64007E-2
5.20488E+0	8.96289E-1	9.61652E-4	1.62512E-2
5.20679E+0	8.94775E-1	2.34069E-3	1.63406E-2
5.21089E+0	8.94678E-1	1.92518E-3	1.64798E-2
5.21455E+0	8.93359E-1	1.16545E-3	1.62896E-2
5.21479E+0	8.93018E-1	4.88281E-4	1.64071E-2
5.21484E+0	8.91650E-1	0.00000E+0	1.69131E-2
5.21475E+0	8.92236E-1	6.87038E-4	1.61849E-2
5.21484E+0	8.94531E-1	0.00000E+0	1.64087E-2
5.21499E+0	8.96924E-1	8.37142E-4	1.64335E-2
5.21753E+0	8.94336E-1	2.44141E-3	1.61829E-2
5.21924E+0	8.95264E-1	1.47222E-3	1.72999E-2
5.21978E+0	8.98145E-1	4.88281E-4	1.71243E-2
5.22241E+0	8.95654E-1	2.44141E-3	1.71725E-2
5.22456E+0	8.93457E-1	4.88281E-4	1.66560E-2
5.22607E+0	8.94043E-1	2.24886E-3	1.69501E-2
5.22935E+0	8.93848E-1	8.37142E-4	1.62734E-2
5.22939E+0	8.91846E-1	6.87038E-4	1.68771E-2
5.22944E+0	8.88867E-1	4.88281E-4	1.62452E-2
5.22949E+0	8.89404E-1	0.00000E+0	1.62075E-2
5.23027E+0	8.88232E-1	1.79909E-3	1.65852E-2
5.23398E+0	8.89404E-1	1.33135E-3	1.63554E-2
5.23496E+0	8.85693E-1	1.59472E-3	1.60959E-2
5.23662E+0	8.83936E-1	2.44584E-3	1.68497E-2
5.23784E+0	8.82812E-1	2.22680E-3	1.60975E-2
5.23862E+0	8.80957E-1	1.65038E-3	1.57830E-2
5.23970E+0	8.80615E-1	1.40441E-3	1.61926E-2
5.24370E+0	8.79639E-1	1.40441E-3	1.58924E-2
5.24556E+0	8.78467E-1	2.22680E-3	1.56745E-2
5.24873E+0	8.76563E-1	1.16545E-3	1.63569E-2
5.24902E+0	8.75098E-1	0.00000E+0	1.58043E-2
5.24922E+0	8.74121E-1	9.61652E-4	1.63201E-2
5.25000E+0	8.72607E-1	1.96296E-3	1.63100E-2
5.25293E+0	8.72998E-1	1.96296E-3	1.60570E-2
5.25391E+0	8.70508E-1	0.00000E+0	1.61882E-2
5.25391E+0	8.72510E-1	0.00000E+0	1.60780E-2
5.25596E+0	8.74365E-1	3.99766E-3	1.60564E-2
5.25986E+0	8.74512E-1	4.78718E-3	1.57726E-2
5.26299E+0	8.74756E-1	2.50422E-3	1.59830E-2
5.26318E+0	8.77051E-1	2.13909E-3	1.57616E-2
5.26426E+0	8.78662E-1	1.59472E-3	1.55863E-2
5.26987E+0	8.77295E-1	2.38956E-3	1.56123E-2
5.27349E+0	8.74805E-1	4.88281E-4	1.58824E-2
5.27378E+0	8.72656E-1	1.25211E-3	1.59333E-2
5.27485E+0	8.71631E-1	2.22680E-3	1.58942E-2
5.27798E+0	8.71143E-1	1.25211E-3	1.61587E-2
5.27871E+0	8.72021E-1	1.33135E-3	1.54734E-2
5.28218E+0	8.71973E-1	1.99883E-3	1.60403E-2
5.28286E+0	8.71631E-1	1.25211E-3	1.56036E-2
5.28301E+0	8.68701E-1	9.61652E-4	1.60840E-2
5.28315E+0	8.65918E-1	4.88281E-4	1.59656E-2
5.28315E+0	8.65869E-1	4.88281E-4	1.58875E-2
5.28301E+0	8.64014E-1	9.61652E-4	1.59226E-2
5.28481E+0	8.66504E-1	2.40963E-3	1.62081E-2
5.28901E+0	8.69434E-1	1.92518E-3	1.61247E-2
5.29277E+0	8.66846E-1	9.61652E-4	1.61789E-2
5.29307E+0	8.71191E-1	6.87038E-4	1.58894E-2
5.29312E+0	8.71191E-1	8.37142E-4	1.59348E-2
5.29307E+0	8.70166E-1	6.87038E-4	1.60420E-2
5.29375E+0	8.66748E-1	1.79909E-3	1.57113E-2
5.29741E+0	8.65381E-1	1.40441E-3	1.63182E-2
5.29834E+0	8.65625E-1	1.47222E-3	1.61435E-2
5.29849E+0	8.63867E-1	1.65038E-3	1.61674E-2
5.29873E+0	8.64355E-1	1.88537E-3	1.68000E-2
5.29907E+0	8.58105E-1	2.12497E-3	1.64031E-2
5.29863E+0	8.62256E-1	1.79909E-3	1.65125E-2
5.29888E+0	8.63135E-1	1.99883E-3	1.58845E-2
5.29893E+0	8.63184E-1	2.03288E-3	1.59560E-2
5.29897E+0	8.61914E-1	2.06520E-3	1.56804E-2
5.29912E+0	8.63379E-1	2.15256E-3	1.61778E-2
5.29878E+0	8.66260E-1	1.92518E-3	1.60840E-2
5.29917E+0	8.64111E-1	2.17869E-3	1.60594E-2
5.29927E+0	8.64648E-1	2.22680E-3	1.59121E-2
5.29878E+0	8.61084E-1	1.92518E-3	1.60582E-2
5.29873E+0	8.68896E-1	1.88537E-3	1.66906E-2
5.29902E+0	8.65088E-1	2.09587E-3	1.59480E-2
5.29937E+0	8.67285E-1	2.26964E-3	1.55771E-2
5.30034E+0	8.66357E-1	2.45321E-3	1.61610E-2
5.30278E+0	8.68018E-1	1.09623E-3	1.58693E-2
5.30771E+0	8.64893E-1	1.96051E-3	1.57444E-2
5.31240E+0	8.62598E-1	6.87038E-4	1.59958E-2
5.31250E+0	8.62109E-1	0.00000E+0	1.59369E-2
5.31265E+0	8.60498E-1	8.37142E-4	1.59903E-2
5.31494E+0	8.55420E-1	2.45371E-3	1.69102E-2
5.31504E+0	8.54346E-1	2.45174E-3	1.68925E-2
5.31509E+0	8.56299E-1	2.44928E-3	1.64476E-2
5.31646E+0	8.55859E-1	1.92518E-3	1.65268E-2
5.31724E+0	8.54980E-1	8.37142E-4	1.64160E-2
5.31738E+0	8.53516E-1	0.00000E+0	1.68289E-2
5.31777E+0	8.51660E-1	1.33135E-3	1.67310E-2
5.32192E+0	8.47852E-1	1.59094E-3	1.75644E-2
5.32544E+0	8.41064E-1	2.34069E-3	1.76445E-2
5.32715E+0	8.36328E-1	0.00000E+0	1.76541E-2
5.32842E+0	8.30078E-1	2.15256E-3	1.78295E-2
5.33188E+0	8.23193E-1	8.37142E-4	1.75036E-2
5.33354E+0	8.14209E-1	2.26964E-3	1.71742E-2
5.33691E+0	8.02002E-1	0.00000E+0	1.56634E-2
5.33911E+0	7.92188E-1	2.44141E-3	1.50478E-2
5.34160E+0	7.83545E-1	9.61652E-4	1.44157E-2
5.34180E+0	7.77637E-1	0.00000E+0	1.46175E-2
5.34180E+0	7.73437E-1	0.00000E+0	1.46731E-2
5.34219E+0	7.67725E-1	1.33135E-3	1.50595E-2
5.34487E+0	7.61182E-1	2.36932E-3	1.44564E-2
5.34556E+0	7.57324E-1	2.06520E-3	1.46484E-2
5.34731E+0	7.49463E-1	1.65038E-3	1.48281E-2
5.35186E+0	7.34131E-1	1.35644E-3	1.50518E-2
5.35513E+0	7.19287E-1	2.17869E-3	1.46516E-2
5.35654E+0	7.02148E-1	6.87038E-4	1.39840E-2
5.36089E+0	6.84521E-1	2.51142E-3	1.43695E-2
5.36572E+0	6.63037E-1	1.47222E-3	1.55696E-2
5.36729E+0	6.37305E-1	2.03288E-3	1.52916E-2
5.37100E+0	6.18652E-1	9.76562E-4	1.50538E-2
5.37432E+0	5.98535E-1	2.32468E-3	1.45607E-2
5.37739E+0	5.66260E-1	2.22680E-3	1.48437E-2
5.38350E+0	5.21094E-1	2.44584E-3	1.63216E-2
5.38994E+0	4.78906E-1	1.70281E-3	1.49926E-2
5.39087E+0	4.49316E-1	1.06955E-3	1.52206E-2
5.39180E+0	4.21973E-1	2.09587E-3	1.32260E-2
5.39468E+0	3.97021E-1	1.84338E-3	1.22527E-2
5.39551E+0	3.72119E-1	0.00000E+0	1.23233E-2
5.39722E+0	3.50586E-1	2.34069E-3	1.01999E-2
5.40005E+0	3.27734E-1	1.25211E-3	1.12610E-2
5.40249E+0	3.00586E-1	2.42954E-3	1.09364E-2
5.40527E+0	2.81055E-1	0.00000E+0	1.01364E-2
5.40664E+0	2.43652E-1	2.20342E-3	1.48930E-2
5.41050E+0	2.08740E-1	1.59094E-3	1.02558E-2
5.41475E+0	1.78076E-1	1.16545E-3	9.97195E-3
5.41504E+0	1.55371E-1	0.00000E+0	8.28117E-3
5.41592E+0	1.35889E-1	1.88537E-3	7.34654E-3
5.41851E+0	1.20996E-1	2.22680E-3	5.70527E-3
5.41978E+0	1.14209E-1	8.37142E-4	4.95114E-3
5.42017E+0	1.01318E-1	1.06955E-3	6.41258E-3
5.42324E+0	8.54980E-2	2.28919E-3	6.06993E-3
5.42495E+0	7.33398E-2	1.08741E-3	4.38822E-3
5.42861E+0	5.99121E-2	2.03288E-3	6.93509E-3
5.43267E+0	3.57910E-2	2.39359E-3	6.62246E-3
5.43486E+0	1.91895E-2	1.16545E-3	4.72005E-3
5.43882E+0	5.61523E-3	1.92017E-3	5.43705E-3
5.44307E+0	-3.66211E-3	2.15256E-3	3.05484E-3
5.44404E+0	-8.34961E-3	1.16545E-3	2.71420E-3
5.44404E+0	-1.20117E-2	1.16545E-3	2.44584E-3
5.44434E+0	-1.48926E-2	0.00000E+0	3.13268E-3
5.44624E+0	-2.05078E-2	2.39359E-3	3.10372E-3
5.45273E+0	-2.61719E-2	4.71111E-3	2.64454E-3
5.45898E+0	-2.98828E-2	0.00000E+0	2.33089E-3
5.45898E+0	-3.44727E-2	0.00000E+0	3.38718E-3
5.46035E+0	-3.95020E-2	2.20342E-3	1.97459E-3
5.46367E+0	-4.10645E-2	9.61652E-4	2.41363E-3
5.46528E+0	-4.16504E-2	2.22680E-3	2.44928E-3
5.46851E+0	-4.19434E-2	1.27498E-3	2.41363E-3
5.47100E+0	-4.30664E-2	2.44584E-3	1.88537E-3
5.47363E+0	-4.49219E-2	0.00000E+0	1.96296E-3
5.47397E+0	-4.49219E-2	1.25211E-3	1.96296E-3
5.47734E+0	-4.43848E-2	2.09587E-3	1.56653E-3
5.47866E+0	-4.50684E-2	8.37142E-4	2.06520E-3
5.48320E+0	-4.35059E-2	2.58933E-3	1.56653E-3
5.48843E+0	-4.10156E-2	1.46484E-3	2.59676E-3
5.49292E+0	-3.46191E-2	1.06955E-3	3.18755E-3
5.49561E+0	-3.16406E-2	2.45371E-3	2.54808E-3
5.49795E+0	-3.06641E-2	6.87038E-4	2.20342E-3
5.49805E+0	-2.91016E-2	0.00000E+0	1.53939E-3
5.49814E+0	-2.86621E-2	6.87038E-4	2.04174E-3
5.49878E+0	-2.86621E-2	1.75230E-3	1.92017E-3
5.49956E+0	-3.00293E-2	2.26964E-3	2.12497E-3
5.50078E+0	-2.78320E-2	2.43597E-3	2.24886E-3
5.50190E+0	-2.73926E-2	1.99883E-3	2.39359E-3
5.50166E+0	-2.93457E-2	2.15256E-3	2.13853E-3
5.50210E+0	-2.72461E-2	1.84338E-3	2.42209E-3
5.50293E+0	-2.69531E-2	0.00000E+0	2.45174E-3
5.50298E+0	-2.55859E-2	4.88281E-4	2.41612E-3
5.50293E+0	-2.45605E-2	0.00000E+0	1.62093E-3
5.50298E+0	-2.58789E-2	4.88281E-4	2.24886E-3
5.50303E+0	-2.66113E-2	6.87038E-4	2.44141E-3
5.50308E+0	-2.77344E-2	8.37142E-4	2.28919E-3
5.50347E+0	-2.73437E-2	1.53548E-3	2.40413E-3
5.50503E+0	-2.69043E-2	2.42954E-3	2.45321E-3
5.50752E+0	-2.63184E-2	1.16545E-3	2.39359E-3
5.50786E+0	-2.63672E-2	4.88281E-4	2.40413E-3
5.50835E+0	-2.41699E-2	1.53548E-3	2.72129E-3
5.51138E+0	-2.29492E-2	2.17869E-3	2.24886E-3
5.51289E+0	-2.20703E-2	9.61652E-4	2.64090E-3
5.51558E+0	-1.96777E-2	2.41363E-3	3.13883E-3
5.51758E+0	-1.85059E-2	0.00000E+0	2.80153E-3
5.51816E+0	-1.55273E-2	1.59472E-3	3.13307E-3
5.52251E+0	-1.37207E-2	1.09623E-3	2.74946E-3
5.52261E+0	-1.49414E-2	8.37142E-4	3.08972E-3
5.52271E+0	-1.73828E-2	1.06955E-3	2.53291E-3
5.52446E+0	-1.75293E-2	2.41363E-3	2.60555E-3
5.52485E+0	-1.73340E-2	2.45321E-3	3.35539E-3
5.52622E+0	-1.80176E-2	2.06520E-3	2.83570E-3
5.52749E+0	-1.98242E-2	1.08741E-3	3.08972E-3
5.53145E+0	-2.16309E-2	1.79909E-3	2.79809E-3
5.53223E+0	-2.34863E-2	0.00000E+0	2.37338E-3
5.53228E+0	-2.40234E-2	4.88281E-4	2.37186E-3
5.53408E+0	-2.65137E-2	2.38199E-3	2.42954E-3
5.53613E+0	-2.76855E-2	1.96296E-3	2.30753E-3
5.53711E+0	-2.85645E-2	0.00000E+0	1.88473E-3
5.53828E+0	-3.07617E-2	2.09587E-3	2.45371E-3
5.54004E+0	-3.20801E-2	2.40413E-3	2.88287E-3
5.54185E+0	-3.54004E-2	8.37142E-4	3.20864E-3
5.54204E+0	-3.65234E-2	4.88281E-4	2.64090E-3
5.54253E+0	-3.77441E-2	1.53548E-3	2.17869E-3
5.54268E+0	-3.69141E-2	1.70281E-3	2.62627E-3
5.54346E+0	-3.94043E-2	2.24886E-3	1.86933E-3
5.54409E+0	-3.91602E-2	2.42954E-3	1.83356E-3
5.54639E+0	-4.05762E-2	1.47222E-3	2.26964E-3
5.54688E+0	-4.20898E-2	0.00000E+0	2.38199E-3
5.54697E+0	-4.35059E-2	6.87038E-4	1.56653E-3
5.54863E+0	-4.44336E-2	2.35556E-3	1.90063E-3
5.55166E+0	-4.69238E-2	6.87038E-4	2.39359E-3
5.55176E+0	-4.85352E-2	0.00000E+0	1.35644E-3
5.55176E+0	-4.86328E-2	0.00000E+0	9.61652E-4
5.55337E+0	-4.93164E-2	2.30753E-3	1.76939E-3
5.55703E+0	-5.43945E-2	1.65402E-3	2.59861E-3
5.56084E+0	-5.96680E-2	1.70281E-3	2.25741E-3
5.56177E+0	-6.34277E-2	1.06955E-3	1.09623E-3
5.56235E+0	-6.37695E-2	1.84338E-3	1.35644E-3
5.56255E+0	-6.41602E-2	1.99883E-3	1.70281E-3
5.56265E+0	-6.52832E-2	2.06520E-3	2.36932E-3
5.56313E+0	-6.56250E-2	2.30753E-3	2.43597E-3
5.56367E+0	-6.59180E-2	2.43597E-3	2.45371E-3
5.56357E+0	-6.62109E-2	2.42209E-3	2.43597E-3
5.56475E+0	-6.72363E-2	2.32468E-3	2.06520E-3
5.56479E+0	-6.73828E-2	2.30753E-3	1.96296E-3
5.56606E+0	-6.81641E-2	1.25211E-3	9.61652E-4
5.56724E+0	-6.83594E-2	1.84338E-3	6.94013E-4
5.57095E+0	-7.02637E-2	1.25211E-3	2.39359E-3
5.57129E+0	-7.27539E-2	0.00000E+0	1.47222E-3
5.57129E+0	-7.31445E-2	0.00000E+0	1.19805E-3
5.57129E+0	-7.38281E-2	0.00000E+0	1.59472E-3
5.57134E+0	-7.39746E-2	4.88281E-4	1.75230E-3
5.57139E+0	-7.41699E-2	6.87038E-4	1.92518E-3
5.57183E+0	-7.47559E-2	1.53548E-3	2.26964E-3
5.57495E+0	-7.60254E-2	2.12497E-3	2.42954E-3
5.57612E+0	-7.79785E-2	4.88281E-4	8.37142E-4
5.57651E+0	-7.85645E-2	1.25211E-3	1.40441E-3
5.57974E+0	-8.04199E-2	2.17869E-3	2.44928E-3
5.58081E+0	-8.20312E-2	1.06955E-3	1.96296E-3
5.58101E+0	-8.28125E-2	4.88281E-4	9.61652E-4
5.58105E+0	-8.30078E-2	0.00000E+0	0.00000E+0
5.58315E+0	-8.30078E-2	2.42954E-3	0.00000E+0
5.58535E+0	-8.32520E-2	1.59472E-3	1.06955E-3
5.58613E+0	-8.35449E-2	9.61652E-4	1.53548E-3
5.58940E+0	-8.47656E-2	2.22680E-3	2.35556E-3
5.59082E+0	-8.62305E-2	6.94013E-4	2.32468E-3
5.59092E+0	-8.75000E-2	6.87038E-4	1.33135E-3
5.59160E+0	-8.74023E-2	1.79909E-3	1.47222E-3
5.59502E+0	-8.76465E-2	1.70281E-3	1.06955E-3
5.59570E+0	-8.78906E-2	0.00000E+0	0.00000E+0
5.59614E+0	-8.78906E-2	1.40441E-3	0.00000E+0
5.59976E+0	-8.78906E-2	1.84338E-3	0.00000E+0
5.60122E+0	-8.78906E-2	1.79036E-3	0.00000E+0
5.60444E+0	-8.78906E-2	1.99883E-3	0.00000E+0
5.60620E+0	-8.78906E-2	1.75230E-3	0.00000E+0
5.61025E+0	-8.78906E-2	1.54875E-3	0.00000E+0
5.61484E+0	-8.79395E-2	1.33135E-3	4.88281E-4
5.61523E+0	-8.78906E-2	0.00000E+0	0.00000E+0
5.61523E+0	-8.79395E-2	0.00000E+0	4.88281E-4
5.61538E+0	-8.78906E-2	8.37142E-4	0.00000E+0
5.61753E+0	-8.78906E-2	2.44928E-3	0.00000E+0
5.62026E+0	-8.79883E-2	1.08741E-3	6.87038E-4
5.62324E+0	-8.78906E-2	2.35556E-3	0.00000E+0
5.62495E+0	-8.78906E-2	4.88281E-4	0.00000E+0
5.62656E+0	-8.78906E-2	2.28919E-3	0.00000E+0
5.63057E+0	-8.79883E-2	1.70281E-3	6.87038E-4
5.63481E+0	-8.79883E-2	4.88281E-4	6.87038E-4
5.63789E+0	-8.83789E-2	2.35556E-3	1.47222E-3
5.64063E+0	-8.89160E-2	1.96296E-3	1.99883E-3
5.64385E+0	-8.89648E-2	1.70281E-3	2.03288E-3
5.64453E+0	-8.89160E-2	0.00000E+0	1.99883E-3
5.64492E+0	-8.91113E-2	1.92330E-3	2.12497E-3
5.65029E+0	-8.90137E-2	4.82726E-3	2.06520E-3
5.65430E+0	-8.94043E-2	0.00000E+0	2.26964E-3
5.65474E+0	-9.00391E-2	1.40441E-3	2.43597E-3
5.65742E+0	-8.99414E-2	2.35556E-3	2.42209E-3
5.65898E+0	-8.99414E-2	9.61652E-4	2.42209E-3
5.65913E+0	-9.04297E-2	4.88281E-4	2.45174E-3
5.65913E+0	-8.98437E-2	4.88281E-4	2.40413E-3
5.65918E+0	-9.06738E-2	0.00000E+0	2.42954E-3
5.65918E+0	-9.03809E-2	0.00000E+0	2.45321E-3
5.65918E+0	-9.09668E-2	0.00000E+0	2.36932E-3
5.65918E+0	-9.07715E-2	0.00000E+0	2.41363E-3
5.65947E+0	-9.05762E-2	1.16545E-3	2.44141E-3
5.66226E+0	-9.10645E-2	2.36932E-3	2.34069E-3
5.66382E+0	-9.20410E-2	1.06955E-3	1.75230E-3
5.66460E+0	-9.17480E-2	1.53548E-3	1.99883E-3
5.66826E+0	-9.23828E-2	1.70281E-3	1.33135E-3
5.66890E+0	-9.22852E-2	4.88281E-4	1.47222E-3
5.67144E+0	-9.27734E-2	2.45321E-3	0.00000E+0
5.67383E+0	-9.27734E-2	6.94013E-4	0.00000E+0
5.67441E+0	-9.27246E-2	1.59472E-3	4.88281E-4
5.67734E+0	-9.27246E-2	2.20342E-3	4.88281E-4
5.67871E+0	-9.27734E-2	0.00000E+0	0.00000E+0
5.67871E+0	-9.27246E-2	0.00000E+0	4.88281E-4
5.67871E+0	-9.27734E-2	0.00000E+0	0.00000E+0
5.67871E+0	-9.27246E-2	0.00000E+0	4.88281E-4
5.67871E+0	-9.27734E-2	0.00000E+0	0.00000E+0
5.67871E+0	-9.27246E-2	0.00000E+0	4.88281E-4
5.67871E+0	-9.27734E-2	0.00000E+0	0.00000E+0
5.67871E+0	-9.27246E-2	0.00000E+0	4.88281E-4
5.67871E+0	-9.27734E-2	0.00000E+0	0.00000E+0
5.67871E+0	-9.27734E-2	0.00000E+0	0.00000E+0
5.67871E+0	-9.27734E-2	0.00000E+0	0.00000E+0
5.67871E+0	-9.27734E-2	0.00000E+0	0.00000E+0
5.67871E+0	-9.27246E-2	0.00000E+0	4.88281E-4
5.67871E+0	-9.27734E-2	0.00000E+0	0.00000E+0
5.67871E+0	-9.27734E-2	0.00000E+0	0.00000E+0
5.67871E+0	-9.27246E-2	0.00000E+0	4.88281E-4
5.67871E+0	-9.27246E-2	0.00000E+0	4.88281E-4
5.67871E+0	-9.27734E-2	0.00000E+0	0.00000E+0
5.67871E+0	-9.27734E-2	0.00000E+0	0.00000E+0
5.67871E+0	-9.27734E-2	0.00000E+0	0.00000E+0
5.67871E+0	-9.27734E-2	0.00000E+0	0.00000E+0
5.67871E+0	-9.27734E-2	0.00000E+0	0.00000E+0
5.67871E+0	-9.27734E-2	0.00000E+0	0.00000E+0
