5.20508E+0	1.02114E+0	0.00000E+0	1.92663E-2
5.20508E+0	1.02051E+0	0.00000E+0	1.95189E-2
5.20508E+0	1.02065E+0	0.00000E+0	1.93012E-2
5.20508E+0	1.02104E+0	0.00000E+0	1.94806E-2
5.20508E+0	1.02100E+0	0.00000E+0	1.92643E-2
5.20508E+0	1.01934E+0	0.00000E+0	1.92846E-2
5.20508E+0	1.01865E+0	0.00000E+0	1.94544E-2
5.20508E+0	1.01870E+0	0.00000E+0	1.94652E-2
5.20508E+0	1.01729E+0	0.00000E+0	1.93108E-2
5.20508E+0	1.01528E+0	0.00000E+0	1.92362E-2
5.20508E+0	1.01543E+0	0.00000E+0	1.91316E-2
5.20508E+0	1.01416E+0	0.00000E+0	1.93516E-2
5.20508E+0	1.01372E+0	0.00000E+0	1.94311E-2
5.20508E+0	1.01235E+0	0.00000E+0	1.92212E-2
5.20508E+0	1.01099E+0	0.00000E+0	1.90995E-2
5.20508E+0	1.00869E+0	0.00000E+0	1.91097E-2
5.20508E+0	1.00952E+0	0.00000E+0	1.87688E-2
5.20508E+0	1.01021E+0	0.00000E+0	1.89161E-2
5.20508E+0	1.00854E+0	0.00000E+0	1.91499E-2
5.20508E+0	1.00679E+0	0.00000E+0	1.90657E-2
5.20508E+0	1.00542E+0	0.00000E+0	1.91841E-2
5.20508E+0	1.00332E+0	0.00000E+0	1.83943E-2
5.20508E+0	1.00381E+0	0.00000E+0	1.89706E-2
5.20508E+0	1.00757E+0	0.00000E+0	1.95728E-2
5.20508E+0	1.00723E+0	0.00000E+0	1.87522E-2
5.20508E+0	1.00410E+0	0.00000E+0	1.88475E-2
5.20508E+0	1.00469E+0	0.00000E+0	1.88552E-2
5.20508E+0	1.00376E+0	0.00000E+0	1.83390E-2
5.20508E+0	1.00420E+0	0.00000E+0	1.88692E-2
5.20508E+0	1.00273E+0	0.00000E+0	1.87322E-2
5.20508E+0	1.00117E+0	0.00000E+0	1.83346E-2
5.20508E+0	1.00117E+0	0.00000E+0	1.82819E-2
5.20508E+0	1.00205E+0	0.00000E+0	1.87586E-2
5.20508E+0	1.00254E+0	0.00000E+0	1.85170E-2
5.20508E+0	1.00034E+0	0.00000E+0	1.82784E-2
5.20508E+0	9.99414E-1	0.00000E+0	1.78279E-2
5.20508E+0	9.99561E-1	0.00000E+0	1.77794E-2
5.20508E+0	9.99756E-1	0.00000E+0	1.79825E-2
5.20508E+0	9.98437E-1	0.00000E+0	1.80374E-2
5.20508E+0	9.98340E-1	0.00000E+0	1.77404E-2
5.20508E+0	9.97168E-1	0.00000E+0	1.72749E-2
5.20508E+0	9.97217E-1	0.00000E+0	1.73622E-2
5.20508E+0	9.96045E-1	0.00000E+0	1.75778E-2
5.20508E+0	9.96338E-1	0.00000E+0	1.72442E-2
5.20508E+0	9.96143E-1	0.00000E+0	1.73849E-2
5.20508E+0	9.95850E-1	0.00000E+0	1.73138E-2
5.20508E+0	9.96973E-1	0.00000E+0	1.73833E-2
5.20508E+0	9.97217E-1	0.00000E+0	1.72369E-2
5.20508E+0	9.96436E-1	0.00000E+0	1.76019E-2
5.20503E+0	9.97021E-1	4.88281E-4	1.71927E-2
5.20508E+0	9.96680E-1	0.00000E+0	1.72707E-2
5.20513E+0	9.95801E-1	4.88281E-4	1.78676E-2
5.20508E+0	9.95117E-1	0.00000E+0	1.73086E-2
5.20508E+0	9.94434E-1	0.00000E+0	1.72140E-2
5.20508E+0	9.94775E-1	0.00000E+0	1.68697E-2
5.20508E+0	9.93652E-1	0.00000E+0	1.74127E-2
5.20508E+0	9.93115E-1	0.00000E+0	1.73350E-2
5.20508E+0	9.91895E-1	0.00000E+0	1.75301E-2
5.20508E+0	9.91797E-1	0.00000E+0	1.76705E-2
5.20508E+0	9.91455E-1	0.00000E+0	1.77940E-2
5.20508E+0	9.91699E-1	0.00000E+0	1.72459E-2
5.20508E+0	9.91455E-1	0.00000E+0	1.76309E-2
5.20503E+0	9.90674E-1	4.88281E-4	1.72514E-2
5.20508E+0	9.89111E-1	0.00000E+0	1.71163E-2
5.20513E+0	9.89111E-1	4.88281E-4	1.74369E-2
5.20508E+0	9.88867E-1	0.00000E+0	1.74262E-2
5.20508E+0	9.87988E-1	0.00000E+0	1.75603E-2
5.20508E+0	9.86865E-1	0.00000E+0	1.74043E-2
5.20508E+0	9.86182E-1	0.00000E+0	1.72453E-2
5.20508E+0	9.86328E-1	0.00000E+0	1.70139E-2
5.20508E+0	9.85791E-1	0.00000E+0	1.76380E-2
5.20508E+0	9.85010E-1	0.00000E+0	1.72229E-2
5.20508E+0	9.86621E-1	0.00000E+0	1.71804E-2
5.20508E+0	9.86572E-1	0.00000E+0	1.71461E-2
5.20508E+0	9.85205E-1	0.00000E+0	1.76511E-2
5.20508E+0	9.84375E-1	0.00000E+0	1.75161E-2
5.20508E+0	9.83984E-1	0.00000E+0	1.74400E-2
5.20508E+0	9.84033E-1	0.00000E+0	1.73010E-2
5.20508E+0	9.83496E-1	0.00000E+0	1.72135E-2
5.20508E+0	9.83203E-1	0.00000E+0	1.72042E-2
5.20508E+0	9.82129E-1	0.00000E+0	1.71271E-2
5.20508E+0	9.81885E-1	0.00000E+0	1.71422E-2
5.20508E+0	9.81689E-1	0.00000E+0	1.72302E-2
5.20508E+0	9.82227E-1	0.00000E+0	1.67100E-2
5.20508E+0	9.82080E-1	0.00000E+0	1.72481E-2
5.20508E+0	9.81592E-1	0.00000E+0	1.72173E-2
5.20508E+0	9.81299E-1	0.00000E+0	1.76592E-2
5.20508E+0	9.81494E-1	0.00000E+0	1.70351E-2
5.20508E+0	9.81201E-1	0.00000E+0	1.70616E-2
5.20508E+0	9.79639E-1	0.00000E+0	1.72341E-2
5.20508E+0	9.79395E-1	0.00000E+0	1.69740E-2
5.20508E+0	9.79297E-1	0.00000E+0	1.66175E-2
5.20508E+0	9.77881E-1	0.00000E+0	1.67982E-2
5.20508E+0	9.78223E-1	0.00000E+0	1.66016E-2
5.20508E+0	9.77393E-1	0.00000E+0	1.71557E-2
5.20508E+0	9.77490E-1	0.00000E+0	1.68102E-2
5.20508E+0	9.77490E-1	0.00000E+0	1.68960E-2
5.20508E+0	9.77246E-1	0.00000E+0	1.66566E-2
5.20508E+0	9.77002E-1	0.00000E+0	1.70294E-2
5.20508E+0	9.77246E-1	0.00000E+0	1.72811E-2
5.20508E+0	9.77588E-1	0.00000E+0	1.66750E-2
5.20508E+0	9.76709E-1	0.00000E+0	1.69495E-2
5.20508E+0	9.75684E-1	0.00000E+0	1.71602E-2
5.20508E+0	9.75830E-1	0.00000E+0	1.70475E-2
5.20508E+0	9.75195E-1	0.00000E+0	1.66719E-2
5.20508E+0	9.76367E-1	0.00000E+0	1.71678E-2
5.20508E+0	9.75830E-1	0.00000E+0	1.70475E-2
5.20508E+0	9.75391E-1	0.00000E+0	1.70580E-2
5.20508E+0	9.74316E-1	0.00000E+0	1.67201E-2
5.20508E+0	9.76025E-1	0.00000E+0	1.68988E-2
5.20508E+0	9.75244E-1	0.00000E+0	1.66975E-2
5.20508E+0	9.75488E-1	0.00000E+0	1.64025E-2
5.20508E+0	9.74219E-1	0.00000E+0	1.69072E-2
5.20508E+0	9.73779E-1	0.00000E+0	1.67896E-2
5.20508E+0	9.74854E-1	0.00000E+0	1.65748E-2
5.20508E+0	9.74316E-1	0.00000E+0	1.66334E-2
5.20508E+0	9.73584E-1	0.00000E+0	1.68703E-2
5.20508E+0	9.73291E-1	0.00000E+0	1.67292E-2
5.20508E+0	9.72705E-1	0.00000E+0	1.69898E-2
5.20508E+0	9.72412E-1	0.00000E+0	1.66038E-2
5.20508E+0	9.73242E-1	0.00000E+0	1.66546E-2
5.20508E+0	9.72217E-1	0.00000E+0	1.69841E-2
5.20508E+0	9.71436E-1	0.00000E+0	1.65311E-2
5.20508E+0	9.71436E-1	0.00000E+0	1.66906E-2
5.20508E+0	9.71240E-1	0.00000E+0	1.69159E-2
5.20508E+0	9.70703E-1	0.00000E+0	1.65693E-2
5.20508E+0	9.70605E-1	0.00000E+0	1.66213E-2
5.20508E+0	9.70996E-1	0.00000E+0	1.68149E-2
5.20508E+0	9.71875E-1	0.00000E+0	1.69419E-2
5.20508E+0	9.71582E-1	0.00000E+0	1.66271E-2
5.20508E+0	9.71582E-1	0.00000E+0	1.71406E-2
5.20508E+0	9.72314E-1	0.00000E+0	1.65206E-2
5.20508E+0	9.71240E-1	0.00000E+0	1.69017E-2
5.20508E+0	9.72070E-1	0.00000E+0	1.72484E-2
5.20503E+0	9.72021E-1	4.88281E-4	1.71444E-2
5.20508E+0	9.72559E-1	0.00000E+0	1.68629E-2
5.20503E+0	9.72559E-1	4.88281E-4	1.68772E-2
5.20508E+0	9.73437E-1	0.00000E+0	1.68935E-2
5.20508E+0	9.72852E-1	0.00000E+0	1.68735E-2
5.20508E+0	9.72852E-1	0.00000E+0	1.68020E-2
5.20508E+0	9.73535E-1	0.00000E+0	1.69257E-2
5.20508E+0	9.73193E-1	0.00000E+0	1.65358E-2
5.20508E+0	9.72510E-1	0.00000E+0	1.67867E-2
5.20508E+0	9.72559E-1	0.00000E+0	1.72023E-2
5.20508E+0	9.72266E-1	0.00000E+0	1.70037E-2
5.20508E+0	9.71973E-1	0.00000E+0	1.68692E-2
5.20508E+0	9.72461E-1	0.00000E+0	1.71650E-2
5.20508E+0	9.71924E-1	0.00000E+0	1.70757E-2
5.20508E+0	9.72217E-1	0.00000E+0	1.65241E-2
5.20508E+0	9.72412E-1	0.00000E+0	1.71461E-2
5.20508E+0	9.72217E-1	0.00000E+0	1.72095E-2
5.20508E+0	9.72168E-1	0.00000E+0	1.66201E-2
5.20508E+0	9.71289E-1	0.00000E+0	1.64626E-2
5.20508E+0	9.71484E-1	0.00000E+0	1.68564E-2
5.20508E+0	9.71045E-1	0.00000E+0	1.68669E-2
5.20508E+0	9.71387E-1	0.00000E+0	1.67977E-2
5.20508E+0	9.71143E-1	0.00000E+0	1.66403E-2
5.20508E+0	9.70801E-1	0.00000E+0	1.69200E-2
5.20508E+0	9.69678E-1	0.00000E+0	1.66287E-2
5.20508E+0	9.69482E-1	0.00000E+0	1.68771E-2
5.20508E+0	9.69971E-1	0.00000E+0	1.68771E-2
5.20508E+0	9.69531E-1	0.00000E+0	1.68478E-2
5.20508E+0	9.70508E-1	0.00000E+0	1.64982E-2
5.20508E+0	9.70264E-1	0.00000E+0	1.66750E-2
5.20508E+0	9.70313E-1	0.00000E+0	1.69584E-2
5.20508E+0	9.70166E-1	0.00000E+0	1.66664E-2
5.20508E+0	9.70313E-1	0.00000E+0	1.67152E-2
5.20508E+0	9.69092E-1	0.00000E+0	1.66195E-2
5.20508E+0	9.69580E-1	0.00000E+0	1.68469E-2
5.20508E+0	9.70508E-1	0.00000E+0	1.67446E-2
5.20508E+0	9.70215E-1	0.00000E+0	1.67788E-2
5.20508E+0	9.69434E-1	0.00000E+0	1.66190E-2
5.20508E+0	9.68994E-1	0.00000E+0	1.67626E-2
5.20508E+0	9.69189E-1	0.00000E+0	1.66779E-2
5.20508E+0	9.68896E-1	0.00000E+0	1.72285E-2
5.20508E+0	9.69385E-1	0.00000E+0	1.67350E-2
5.20508E+0	9.68555E-1	0.00000E+0	1.69930E-2
5.20508E+0	9.67773E-1	0.00000E+0	1.70705E-2
5.20508E+0	9.68213E-1	0.00000E+0	1.67471E-2
5.20508E+0	9.68555E-1	0.00000E+0	1.68077E-2
5.20508E+0	9.69092E-1	0.00000E+0	1.69920E-2
5.20508E+0	9.69189E-1	0.00000E+0	1.71478E-2
5.20508E+0	9.69629E-1	0.00000E+0	1.66444E-2
5.20508E+0	9.69482E-1	0.00000E+0	1.69909E-2
5.20508E+0	9.69824E-1	0.00000E+0	1.67540E-2
5.20508E+0	9.69141E-1	0.00000E+0	1.69356E-2
5.20508E+0	9.68408E-1	0.00000E+0	1.68154E-2
5.20508E+0	9.69824E-1	0.00000E+0	1.69399E-2
5.20508E+0	9.69971E-1	0.00000E+0	1.69341E-2
5.20508E+0	9.70117E-1	0.00000E+0	1.68129E-2
5.20508E+0	9.69775E-1	0.00000E+0	1.65678E-2
5.20508E+0	9.69141E-1	0.00000E+0	1.67641E-2
5.20508E+0	9.67920E-1	0.00000E+0	1.71529E-2
5.20508E+0	9.67529E-1	0.00000E+0	1.68629E-2
5.20508E+0	9.68213E-1	0.00000E+0	1.69898E-2
5.20508E+0	9.67627E-1	0.00000E+0	1.72676E-2
5.20508E+0	9.67236E-1	0.00000E+0	1.67442E-2
5.20508E+0	9.67480E-1	0.00000E+0	1.68578E-2
5.20508E+0	9.66846E-1	0.00000E+0	1.72039E-2
5.20508E+0	9.66748E-1	0.00000E+0	1.70633E-2
5.20508E+0	9.67822E-1	0.00000E+0	1.71590E-2
5.20508E+0	9.68066E-1	0.00000E+0	1.66508E-2
5.20508E+0	9.68213E-1	0.00000E+0	1.69756E-2
5.20508E+0	9.68506E-1	0.00000E+0	1.68629E-2
5.20508E+0	9.66992E-1	0.00000E+0	1.69419E-2
5.20508E+0	9.66602E-1	0.00000E+0	1.72657E-2
5.20508E+0	9.66162E-1	0.00000E+0	1.69665E-2
5.20508E+0	9.65967E-1	0.00000E+0	1.68868E-2
5.20508E+0	9.65820E-1	0.00000E+0	1.72249E-2
5.20508E+0	9.66846E-1	0.00000E+0	1.72319E-2
5.20508E+0	9.66064E-1	0.00000E+0	1.72860E-2
5.20508E+0	9.66992E-1	0.00000E+0	1.71397E-2
5.20508E+0	9.67432E-1	0.00000E+0	1.72061E-2
5.20508E+0	9.67578E-1	0.00000E+0	1.66667E-2
5.20508E+0	9.67285E-1	0.00000E+0	1.68647E-2
5.20508E+0	9.66895E-1	0.00000E+0	1.67713E-2
5.20508E+0	9.67285E-1	0.00000E+0	1.70916E-2
5.20508E+0	9.68750E-1	0.00000E+0	1.64673E-2
5.20508E+0	9.68750E-1	0.00000E+0	1.69430E-2
5.20508E+0	9.69092E-1	0.00000E+0	1.66340E-2
5.20508E+0	9.68457E-1	0.00000E+0	1.68177E-2
5.20508E+0	9.67725E-1	0.00000E+0	1.68960E-2
5.20508E+0	9.68408E-1	0.00000E+0	1.68440E-2
5.20508E+0	9.68164E-1	0.00000E+0	1.69015E-2
5.20508E+0	9.68359E-1	0.00000E+0	1.72652E-2
5.20508E+0	9.68066E-1	0.00000E+0	1.68949E-2
5.20508E+0	9.67627E-1	0.00000E+0	1.66860E-2
5.20508E+0	9.67480E-1	0.00000E+0	1.70566E-2
5.20508E+0	9.66650E-1	0.00000E+0	1.69068E-2
5.20508E+0	9.67236E-1	0.00000E+0	1.67586E-2
5.20508E+0	9.67041E-1	0.00000E+0	1.69625E-2
5.20508E+0	9.67578E-1	0.00000E+0	1.71229E-2
5.20508E+0	9.67383E-1	0.00000E+0	1.67899E-2
5.20508E+0	9.68408E-1	0.00000E+0	1.64534E-2
5.20508E+0	9.67627E-1	0.00000E+0	1.69011E-2
5.20508E+0	9.66992E-1	0.00000E+0	1.69561E-2
5.20508E+0	9.67187E-1	0.00000E+0	1.70941E-2
5.20508E+0	9.66602E-1	0.00000E+0	1.71116E-2
5.20508E+0	9.66064E-1	0.00000E+0	1.69483E-2
5.20508E+0	9.65918E-1	0.00000E+0	1.64142E-2
5.20508E+0	9.65723E-1	0.00000E+0	1.73167E-2
5.20508E+0	9.65625E-1	0.00000E+0	1.69305E-2
5.20508E+0	9.65332E-1	0.00000E+0	1.72040E-2
5.20508E+0	9.65332E-1	0.00000E+0	1.71479E-2
5.20508E+0	9.64844E-1	0.00000E+0	1.69714E-2
5.20508E+0	9.64648E-1	0.00000E+0	1.64573E-2
5.20508E+0	9.63574E-1	0.00000E+0	1.67172E-2
5.20508E+0	9.62939E-1	0.00000E+0	1.70181E-2
5.20508E+0	9.63037E-1	0.00000E+0	1.67120E-2
5.20508E+0	9.63477E-1	0.00000E+0	1.66401E-2
5.20508E+0	9.63086E-1	0.00000E+0	1.68592E-2
5.20508E+0	9.63037E-1	0.00000E+0	1.65963E-2
5.20508E+0	9.63965E-1	0.00000E+0	1.63378E-2
5.20513E+0	9.64551E-1	4.88281E-4	1.65172E-2
5.20508E+0	9.64111E-1	0.00000E+0	1.64435E-2
5.20508E+0	9.62988E-1	0.00000E+0	1.68229E-2
5.20508E+0	9.62695E-1	0.00000E+0	1.66956E-2
5.20508E+0	9.63477E-1	0.00000E+0	1.66835E-2
5.20508E+0	9.63037E-1	0.00000E+0	1.70119E-2
5.20508E+0	9.64746E-1	0.00000E+0	1.68744E-2
5.20508E+0	9.64697E-1	0.00000E+0	1.67465E-2
5.20508E+0	9.66650E-1	0.00000E+0	1.71191E-2
5.20508E+0	9.65283E-1	0.00000E+0	1.68960E-2
5.20508E+0	9.62695E-1	0.00000E+0	1.66233E-2
5.20508E+0	9.64014E-1	0.00000E+0	1.70599E-2
5.20508E+0	9.62549E-1	0.00000E+0	1.64329E-2
5.20503E+0	9.60889E-1	4.88281E-4	1.64716E-2
5.20508E+0	9.62158E-1	0.00000E+0	1.67050E-2
5.20508E+0	9.62549E-1	0.00000E+0	1.68526E-2
5.20508E+0	9.62744E-1	0.00000E+0	1.71977E-2
5.20508E+0	9.60400E-1	0.00000E+0	1.64920E-2
5.20508E+0	9.61426E-1	0.00000E+0	1.65621E-2
5.20508E+0	9.60742E-1	0.00000E+0	1.65128E-2
5.20508E+0	9.60400E-1	0.00000E+0	1.63454E-2
5.20508E+0	9.61670E-1	0.00000E+0	1.65748E-2
5.20508E+0	9.61035E-1	0.00000E+0	1.67627E-2
5.20508E+0	9.61475E-1	0.00000E+0	1.69017E-2
5.20508E+0	9.61768E-1	0.00000E+0	1.67637E-2
5.20508E+0	9.63281E-1	0.00000E+0	1.66430E-2
5.20508E+0	9.61816E-1	0.00000E+0	1.68429E-2
5.20508E+0	9.61572E-1	0.00000E+0	1.66166E-2
5.20508E+0	9.59668E-1	0.00000E+0	1.66334E-2
5.20508E+0	9.60742E-1	0.00000E+0	1.68449E-2
5.20508E+0	9.61035E-1	0.00000E+0	1.69626E-2
5.20508E+0	9.60254E-1	0.00000E+0	1.66016E-2
5.20508E+0	9.60498E-1	0.00000E+0	1.67039E-2
5.20508E+0	9.61230E-1	0.00000E+0	1.68721E-2
5.20508E+0	9.61182E-1	0.00000E+0	1.65748E-2
5.20508E+0	9.59570E-1	0.00000E+0	1.67354E-2
5.20508E+0	9.59521E-1	0.00000E+0	1.62834E-2
5.20508E+0	9.60107E-1	0.00000E+0	1.67810E-2
5.20508E+0	9.60303E-1	0.00000E+0	1.67004E-2
5.20508E+0	9.59814E-1	0.00000E+0	1.63536E-2
5.20508E+0	9.58936E-1	0.00000E+0	1.62003E-2
5.20508E+0	9.58643E-1	0.00000E+0	1.67148E-2
5.20508E+0	9.58789E-1	0.00000E+0	1.64603E-2
5.20508E+0	9.57959E-1	0.00000E+0	1.66229E-2
5.20508E+0	9.57715E-1	0.00000E+0	1.65841E-2
5.20508E+0	9.57666E-1	0.00000E+0	1.68954E-2
5.20508E+0	9.56543E-1	0.00000E+0	1.64160E-2
5.20508E+0	9.58594E-1	0.00000E+0	1.62891E-2
5.20508E+0	9.57178E-1	0.00000E+0	1.70204E-2
5.20508E+0	9.57666E-1	0.00000E+0	1.66658E-2
5.20508E+0	9.57031E-1	0.00000E+0	1.64819E-2
5.20508E+0	9.56543E-1	0.00000E+0	1.64746E-2
5.20508E+0	9.57520E-1	0.00000E+0	1.63572E-2
5.20508E+0	9.58594E-1	0.00000E+0	1.64947E-2
5.20508E+0	9.58398E-1	0.00000E+0	1.64684E-2
5.20508E+0	9.59326E-1	0.00000E+0	1.64593E-2
5.20508E+0	9.58350E-1	0.00000E+0	1.66687E-2
5.20508E+0	9.57764E-1	0.00000E+0	1.67626E-2
5.20508E+0	9.59082E-1	0.00000E+0	1.63672E-2
5.20508E+0	9.58936E-1	0.00000E+0	1.67557E-2
5.20508E+0	9.61572E-1	0.00000E+0	1.68612E-2
5.20508E+0	9.60498E-1	0.00000E+0	1.67183E-2
5.20508E+0	9.61084E-1	0.00000E+0	1.68868E-2
5.20508E+0	9.56152E-1	0.00000E+0	1.67339E-2
5.20508E+0	9.60400E-1	0.00000E+0	1.69245E-2
5.20508E+0	9.63672E-1	0.00000E+0	1.70071E-2
5.20508E+0	9.65381E-1	0.00000E+0	1.72151E-2
5.20508E+0	9.67285E-1	0.00000E+0	1.70210E-2
5.20508E+0	9.64795E-1	0.00000E+0	1.68589E-2
5.20508E+0	9.66602E-1	0.00000E+0	1.74323E-2
5.20508E+0	9.67480E-1	0.00000E+0	1.74337E-2
5.20508E+0	9.61182E-1	0.00000E+0	1.67913E-2
5.20508E+0	9.65332E-1	0.00000E+0	1.72877E-2
5.20508E+0	9.68066E-1	0.00000E+0	1.70510E-2
5.20508E+0	9.69287E-1	0.00000E+0	1.64745E-2
5.20508E+0	9.70264E-1	0.00000E+0	1.65154E-2
5.20508E+0	9.69629E-1	0.00000E+0	1.67022E-2
5.20508E+0	9.68457E-1	0.00000E+0	1.68177E-2
5.20508E+0	9.60107E-1	0.00000E+0	1.65352E-2
5.20508E+0	9.61768E-1	0.00000E+0	1.68497E-2
5.20508E+0	9.60547E-1	0.00000E+0	1.67727E-2
5.20508E+0	9.60645E-1	0.00000E+0	1.67805E-2
5.20508E+0	9.59863E-1	0.00000E+0	1.63083E-2
5.20508E+0	9.58594E-1	0.00000E+0	1.68986E-2
5.20508E+0	9.59229E-1	0.00000E+0	1.63111E-2
5.20508E+0	9.59277E-1	0.00000E+0	1.65026E-2
5.20508E+0	9.57227E-1	0.00000E+0	1.70834E-2
5.20508E+0	9.55615E-1	0.00000E+0	1.66027E-2
5.20508E+0	9.54395E-1	0.00000E+0	1.65172E-2
5.20508E+0	9.54297E-1	0.00000E+0	1.68335E-2
5.20508E+0	9.52393E-1	0.00000E+0	1.66183E-2
5.20508E+0	9.53125E-1	0.00000E+0	1.66274E-2
5.20508E+0	9.51465E-1	0.00000E+0	1.67287E-2
5.20508E+0	9.54883E-1	0.00000E+0	1.61620E-2
5.20508E+0	9.56299E-1	0.00000E+0	1.67338E-2
5.20508E+0	9.54492E-1	0.00000E+0	1.64450E-2
5.20508E+0	9.56641E-1	0.00000E+0	1.63009E-2
5.20508E+0	9.52295E-1	0.00000E+0	1.63713E-2
5.20508E+0	9.52686E-1	0.00000E+0	1.67844E-2
5.20508E+0	9.54736E-1	0.00000E+0	1.64739E-2
5.20508E+0	9.53467E-1	0.00000E+0	1.66687E-2
5.20508E+0	9.53076E-1	0.00000E+0	1.65649E-2
5.20508E+0	9.52588E-1	0.00000E+0	1.62774E-2
5.20508E+0	9.52881E-1	0.00000E+0	1.65457E-2
5.20508E+0	9.52393E-1	0.00000E+0	1.66473E-2
5.20508E+0	9.53320E-1	0.00000E+0	1.67014E-2
5.20508E+0	9.53418E-1	0.00000E+0	1.69660E-2
5.20508E+0	9.53027E-1	0.00000E+0	1.68200E-2
5.20508E+0	9.54150E-1	0.00000E+0	1.65125E-2
5.20508E+0	9.53662E-1	0.00000E+0	1.69245E-2
5.20508E+0	9.53027E-1	0.00000E+0	1.69057E-2
5.20508E+0	9.52344E-1	0.00000E+0	1.68278E-2
5.20508E+0	9.52588E-1	0.00000E+0	1.62774E-2
5.20508E+0	9.52588E-1	0.00000E+0	1.67586E-2
5.20508E+0	9.51904E-1	0.00000E+0	1.66183E-2
5.20508E+0	9.52051E-1	0.00000E+0	1.65690E-2
5.20508E+0	9.52295E-1	0.00000E+0	1.64885E-2
5.20508E+0	9.52734E-1	0.00000E+0	1.68472E-2
5.20508E+0	9.52979E-1	0.00000E+0	1.66860E-2
5.20508E+0	9.52295E-1	0.00000E+0	1.65031E-2
5.20508E+0	9.51172E-1	0.00000E+0	1.65984E-2
5.20508E+0	9.50977E-1	0.00000E+0	1.66291E-2
5.20508E+0	9.50928E-1	0.00000E+0	1.67050E-2
5.20508E+0	9.50781E-1	0.00000E+0	1.68872E-2
5.20508E+0	9.51025E-1	0.00000E+0	1.60203E-2
5.20508E+0	9.51367E-1	0.00000E+0	1.65362E-2
5.20508E+0	9.50684E-1	0.00000E+0	1.62538E-2
5.20508E+0	9.51221E-1	0.00000E+0	1.63011E-2
5.20508E+0	9.51904E-1	0.00000E+0	1.65020E-2
5.20508E+0	9.51660E-1	0.00000E+0	1.63277E-2
5.20508E+0	9.52637E-1	0.00000E+0	1.66201E-2
5.20508E+0	9.52539E-1	0.00000E+0	1.68243E-2
5.20508E+0	9.52686E-1	0.00000E+0	1.63041E-2
5.20503E+0	9.52148E-1	4.88281E-4	1.64087E-2
5.20508E+0	9.51611E-1	0.00000E+0	1.69131E-2
5.20508E+0	9.52490E-1	0.00000E+0	1.66455E-2
5.20503E+0	9.53467E-1	4.88281E-4	1.63330E-2
5.20508E+0	9.52490E-1	0.00000E+0	1.66311E-2
5.20508E+0	9.52197E-1	0.00000E+0	1.68789E-2
5.20508E+0	9.52490E-1	0.00000E+0	1.67465E-2
5.20508E+0	9.51855E-1	0.00000E+0	1.62734E-2
5.20508E+0	9.52051E-1	0.00000E+0	1.66705E-2
5.20508E+0	9.52686E-1	0.00000E+0	1.65678E-2
5.20508E+0	9.53369E-1	0.00000E+0	1.66473E-2
5.20508E+0	9.53711E-1	0.00000E+0	1.68558E-2
5.20508E+0	9.54590E-1	0.00000E+0	1.65184E-2
5.20503E+0	9.54639E-1	4.88281E-4	1.67787E-2
5.20508E+0	9.53857E-1	0.00000E+0	1.65166E-2
5.20508E+0	9.53027E-1	0.00000E+0	1.67051E-2
5.20508E+0	9.53418E-1	0.00000E+0	1.67661E-2
5.20508E+0	9.53076E-1	0.00000E+0	1.64628E-2
5.20508E+0	9.53760E-1	0.00000E+0	1.63654E-2
5.20508E+0	9.55811E-1	0.00000E+0	1.64435E-2
5.20508E+0	9.54688E-1	0.00000E+0	1.67928E-2
5.20508E+0	9.55225E-1	0.00000E+0	1.63005E-2
5.20508E+0	9.54736E-1	0.00000E+0	1.67781E-2
5.20508E+0	9.54248E-1	0.00000E+0	1.66166E-2
5.20508E+0	9.54150E-1	0.00000E+0	1.69301E-2
5.20508E+0	9.56396E-1	0.00000E+0	1.66802E-2
5.20508E+0	9.55371E-1	0.00000E+0	1.67460E-2
5.20508E+0	9.54932E-1	0.00000E+0	1.61461E-2
5.20508E+0	9.53906E-1	0.00000E+0	1.65623E-2
5.20508E+0	9.56396E-1	0.00000E+0	1.67953E-2
5.20508E+0	9.53125E-1	0.00000E+0	1.69003E-2
5.20508E+0	9.53662E-1	0.00000E+0	1.65939E-2
5.20508E+0	9.53711E-1	0.00000E+0	1.68272E-2
5.20508E+0	9.52881E-1	0.00000E+0	1.64728E-2
5.20508E+0	9.53125E-1	0.00000E+0	1.67716E-2
5.20508E+0	9.55518E-1	0.00000E+0	1.66374E-2
5.20508E+0	9.53271E-1	0.00000E+0	1.68411E-2
5.20508E+0	9.55371E-1	0.00000E+0	1.65870E-2
5.20508E+0	9.55420E-1	0.00000E+0	1.63212E-2
5.20508E+0	9.56982E-1	0.00000E+0	1.69358E-2
5.20508E+0	9.54980E-1	0.00000E+0	1.67885E-2
5.20508E+0	9.52246E-1	0.00000E+0	1.67138E-2
5.20508E+0	9.54932E-1	0.00000E+0	1.71304E-2
5.20508E+0	9.55127E-1	0.00000E+0	1.62893E-2
5.20508E+0	9.55811E-1	0.00000E+0	1.63111E-2
5.20508E+0	9.55518E-1	0.00000E+0	1.67096E-2
5.20508E+0	9.54590E-1	0.00000E+0	1.65184E-2
5.20508E+0	9.56885E-1	0.00000E+0	1.64739E-2
5.20508E+0	9.55664E-1	0.00000E+0	1.67008E-2
5.20508E+0	9.55078E-1	0.00000E+0	1.64380E-2
5.20508E+0	9.54395E-1	0.00000E+0	1.66913E-2
5.20508E+0	9.54932E-1	0.00000E+0	1.63977E-2
5.20508E+0	9.54834E-1	0.00000E+0	1.64728E-2
5.20508E+0	9.54492E-1	0.00000E+0	1.63127E-2
5.20513E+0	9.54199E-1	4.88281E-4	1.65429E-2
5.20508E+0	9.52393E-1	0.00000E+0	1.71039E-2
5.20508E+0	9.52783E-1	0.00000E+0	1.64036E-2
5.20508E+0	9.52734E-1	0.00000E+0	1.64860E-2
5.20508E+0	9.53418E-1	0.00000E+0	1.68378E-2
5.20508E+0	9.53760E-1	0.00000E+0	1.66571E-2
5.20508E+0	9.54346E-1	0.00000E+0	1.63554E-2
5.20508E+0	9.54883E-1	0.00000E+0	1.66175E-2
5.20508E+0	9.54785E-1	0.00000E+0	1.63413E-2
5.20508E+0	9.54102E-1	0.00000E+0	1.62908E-2
5.20508E+0	9.54834E-1	0.00000E+0	1.68486E-2
5.20508E+0	9.55322E-1	0.00000E+0	1.63995E-2
5.20508E+0	9.54346E-1	0.00000E+0	1.65457E-2
5.20508E+0	9.54736E-1	0.00000E+0	1.66918E-2
5.20508E+0	9.53857E-1	0.00000E+0	1.67770E-2
5.20508E+0	9.53027E-1	0.00000E+0	1.69910E-2
5.20508E+0	9.54395E-1	0.00000E+0	1.63266E-2
5.20508E+0	9.52197E-1	0.00000E+0	1.66200E-2
5.20508E+0	9.53125E-1	0.00000E+0	1.65257E-2
5.20508E+0	9.52490E-1	0.00000E+0	1.68897E-2
5.20508E+0	9.52051E-1	0.00000E+0	1.62165E-2
5.20508E+0	9.52100E-1	0.00000E+0	1.66779E-2
5.20513E+0	9.52393E-1	4.88281E-4	1.65602E-2
5.20508E+0	9.51709E-1	0.00000E+0	1.63660E-2
5.20508E+0	9.50732E-1	0.00000E+0	1.65591E-2
5.20508E+0	9.50732E-1	0.00000E+0	1.66171E-2
5.20503E+0	9.51270E-1	4.88281E-4	1.65894E-2
5.20508E+0	9.50586E-1	0.00000E+0	1.62595E-2
5.20508E+0	9.49951E-1	0.00000E+0	1.63111E-2
5.20508E+0	9.49805E-1	0.00000E+0	1.66488E-2
5.20508E+0	9.50244E-1	0.00000E+0	1.67844E-2
5.20508E+0	9.50537E-1	0.00000E+0	1.66571E-2
5.20508E+0	9.51807E-1	0.00000E+0	1.69039E-2
5.20508E+0	9.51025E-1	0.00000E+0	1.63330E-2
5.20508E+0	9.51562E-1	0.00000E+0	1.66604E-2
5.20508E+0	9.51709E-1	0.00000E+0	1.63954E-2
5.20508E+0	9.51611E-1	0.00000E+0	1.65533E-2
5.20508E+0	9.50732E-1	0.00000E+0	1.66316E-2
5.20508E+0	9.52100E-1	0.00000E+0	1.64013E-2
5.20508E+0	9.52148E-1	0.00000E+0	1.67428E-2
5.20508E+0	9.52148E-1	0.00000E+0	1.68146E-2
5.20508E+0	9.51611E-1	0.00000E+0	1.65387E-2
5.20508E+0	9.52051E-1	0.00000E+0	1.65690E-2
5.20508E+0	9.51514E-1	0.00000E+0	1.67379E-2
5.20508E+0	9.51953E-1	0.00000E+0	1.65536E-2
5.20508E+0	9.52490E-1	0.00000E+0	1.70317E-2
5.20508E+0	9.51221E-1	0.00000E+0	1.65212E-2
5.20508E+0	9.51123E-1	0.00000E+0	1.66171E-2
5.20508E+0	9.51123E-1	0.00000E+0	1.63689E-2
5.20508E+0	9.51172E-1	0.00000E+0	1.67716E-2
5.20508E+0	9.51318E-1	0.00000E+0	1.62176E-2
5.20508E+0	9.51367E-1	0.00000E+0	1.63605E-2
5.20508E+0	9.51758E-1	0.00000E+0	1.63156E-2
5.20508E+0	9.53027E-1	0.00000E+0	1.65748E-2
5.20508E+0	9.50732E-1	0.00000E+0	1.69188E-2
5.20508E+0	9.52979E-1	0.00000E+0	1.65556E-2
5.20508E+0	9.53711E-1	0.00000E+0	1.68272E-2
5.20508E+0	9.55469E-1	0.00000E+0	1.64509E-2
5.20508E+0	9.55908E-1	0.00000E+0	1.67264E-2
5.20508E+0	9.55078E-1	0.00000E+0	1.63940E-2
5.20508E+0	9.57617E-1	0.00000E+0	1.68329E-2
5.20508E+0	9.55371E-1	0.00000E+0	1.65725E-2
5.20508E+0	9.59033E-1	0.00000E+0	1.64833E-2
5.20508E+0	9.55322E-1	0.00000E+0	1.64728E-2
5.20508E+0	9.58154E-1	0.00000E+0	1.61849E-2
5.20508E+0	9.57520E-1	0.00000E+0	1.66780E-2
5.20508E+0	9.57520E-1	0.00000E+0	1.66346E-2
5.20508E+0	9.58154E-1	0.00000E+0	1.62294E-2
5.20503E+0	9.57861E-1	4.88281E-4	1.66860E-2
5.20508E+0	9.57080E-1	0.00000E+0	1.63866E-2
5.20508E+0	9.57178E-1	0.00000E+0	1.67206E-2
5.20508E+0	9.56836E-1	0.00000E+0	1.61560E-2
5.20508E+0	9.55762E-1	0.00000E+0	1.67805E-2
5.20508E+0	9.56787E-1	0.00000E+0	1.63554E-2
5.20508E+0	9.54248E-1	0.00000E+0	1.67752E-2
5.20508E+0	9.55273E-1	0.00000E+0	1.65478E-2
5.20508E+0	9.54834E-1	0.00000E+0	1.65893E-2
5.20508E+0	9.53955E-1	0.00000E+0	1.62857E-2
5.20508E+0	9.54199E-1	0.00000E+0	1.68458E-2
5.20508E+0	9.53125E-1	0.00000E+0	1.66708E-2
5.20508E+0	9.52686E-1	0.00000E+0	1.66403E-2
5.20508E+0	9.52881E-1	0.00000E+0	1.67194E-2
5.20508E+0	9.51904E-1	0.00000E+0	1.65748E-2
5.20508E+0	9.52393E-1	0.00000E+0	1.63701E-2
5.20508E+0	9.51758E-1	0.00000E+0	1.62417E-2
5.20508E+0	9.51074E-1	0.00000E+0	1.64025E-2
5.20508E+0	9.51318E-1	0.00000E+0	1.68440E-2
5.20508E+0	9.50732E-1	0.00000E+0	1.67183E-2
5.20508E+0	9.50000E-1	0.00000E+0	1.63546E-2
5.20508E+0	9.50879E-1	0.00000E+0	1.62704E-2
5.20508E+0	9.51562E-1	0.00000E+0	1.64860E-2
5.20508E+0	9.52100E-1	0.00000E+0	1.67643E-2
5.20508E+0	9.51074E-1	0.00000E+0	1.63731E-2
5.20508E+0	9.51807E-1	0.00000E+0	1.64271E-2
5.20508E+0	9.52148E-1	0.00000E+0	1.66418E-2
5.20508E+0	9.51904E-1	0.00000E+0	1.67194E-2
5.20508E+0	9.52588E-1	0.00000E+0	1.67729E-2
5.20508E+0	9.51416E-1	0.00000E+0	1.63848E-2
5.20508E+0	9.52148E-1	0.00000E+0	1.70139E-2
5.20508E+0	9.50488E-1	0.00000E+0	1.65580E-2
5.20508E+0	9.50293E-1	0.00000E+0	1.67828E-2
5.20508E+0	9.50684E-1	0.00000E+0	1.62686E-2
5.20508E+0	9.50977E-1	0.00000E+0	1.62926E-2
5.20508E+0	9.51318E-1	0.00000E+0	1.68726E-2
5.20508E+0	9.51807E-1	0.00000E+0	1.65002E-2
5.20508E+0	9.52002E-1	0.00000E+0	1.67206E-2
5.20508E+0	9.50928E-1	0.00000E+0	1.62372E-2
5.20508E+0	9.50586E-1	0.00000E+0	1.63186E-2
5.20508E+0	9.50293E-1	0.00000E+0	1.67684E-2
5.20508E+0	9.49512E-1	0.00000E+0	1.66334E-2
5.20508E+0	9.50244E-1	0.00000E+0	1.65678E-2
5.20508E+0	9.50195E-1	0.00000E+0	1.61870E-2
5.20508E+0	9.49316E-1	0.00000E+0	1.65865E-2
