4.75098E+0	-9.27734E-2	0.00000E+0	0.00000E+0
4.75098E+0	-9.27734E-2	0.00000E+0	0.00000E+0
4.75098E+0	-9.27734E-2	0.00000E+0	0.00000E+0
4.75098E+0	-9.27734E-2	0.00000E+0	0.00000E+0
4.75098E+0	-9.27734E-2	0.00000E+0	0.00000E+0
4.75098E+0	-9.27734E-2	0.00000E+0	0.00000E+0
4.75098E+0	-9.27734E-2	0.00000E+0	0.00000E+0
4.75098E+0	-9.27734E-2	0.00000E+0	0.00000E+0
4.75098E+0	-9.27734E-2	0.00000E+0	0.00000E+0
4.75098E+0	-9.27734E-2	0.00000E+0	0.00000E+0
4.75098E+0	-9.27734E-2	0.00000E+0	0.00000E+0
4.75098E+0	-9.27734E-2	0.00000E+0	0.00000E+0
4.75083E+0	-9.27734E-2	8.37142E-4	0.00000E+0
4.75098E+0	-9.28223E-2	0.00000E+0	4.88281E-4
4.75093E+0	-9.27734E-2	4.88281E-4	0.00000E+0
4.75098E+0	-9.27734E-2	0.00000E+0	0.00000E+0
4.75098E+0	-9.27734E-2	0.00000E+0	0.00000E+0
4.75098E+0	-9.27734E-2	0.00000E+0	0.00000E+0
4.75098E+0	-9.27734E-2	0.00000E+0	0.00000E+0
4.75093E+0	-9.27734E-2	4.88281E-4	0.00000E+0
4.75098E+0	-9.27734E-2	0.00000E+0	0.00000E+0
4.75098E+0	-9.27734E-2	0.00000E+0	0.00000E+0
4.75093E+0	-9.27734E-2	4.88281E-4	0.00000E+0
4.75098E+0	-9.27734E-2	0.00000E+0	0.00000E+0
4.75093E+0	-9.27734E-2	4.88281E-4	0.00000E+0
4.75098E+0	-9.27734E-2	0.00000E+0	0.00000E+0
4.75098E+0	-9.27734E-2	0.00000E+0	0.00000E+0
4.75098E+0	-9.27734E-2	0.00000E+0	0.00000E+0
4.75098E+0	-9.27734E-2	0.00000E+0	0.00000E+0
4.75098E+0	-9.27734E-2	0.00000E+0	0.00000E+0
4.75098E+0	-9.27734E-2	0.00000E+0	0.00000E+0
4.75098E+0	-9.27734E-2	0.00000E+0	0.00000E+0
4.75098E+0	-9.27734E-2	0.00000E+0	0.00000E+0
4.75098E+0	-9.27734E-2	0.00000E+0	0.00000E+0
4.75093E+0	-9.27734E-2	4.88281E-4	0.00000E+0
4.75093E+0	-9.27734E-2	4.88281E-4	0.00000E+0
4.75098E+0	-9.27734E-2	0.00000E+0	0.00000E+0
4.75098E+0	-9.27734E-2	0.00000E+0	0.00000E+0
4.75098E+0	-9.27734E-2	0.00000E+0	0.00000E+0
4.75093E+0	-9.28711E-2	4.88281E-4	6.87038E-4
4.75098E+0	-9.27734E-2	0.00000E+0	0.00000E+0
4.75366E+0	-9.27734E-2	2.44141E-3	0.00000E+0
4.75586E+0	-9.27734E-2	0.00000E+0	0.00000E+0
4.75601E+0	-9.27734E-2	8.37142E-4	0.00000E+0
4.75684E+0	-9.27734E-2	1.96296E-3	0.00000E+0
4.76021E+0	-9.27734E-2	1.53548E-3	0.00000E+0
4.76079E+0	-9.27734E-2	1.09623E-3	0.00000E+0
4.76113E+0	-9.27734E-2	1.33135E-3	0.00000E+0
4.76133E+0	-9.27734E-2	1.59472E-3	0.00000E+0
4.76323E+0	-9.27246E-2	2.45321E-3	4.88281E-4
4.76553E+0	-9.27734E-2	6.87038E-4	0.00000E+0
4.76563E+0	-9.27246E-2	0.00000E+0	4.88281E-4
4.76567E+0	-9.27734E-2	4.88281E-4	0.00000E+0
4.76563E+0	-9.27734E-2	0.00000E+0	0.00000E+0
4.76567E+0	-9.27246E-2	4.88281E-4	4.88281E-4
4.76563E+0	-9.27734E-2	0.00000E+0	0.00000E+0
4.76587E+0	-9.27734E-2	1.06955E-3	0.00000E+0
4.76807E+0	-9.27734E-2	2.45371E-3	0.00000E+0
4.77051E+0	-9.27734E-2	0.00000E+0	0.00000E+0
4.77046E+0	-9.27246E-2	4.88281E-4	4.88281E-4
4.77046E+0	-9.27734E-2	4.88281E-4	0.00000E+0
4.77168E+0	-9.27734E-2	2.09587E-3	0.00000E+0
4.77534E+0	-9.26270E-2	4.88281E-4	8.37142E-4
4.77539E+0	-9.25781E-2	0.00000E+0	9.61652E-4
4.77539E+0	-9.26270E-2	0.00000E+0	8.37142E-4
4.77539E+0	-9.26270E-2	0.00000E+0	8.37142E-4
4.77539E+0	-9.27246E-2	0.00000E+0	4.88281E-4
4.77539E+0	-9.27734E-2	0.00000E+0	0.00000E+0
4.77539E+0	-9.27734E-2	0.00000E+0	0.00000E+0
4.77539E+0	-9.27246E-2	0.00000E+0	4.88281E-4
4.77539E+0	-9.27246E-2	0.00000E+0	4.88281E-4
4.77539E+0	-9.27246E-2	0.00000E+0	4.88281E-4
4.77544E+0	-9.27246E-2	4.88281E-4	4.88281E-4
4.77539E+0	-9.25293E-2	0.00000E+0	1.06955E-3
4.77544E+0	-9.25293E-2	4.88281E-4	1.06955E-3
4.77705E+0	-9.25293E-2	2.32468E-3	1.06955E-3
4.77983E+0	-9.26270E-2	1.40441E-3	8.37142E-4
4.78076E+0	-9.26758E-2	1.47222E-3	6.87038E-4
4.78457E+0	-9.26758E-2	1.59472E-3	6.87038E-4
4.78506E+0	-9.25781E-2	6.87038E-4	9.61652E-4
4.78506E+0	-9.23828E-2	6.87038E-4	1.33135E-3
4.78555E+0	-9.23828E-2	1.33135E-3	1.33135E-3
4.78818E+0	-9.24805E-2	2.38199E-3	1.16545E-3
4.78999E+0	-9.25781E-2	4.88281E-4	9.61652E-4
4.79014E+0	-9.24805E-2	6.87038E-4	1.16545E-3
4.79004E+0	-9.23340E-2	0.00000E+0	1.40441E-3
4.79009E+0	-9.22363E-2	4.88281E-4	1.53548E-3
4.79014E+0	-9.23828E-2	6.87038E-4	1.33135E-3
4.79326E+0	-9.22852E-2	2.32468E-3	1.47222E-3
4.79482E+0	-9.24316E-2	6.87038E-4	1.25211E-3
4.79492E+0	-9.23828E-2	0.00000E+0	1.33135E-3
4.79668E+0	-9.24316E-2	2.35556E-3	1.25211E-3
4.79932E+0	-9.23340E-2	1.47222E-3	1.40441E-3
4.79937E+0	-9.24316E-2	1.40441E-3	1.25211E-3
4.79941E+0	-9.20898E-2	1.33135E-3	1.70281E-3
4.79980E+0	-9.24805E-2	0.00000E+0	1.16545E-3
4.80342E+0	-9.23340E-2	2.15256E-3	1.40441E-3
4.80576E+0	-9.22363E-2	2.03288E-3	1.53548E-3
4.80957E+0	-9.26758E-2	6.94013E-4	6.87038E-4
4.80986E+0	-9.26758E-2	1.16545E-3	6.87038E-4
4.80991E+0	-9.26270E-2	1.59094E-3	8.37142E-4
4.81191E+0	-9.26758E-2	2.45174E-3	6.87038E-4
4.81362E+0	-9.25781E-2	1.84338E-3	9.61652E-4
4.81367E+0	-9.25293E-2	1.79909E-3	1.06955E-3
4.81328E+0	-9.26270E-2	2.09587E-3	8.37142E-4
4.81401E+0	-9.25781E-2	1.40441E-3	9.61652E-4
4.81392E+0	-9.26758E-2	1.53548E-3	6.87038E-4
4.81367E+0	-9.25781E-2	1.79909E-3	9.61652E-4
4.81338E+0	-9.24805E-2	2.03288E-3	1.16545E-3
4.81382E+0	-9.25781E-2	1.65038E-3	9.61652E-4
4.81445E+0	-9.26270E-2	0.00000E+0	8.37142E-4
4.81519E+0	-9.26758E-2	1.75230E-3	6.87038E-4
4.81909E+0	-9.27734E-2	1.06955E-3	0.00000E+0
4.82153E+0	-9.26758E-2	2.44141E-3	6.87038E-4
4.82422E+0	-9.27246E-2	0.00000E+0	4.88281E-4
4.82573E+0	-9.27734E-2	2.26964E-3	0.00000E+0
4.82891E+0	-9.27734E-2	9.61652E-4	0.00000E+0
4.82905E+0	-9.27734E-2	4.88281E-4	0.00000E+0
4.82910E+0	-9.27246E-2	0.00000E+0	4.88281E-4
4.82910E+0	-9.27734E-2	0.00000E+0	0.00000E+0
4.82900E+0	-9.27734E-2	6.87038E-4	0.00000E+0
4.83149E+0	-9.27734E-2	2.45321E-3	0.00000E+0
4.83413E+0	-9.27734E-2	8.37142E-4	0.00000E+0
4.83765E+0	-9.27734E-2	2.23543E-3	0.00000E+0
4.84233E+0	-9.27734E-2	2.22680E-3	0.00000E+0
4.84375E+0	-9.27734E-2	0.00000E+0	0.00000E+0
4.84380E+0	-9.27734E-2	4.88281E-4	0.00000E+0
4.84585E+0	-9.27734E-2	2.42954E-3	0.00000E+0
4.84897E+0	-9.27734E-2	1.25211E-3	0.00000E+0
4.85293E+0	-9.27734E-2	1.59472E-3	0.00000E+0
4.85352E+0	-9.27734E-2	0.00000E+0	0.00000E+0
4.85352E+0	-9.27734E-2	0.00000E+0	0.00000E+0
4.85356E+0	-9.27734E-2	4.88281E-4	0.00000E+0
4.85361E+0	-9.27734E-2	6.87038E-4	0.00000E+0
4.85356E+0	-9.27734E-2	4.88281E-4	0.00000E+0
4.85444E+0	-9.27734E-2	1.92518E-3	0.00000E+0
4.85454E+0	-9.27734E-2	1.99883E-3	0.00000E+0
4.85479E+0	-9.27734E-2	2.15256E-3	0.00000E+0
4.85469E+0	-9.27734E-2	2.09587E-3	0.00000E+0
4.85771E+0	-9.27246E-2	1.70281E-3	4.88281E-4
4.85928E+0	-9.27734E-2	1.88537E-3	0.00000E+0
4.85938E+0	-9.27734E-2	1.96296E-3	0.00000E+0
4.86069E+0	-9.27734E-2	2.44928E-3	0.00000E+0
4.86138E+0	-9.27734E-2	2.39359E-3	0.00000E+0
4.86343E+0	-9.27246E-2	1.46484E-3	4.88281E-4
4.86787E+0	-9.27734E-2	1.16545E-3	0.00000E+0
4.86846E+0	-9.27734E-2	1.67428E-3	0.00000E+0
4.86865E+0	-9.27246E-2	2.13909E-3	4.88281E-4
4.86953E+0	-9.27246E-2	3.40562E-3	4.88281E-4
4.87559E+0	-9.27734E-2	4.19175E-3	0.00000E+0
4.87686E+0	-9.27734E-2	3.07096E-3	0.00000E+0
4.87715E+0	-9.26758E-2	2.66269E-3	6.87038E-4
4.87725E+0	-9.27734E-2	2.50422E-3	0.00000E+0
4.87705E+0	-9.27246E-2	2.80882E-3	4.88281E-4
4.87793E+0	-9.26758E-2	0.00000E+0	6.87038E-4
4.87905E+0	-9.26758E-2	2.06520E-3	6.87038E-4
4.88276E+0	-9.26270E-2	4.88281E-4	8.37142E-4
4.88276E+0	-9.27246E-2	4.88281E-4	4.88281E-4
4.88281E+0	-9.25781E-2	0.00000E+0	9.61652E-4
4.88286E+0	-9.24805E-2	4.88281E-4	1.16545E-3
4.88286E+0	-9.23828E-2	4.88281E-4	1.33135E-3
4.88286E+0	-9.23828E-2	4.88281E-4	1.33135E-3
4.88286E+0	-9.24805E-2	4.88281E-4	1.16545E-3
4.88281E+0	-9.24316E-2	0.00000E+0	1.25211E-3
4.88281E+0	-9.23828E-2	0.00000E+0	1.33135E-3
4.88291E+0	-9.23828E-2	6.87038E-4	1.33135E-3
4.88286E+0	-9.18945E-2	4.88281E-4	1.88537E-3
4.88281E+0	-9.22363E-2	0.00000E+0	1.53548E-3
4.88281E+0	-9.24316E-2	0.00000E+0	1.25211E-3
4.88291E+0	-9.26758E-2	6.87038E-4	6.87038E-4
4.88286E+0	-9.24805E-2	4.88281E-4	1.16545E-3
4.88286E+0	-9.22852E-2	4.88281E-4	1.47222E-3
4.88340E+0	-9.24316E-2	1.59472E-3	1.25211E-3
4.88789E+0	-9.16016E-2	1.37408E-3	2.09587E-3
4.89307E+0	-8.96484E-2	1.76939E-3	2.35556E-3
4.89736E+0	-8.82813E-2	9.76562E-4	1.33135E-3
4.90137E+0	-8.79883E-2	1.96296E-3	6.87038E-4
4.90278E+0	-8.78906E-2	1.40441E-3	0.00000E+0
4.90366E+0	-8.78906E-2	2.17869E-3	0.00000E+0
4.90366E+0	-8.77930E-2	2.17869E-3	6.87038E-4
4.90381E+0	-8.77930E-2	2.24886E-3	6.87038E-4
4.90615E+0	-8.78418E-2	2.03288E-3	4.88281E-4
4.90718E+0	-8.70605E-2	4.88281E-4	1.84338E-3
4.90962E+0	-8.51074E-2	2.45321E-3	2.42954E-3
4.91206E+0	-8.32520E-2	4.88281E-4	1.06955E-3
4.91265E+0	-8.30078E-2	1.53548E-3	0.00000E+0
4.91304E+0	-8.30078E-2	1.92518E-3	0.00000E+0
4.91606E+0	-8.28125E-2	1.92518E-3	9.61652E-4
4.91699E+0	-7.99805E-2	0.00000E+0	2.38199E-3
4.91860E+0	-7.82715E-2	2.30753E-3	8.37142E-4
4.91982E+0	-7.81250E-2	2.42209E-3	0.00000E+0
4.92075E+0	-7.76367E-2	2.06520E-3	1.47222E-3
4.92344E+0	-7.54883E-2	2.28919E-3	2.54240E-3
4.92739E+0	-6.93848E-2	1.79036E-3	1.99883E-3
4.93076E+0	-6.58691E-2	1.88537E-3	2.45321E-3
4.93149E+0	-6.39648E-2	8.37142E-4	1.47222E-3
4.93149E+0	-6.42578E-2	8.37142E-4	1.79909E-3
4.93164E+0	-6.33301E-2	0.00000E+0	1.46484E-3
4.93174E+0	-6.11328E-2	6.87038E-4	2.45174E-3
4.93477E+0	-5.87891E-2	2.35556E-3	2.07276E-3
4.93652E+0	-5.51270E-2	0.00000E+0	2.22680E-3
4.93652E+0	-5.37598E-2	0.00000E+0	1.47141E-3
4.93652E+0	-5.35156E-2	0.00000E+0	1.18593E-3
4.93652E+0	-5.32715E-2	0.00000E+0	1.56653E-3
4.93652E+0	-5.26367E-2	0.00000E+0	2.03288E-3
4.93657E+0	-5.07324E-2	4.88281E-4	2.39359E-3
4.93882E+0	-4.78027E-2	2.44928E-3	2.22680E-3
4.94165E+0	-4.30176E-2	1.06955E-3	2.37338E-3
4.94541E+0	-3.75488E-2	1.88537E-3	2.74946E-3
4.94629E+0	-3.23730E-2	0.00000E+0	2.74596E-3
4.94629E+0	-3.09570E-2	0.00000E+0	2.42607E-3
4.94629E+0	-3.06641E-2	0.00000E+0	2.20342E-3
4.94648E+0	-2.95898E-2	9.61652E-4	1.94076E-3
4.95020E+0	-2.52441E-2	1.96296E-3	2.78082E-3
4.95371E+0	-1.90918E-2	2.45174E-3	3.80728E-3
4.95649E+0	-9.71680E-3	1.40441E-3	2.98466E-3
4.96035E+0	-3.22266E-3	1.59472E-3	2.79507E-3
4.96050E+0	-1.12305E-3	1.40441E-3	2.76344E-3
4.96074E+0	-2.92969E-4	9.61652E-4	2.76039E-3
4.96069E+0	1.17187E-3	1.06955E-3	2.60786E-3
4.96157E+0	4.63867E-3	1.65038E-3	3.56421E-3
4.96152E+0	8.00781E-3	1.59472E-3	2.55185E-3
4.96147E+0	8.10547E-3	1.53548E-3	2.32468E-3
4.96138E+0	8.05664E-3	1.40441E-3	2.44141E-3
4.96147E+0	8.15430E-3	1.53548E-3	2.30753E-3
4.96128E+0	8.30078E-3	1.25211E-3	2.35351E-3
4.96143E+0	8.20313E-3	1.47222E-3	2.39208E-3
4.96143E+0	8.05664E-3	1.47222E-3	2.44141E-3
4.96333E+0	9.17969E-3	2.45321E-3	2.43202E-3
4.96572E+0	1.15234E-2	6.87038E-4	2.73409E-3
4.96587E+0	1.66504E-2	4.88281E-4	3.33523E-3
4.96650E+0	2.06543E-2	1.70281E-3	3.38967E-3
4.96846E+0	2.36816E-2	2.44584E-3	3.56421E-3
4.97061E+0	2.71484E-2	9.76562E-4	2.71642E-3
4.97368E+0	3.08594E-2	2.39359E-3	3.17127E-3
4.97554E+0	3.42773E-2	4.88281E-4	3.73608E-3
4.97559E+0	3.66699E-2	0.00000E+0	3.21763E-3
4.97559E+0	4.06250E-2	0.00000E+0	4.59728E-3
4.97559E+0	4.63867E-2	0.00000E+0	6.30368E-3
4.97559E+0	4.77051E-2	0.00000E+0	6.16286E-3
4.97559E+0	4.87305E-2	0.00000E+0	5.96932E-3
4.97593E+0	5.31738E-2	1.25211E-3	5.28066E-3
4.97837E+0	5.82520E-2	2.42954E-3	3.62319E-3
4.98047E+0	6.21094E-2	0.00000E+0	4.11052E-3
4.98359E+0	6.76270E-2	2.35556E-3	4.24285E-3
4.98535E+0	7.14355E-2	0.00000E+0	3.58308E-3
4.98535E+0	7.25098E-2	0.00000E+0	3.42641E-3
4.98535E+0	7.39258E-2	0.00000E+0	3.47145E-3
4.98535E+0	7.57324E-2	0.00000E+0	3.63910E-3
4.98550E+0	7.68555E-2	8.37142E-4	3.77711E-3
4.98604E+0	7.58301E-2	1.70281E-3	3.70209E-3
4.98652E+0	7.74902E-2	2.09587E-3	4.02617E-3
4.98633E+0	7.74902E-2	1.96296E-3	4.08555E-3
4.98652E+0	7.65625E-2	2.09587E-3	3.66449E-3
4.98628E+0	7.69043E-2	1.92518E-3	3.63115E-3
4.98623E+0	7.70020E-2	1.88537E-3	3.85505E-3
4.98853E+0	7.78320E-2	2.34069E-3	4.03603E-3
4.99033E+0	8.16406E-2	6.87038E-4	4.55518E-3
4.99482E+0	8.71094E-2	1.16545E-3	4.53610E-3
4.99629E+0	9.10645E-2	2.09587E-3	4.18571E-3
4.99907E+0	9.30176E-2	1.92518E-3	3.63115E-3
4.99980E+0	9.40430E-2	9.61652E-4	3.90255E-3
5.00005E+0	9.63867E-2	4.88281E-4	4.08349E-3
5.00474E+0	9.82910E-2	1.29001E-3	4.79095E-3
5.00620E+0	9.93652E-2	2.17869E-3	4.97443E-3
5.00898E+0	9.89258E-2	1.79909E-3	4.98628E-3
5.00977E+0	9.97070E-2	0.00000E+0	4.91624E-3
5.01074E+0	1.00830E-1	1.96296E-3	4.92578E-3
5.01426E+0	1.00830E-1	1.33135E-3	4.72617E-3
5.01465E+0	1.00488E-1	0.00000E+0	4.91624E-3
5.01479E+0	1.00732E-1	8.37142E-4	4.89045E-3
5.01675E+0	1.01221E-1	2.42954E-3	4.43598E-3
5.01938E+0	1.01660E-1	8.37142E-4	4.35517E-3
5.01953E+0	1.01514E-1	0.00000E+0	4.72209E-3
5.02158E+0	1.01514E-1	2.42209E-3	4.67081E-3
5.02412E+0	1.00488E-1	1.16545E-3	4.71622E-3
5.02441E+0	9.94629E-2	0.00000E+0	5.08361E-3
5.02451E+0	9.91699E-2	6.87038E-4	4.74245E-3
5.02715E+0	9.82422E-2	2.43597E-3	4.51268E-3
5.02930E+0	9.82422E-2	6.94013E-4	4.67004E-3
5.03228E+0	9.73633E-2	2.39359E-3	4.09526E-3
5.03394E+0	9.64844E-2	1.06955E-3	3.93328E-3
5.03418E+0	9.59961E-2	0.00000E+0	3.75152E-3
5.03418E+0	9.54590E-2	0.00000E+0	3.94887E-3
5.03418E+0	9.41406E-2	0.00000E+0	3.74252E-3
5.03418E+0	9.41895E-2	0.00000E+0	3.88244E-3
5.03418E+0	9.47266E-2	0.00000E+0	3.80126E-3
5.03418E+0	9.46289E-2	0.00000E+0	3.78730E-3
5.03423E+0	9.46289E-2	4.88281E-4	3.78730E-3
5.03511E+0	9.30664E-2	1.92518E-3	3.72576E-3
5.03564E+0	9.24316E-2	2.24886E-3	3.62319E-3
5.03564E+0	9.26758E-2	2.24886E-3	3.67106E-3
5.03589E+0	9.31641E-2	2.34069E-3	4.08702E-3
5.03643E+0	9.28711E-2	2.44584E-3	3.60486E-3
5.03838E+0	9.24316E-2	1.70281E-3	4.06190E-3
5.04136E+0	9.22363E-2	2.44928E-3	3.53163E-3
5.04395E+0	9.16016E-2	0.00000E+0	3.99404E-3
5.04399E+0	9.13574E-2	4.88281E-4	4.12310E-3
5.04668E+0	9.10156E-2	2.43597E-3	4.07758E-3
5.05034E+0	9.15527E-2	2.26964E-3	4.18571E-3
5.05366E+0	9.24805E-2	4.88281E-4	3.85286E-3
5.05376E+0	9.41895E-2	4.88281E-4	4.06427E-3
5.05703E+0	9.57031E-2	2.28919E-3	3.92593E-3
5.05913E+0	9.81934E-2	1.53548E-3	4.54539E-3
5.06357E+0	1.02588E-1	2.29969E-3	5.02836E-3
5.07256E+0	1.07422E-1	3.25669E-3	4.44385E-3
5.07881E+0	1.13574E-1	2.08435E-3	4.98628E-3
5.08535E+0	1.27588E-1	2.54808E-3	6.99732E-3
5.08789E+0	1.35889E-1	0.00000E+0	5.14951E-3
5.08779E+0	1.35547E-1	6.87038E-4	4.45035E-3
5.08789E+0	1.36865E-1	0.00000E+0	4.78089E-3
5.08789E+0	1.39258E-1	0.00000E+0	5.39726E-3
5.08833E+0	1.44092E-1	1.40441E-3	5.57353E-3
5.09219E+0	1.48486E-1	1.59472E-3	4.96086E-3
5.09536E+0	1.53467E-1	2.44928E-3	5.06463E-3
5.09766E+0	1.60742E-1	0.00000E+0	6.27228E-3
5.09897E+0	1.67676E-1	2.17869E-3	5.85691E-3
5.10190E+0	1.72559E-1	1.65038E-3	5.77409E-3
5.10298E+0	1.78711E-1	1.40441E-3	6.54730E-3
5.10752E+0	1.88037E-1	1.54875E-3	6.22661E-3
5.11162E+0	1.96533E-1	1.70281E-3	6.37491E-3
5.11230E+0	2.02979E-1	0.00000E+0	6.80893E-3
5.11489E+0	2.08105E-1	2.44928E-3	6.68490E-3
5.11714E+0	2.15479E-1	4.88281E-4	6.71634E-3
5.11733E+0	2.20215E-1	8.37142E-4	6.63862E-3
5.11860E+0	2.22510E-1	2.22680E-3	6.59330E-3
5.12144E+0	2.26514E-1	1.65038E-3	6.76066E-3
5.12246E+0	2.29395E-1	1.33135E-3	6.54657E-3
5.12607E+0	2.37109E-1	1.88537E-3	9.05733E-3
5.12715E+0	2.44141E-1	9.61652E-4	9.49048E-3
5.13149E+0	2.50781E-1	1.25211E-3	9.03604E-3
5.13477E+0	2.55908E-1	2.40413E-3	8.12603E-3
5.13672E+0	2.58740E-1	0.00000E+0	7.36095E-3
5.13672E+0	2.61816E-1	0.00000E+0	7.23839E-3
5.13784E+0	2.63721E-1	2.06520E-3	7.86703E-3
5.14146E+0	2.65088E-1	8.37142E-4	7.54833E-3
5.14185E+0	2.64355E-1	1.06955E-3	7.88308E-3
5.14351E+0	2.67236E-1	2.39359E-3	7.59793E-3
5.14629E+0	2.66846E-1	9.61652E-4	7.51892E-3
5.14863E+0	2.67480E-1	2.43597E-3	7.71510E-3
5.15132E+0	2.66650E-1	4.88281E-4	7.59920E-3
5.15137E+0	2.65967E-1	0.00000E+0	7.64848E-3
5.15269E+0	2.65869E-1	2.17869E-3	7.58270E-3
5.15596E+0	2.64990E-1	1.16545E-3	7.84741E-3
5.15630E+0	2.63184E-1	4.88281E-4	7.32833E-3
5.15801E+0	2.61426E-1	2.35556E-3	7.45604E-3
5.15913E+0	2.60693E-1	2.41363E-3	7.27539E-3
5.16025E+0	2.60400E-1	1.88537E-3	7.24753E-3
5.16196E+0	2.61133E-1	1.84338E-3	7.39311E-3
5.16528E+0	2.58643E-1	1.75230E-3	7.12691E-3
5.16602E+0	2.61035E-1	0.00000E+0	7.32570E-3
5.16670E+0	2.61328E-1	1.70281E-3	7.49020E-3
5.17017E+0	2.58936E-1	1.75230E-3	7.12691E-3
5.17114E+0	2.56836E-1	1.06955E-3	8.00375E-3
5.17456E+0	2.55322E-1	2.12497E-3	8.36552E-3
5.17588E+0	2.54541E-1	6.87038E-4	8.63077E-3
5.17788E+0	2.55176E-1	2.42954E-3	8.82297E-3
5.18052E+0	2.54199E-1	8.37142E-4	8.77370E-3
5.18066E+0	2.51709E-1	0.00000E+0	8.65083E-3
5.18071E+0	2.54492E-1	4.88281E-4	8.62030E-3
5.18086E+0	2.56445E-1	9.61652E-4	7.98808E-3
5.18071E+0	2.52686E-1	4.88281E-4	8.70633E-3
5.18071E+0	2.50439E-1	4.88281E-4	9.77290E-3
5.18071E+0	2.58105E-1	4.88281E-4	7.82174E-3
5.18091E+0	2.56201E-1	1.06955E-3	8.39884E-3
5.18081E+0	2.56738E-1	8.37142E-4	7.82667E-3
5.18262E+0	2.54785E-1	2.40413E-3	8.51065E-3
5.18677E+0	2.47754E-1	2.23543E-3	9.37868E-3
5.19165E+0	2.44873E-1	2.12497E-3	9.52531E-3
5.19526E+0	2.51318E-1	4.88281E-4	9.32292E-3
5.19531E+0	2.58643E-1	0.00000E+0	7.35964E-3
5.19531E+0	2.55811E-1	0.00000E+0	8.17920E-3
5.19702E+0	2.56445E-1	2.34069E-3	8.48514E-3
5.20361E+0	2.55127E-1	2.24886E-3	8.48216E-3
5.20513E+0	2.51611E-1	4.88281E-4	8.65306E-3
5.20508E+0	2.50342E-1	0.00000E+0	9.28150E-3
5.20518E+0	2.51660E-1	6.87038E-4	8.67988E-3
5.20552E+0	2.52490E-1	1.40441E-3	8.78673E-3
5.20571E+0	2.51514E-1	1.65038E-3	9.65389E-3
5.20767E+0	2.49072E-1	2.44928E-3	9.24614E-3
5.20796E+0	2.47168E-1	2.41363E-3	1.04973E-2
5.20996E+0	2.60693E-1	0.00000E+0	7.69369E-3
5.21235E+0	2.52588E-1	2.45321E-3	9.41034E-3
5.21465E+0	2.53857E-1	9.61652E-4	8.87401E-3
5.21484E+0	2.57520E-1	0.00000E+0	8.85023E-3
5.21768E+0	2.50830E-1	2.51956E-3	9.53239E-3
5.22295E+0	2.50684E-1	2.32468E-3	9.13411E-3
5.22773E+0	2.56104E-1	2.35556E-3	8.16387E-3
5.23013E+0	2.53369E-1	1.65038E-3	8.72071E-3
5.23301E+0	2.49072E-1	2.20342E-3	9.27215E-3
5.23398E+0	2.41992E-1	1.33135E-3	9.57436E-3
5.23647E+0	2.33838E-1	2.42954E-3	7.37403E-3
5.24204E+0	2.32617E-1	2.42954E-3	7.16280E-3
5.24419E+0	2.32568E-1	4.88281E-4	7.23423E-3
5.24497E+0	2.33447E-1	1.84338E-3	7.40011E-3
5.24565E+0	2.30469E-1	2.26964E-3	6.24611E-3
5.24771E+0	2.27832E-1	2.17869E-3	6.21597E-3
5.24883E+0	2.26562E-1	9.61652E-4	6.51042E-3
5.25327E+0	2.26465E-1	1.65038E-3	6.75656E-3
5.25596E+0	2.23145E-1	3.99766E-3	6.74657E-3
5.25840E+0	2.24854E-1	4.89168E-3	6.91841E-3
5.26240E+0	2.27930E-1	3.30076E-3	6.39396E-3
5.26367E+0	2.29980E-1	0.00000E+0	6.85283E-3
5.26611E+0	2.31055E-1	2.45371E-3	6.86617E-3
5.27134E+0	2.29346E-1	2.42954E-3	6.45301E-3
5.27412E+0	2.27246E-1	1.70281E-3	6.52593E-3
5.27495E+0	2.25098E-1	2.26964E-3	6.81759E-3
5.27754E+0	2.24951E-1	1.79909E-3	6.66596E-3
5.27832E+0	2.23535E-1	0.00000E+0	6.71365E-3
5.27847E+0	2.20508E-1	8.37142E-4	6.46289E-3
5.28105E+0	2.20898E-1	2.43597E-3	6.58837E-3
5.28564E+0	2.19141E-1	2.45371E-3	6.77436E-3
5.28818E+0	2.17383E-1	6.87038E-4	6.56494E-3
5.29224E+0	2.13721E-1	1.75230E-3	6.43058E-3
5.29502E+0	2.12158E-1	2.42209E-3	6.45003E-3
5.29785E+0	2.09668E-1	0.00000E+0	6.96852E-3
5.29946E+0	2.01904E-1	2.30753E-3	6.84843E-3
5.30239E+0	1.95703E-1	1.25211E-3	6.03751E-3
5.30303E+0	1.91943E-1	1.16545E-3	5.53886E-3
5.30679E+0	1.88379E-1	1.84338E-3	5.93695E-3
5.30767E+0	1.84326E-1	4.88281E-4	5.94486E-3
5.30874E+0	1.81250E-1	2.06520E-3	6.33341E-3
5.31191E+0	1.78516E-1	1.59472E-3	6.29680E-3
5.31250E+0	1.75391E-1	0.00000E+0	6.07727E-3
5.31348E+0	1.69189E-1	1.96296E-3	6.02533E-3
5.31597E+0	1.62842E-1	2.22680E-3	6.10475E-3
5.31738E+0	1.55273E-1	0.00000E+0	5.09993E-3
5.31738E+0	1.51074E-1	0.00000E+0	4.89857E-3
5.31738E+0	1.43994E-1	0.00000E+0	5.61657E-3
5.31738E+0	1.41602E-1	0.00000E+0	5.23968E-3
5.31743E+0	1.44043E-1	4.88281E-4	5.39815E-3
5.32075E+0	1.40820E-1	2.26964E-3	5.75319E-3
5.32231E+0	1.34912E-1	4.88281E-4	4.63770E-3
5.32251E+0	1.31982E-1	1.06955E-3	5.02644E-3
5.32334E+0	1.26904E-1	2.03288E-3	5.30795E-3
5.32627E+0	1.23193E-1	1.88537E-3	4.94919E-3
5.32720E+0	1.15820E-1	4.88281E-4	5.33443E-3
5.32871E+0	1.10596E-1	2.28919E-3	4.57075E-3
5.32861E+0	1.14551E-1	2.24886E-3	4.82925E-3
5.32896E+0	1.16699E-1	2.36932E-3	4.07640E-3
5.32964E+0	1.18115E-1	2.45321E-3	4.48136E-3
5.33110E+0	1.14502E-1	1.92518E-3	4.46413E-3
5.33081E+0	1.12598E-1	2.12497E-3	4.32409E-3
5.33125E+0	1.10107E-1	1.79909E-3	4.51775E-3
5.33169E+0	1.08350E-1	1.25211E-3	4.31713E-3
5.33188E+0	1.04688E-1	8.37142E-4	5.06772E-3
5.33213E+0	1.00439E-1	6.87038E-4	4.96862E-3
5.33613E+0	9.06738E-2	1.79909E-3	5.43173E-3
5.33887E+0	7.57812E-2	2.40413E-3	5.26170E-3
5.34321E+0	6.20117E-2	2.22680E-3	5.44258E-3
5.34663E+0	4.40430E-2	4.88281E-4	6.65601E-3
5.34766E+0	3.46191E-2	1.96296E-3	3.40668E-3
5.35103E+0	2.83203E-2	1.53548E-3	3.18037E-3
5.35220E+0	1.96289E-2	1.65038E-3	4.70600E-3
5.35605E+0	9.76562E-3	1.33135E-3	3.39995E-3
5.35645E+0	1.12305E-3	0.00000E+0	3.72802E-3
5.35771E+0	-6.98242E-3	2.15256E-3	3.12344E-3
5.36382E+0	-1.72363E-2	2.54949E-3	4.78089E-3
5.36836E+0	-3.08105E-2	2.43597E-3	4.20408E-3
5.37100E+0	-3.91602E-2	6.87038E-4	2.19247E-3
5.37109E+0	-4.15527E-2	0.00000E+0	2.45321E-3
5.37124E+0	-4.37500E-2	8.37142E-4	1.95312E-3
5.37124E+0	-4.61426E-2	8.37142E-4	2.44141E-3
5.37129E+0	-4.80957E-2	9.61652E-4	1.75230E-3
5.37129E+0	-4.91699E-2	9.61652E-4	1.59094E-3
5.37178E+0	-4.99023E-2	1.70281E-3	2.03288E-3
5.37495E+0	-5.10742E-2	1.99883E-3	2.44584E-3
5.37598E+0	-5.46875E-2	0.00000E+0	2.59676E-3
5.37622E+0	-6.00586E-2	1.06955E-3	2.45371E-3
5.37690E+0	-6.36230E-2	1.92518E-3	1.46484E-3
5.37817E+0	-6.52832E-2	2.44141E-3	2.36932E-3
5.37988E+0	-6.70898E-2	1.96296E-3	2.15256E-3
5.38062E+0	-6.83594E-2	1.06955E-3	0.00000E+0
5.38086E+0	-6.84082E-2	0.00000E+0	4.88281E-4
5.38179E+0	-6.96289E-2	1.92518E-3	2.15256E-3
5.38325E+0	-7.20703E-2	2.45321E-3	2.09587E-3
5.38442E+0	-7.28027E-2	2.17869E-3	1.71338E-3
5.38521E+0	-7.32910E-2	1.53548E-3	1.09623E-3
5.38491E+0	-7.34375E-2	1.84338E-3	1.18593E-3
5.38457E+0	-7.40723E-2	2.09587E-3	1.84338E-3
5.38506E+0	-7.41699E-2	1.70281E-3	1.92518E-3
5.38511E+0	-7.48535E-2	1.65038E-3	2.30753E-3
5.38564E+0	-7.50000E-2	6.87038E-4	2.35556E-3
5.38579E+0	-7.68066E-2	4.88281E-4	2.17869E-3
5.38613E+0	-7.77832E-2	1.33135E-3	1.25211E-3
5.38848E+0	-7.81250E-2	2.43597E-3	0.00000E+0
5.39038E+0	-7.81738E-2	1.06955E-3	4.88281E-4
5.39063E+0	-7.91504E-2	0.00000E+0	1.99883E-3
5.39150E+0	-8.15918E-2	1.88537E-3	2.22680E-3
5.39492E+0	-8.27637E-2	1.59472E-3	1.06955E-3
5.39546E+0	-8.30078E-2	4.88281E-4	0.00000E+0
5.39551E+0	-8.30078E-2	0.00000E+0	0.00000E+0
5.39551E+0	-8.30078E-2	0.00000E+0	0.00000E+0
5.39551E+0	-8.30078E-2	0.00000E+0	0.00000E+0
5.39551E+0	-8.30078E-2	0.00000E+0	0.00000E+0
5.39551E+0	-8.30078E-2	0.00000E+0	0.00000E+0
5.39639E+0	-8.30078E-2	1.88537E-3	0.00000E+0
5.39858E+0	-8.33008E-2	2.36932E-3	1.16545E-3
5.39995E+0	-8.44238E-2	1.40441E-3	2.22680E-3
5.40220E+0	-8.52539E-2	2.36932E-3	2.44584E-3
5.40527E+0	-8.64746E-2	0.00000E+0	2.22680E-3
5.40532E+0	-8.73047E-2	4.88281E-4	1.59472E-3
5.40527E+0	-8.77441E-2	0.00000E+0	8.37142E-4
5.40552E+0	-8.75977E-2	1.06955E-3	1.16545E-3
5.40820E+0	-8.77441E-2	2.40413E-3	8.37142E-4
5.41016E+0	-8.78418E-2	6.94013E-4	4.88281E-4
5.41367E+0	-8.78906E-2	2.20342E-3	0.00000E+0
5.41499E+0	-8.78906E-2	4.88281E-4	0.00000E+0
5.41504E+0	-8.78906E-2	0.00000E+0	0.00000E+0
5.41494E+0	-8.78906E-2	6.87038E-4	0.00000E+0
5.41509E+0	-8.78906E-2	4.88281E-4	0.00000E+0
5.41729E+0	-8.78906E-2	2.44584E-3	0.00000E+0
5.41943E+0	-8.78906E-2	1.47222E-3	0.00000E+0
5.41992E+0	-8.78906E-2	0.00000E+0	0.00000E+0
5.41992E+0	-8.79395E-2	0.00000E+0	4.88281E-4
5.42261E+0	-8.79883E-2	2.44141E-3	6.87038E-4
5.42485E+0	-8.79883E-2	4.88281E-4	6.87038E-4
5.42554E+0	-8.79883E-2	1.75230E-3	6.87038E-4
5.42964E+0	-8.78906E-2	1.29745E-3	0.00000E+0
5.43408E+0	-8.80371E-2	1.47222E-3	8.37142E-4
5.43726E+0	-8.80859E-2	2.44141E-3	9.61652E-4
5.43950E+0	-8.79395E-2	4.88281E-4	4.88281E-4
5.43955E+0	-8.81836E-2	6.87038E-4	1.16545E-3
5.43984E+0	-8.80859E-2	1.33135E-3	9.61652E-4
5.44341E+0	-8.82324E-2	1.92518E-3	1.25211E-3
5.44434E+0	-8.79883E-2	0.00000E+0	6.87038E-4
5.44434E+0	-8.80371E-2	0.00000E+0	8.37142E-4
5.44468E+0	-8.81836E-2	1.25211E-3	1.16545E-3
5.44839E+0	-8.80371E-2	1.84338E-3	8.37142E-4
5.45557E+0	-8.78906E-2	4.68137E-3	0.00000E+0
5.45903E+0	-8.78906E-2	4.88281E-4	0.00000E+0
5.46348E+0	-8.78906E-2	1.33135E-3	0.00000E+0
5.46665E+0	-8.78906E-2	2.42954E-3	0.00000E+0
5.46914E+0	-8.78906E-2	1.33135E-3	0.00000E+0
5.47305E+0	-8.78906E-2	1.59472E-3	0.00000E+0
5.47363E+0	-8.78906E-2	0.00000E+0	0.00000E+0
5.47598E+0	-8.78418E-2	2.45174E-3	4.88281E-4
5.47852E+0	-8.74023E-2	0.00000E+0	1.47222E-3
5.48105E+0	-8.71582E-2	2.45174E-3	1.75230E-3
5.48564E+0	-8.58887E-2	2.44584E-3	2.41363E-3
5.48916E+0	-8.49121E-2	1.88537E-3	2.39359E-3
5.49316E+0	-8.44727E-2	6.94013E-4	2.24886E-3
5.49473E+0	-8.33984E-2	2.28919E-3	1.33135E-3
5.49756E+0	-8.33008E-2	1.47222E-3	1.16545E-3
5.49805E+0	-8.33984E-2	0.00000E+0	1.33135E-3
5.50059E+0	-8.31543E-2	2.45174E-3	8.37142E-4
5.50308E+0	-8.30566E-2	1.08741E-3	4.88281E-4
5.50693E+0	-8.31055E-2	1.88537E-3	6.87038E-4
5.51157E+0	-8.31055E-2	2.06520E-3	6.87038E-4
5.51563E+0	-8.33984E-2	2.40413E-3	1.33135E-3
5.51787E+0	-8.39355E-2	1.16545E-3	1.92518E-3
5.52378E+0	-8.50586E-2	2.76344E-3	2.42209E-3
5.52773E+0	-8.69141E-2	1.50138E-3	1.96296E-3
5.53105E+0	-8.77441E-2	2.09587E-3	8.37142E-4
5.53242E+0	-8.78418E-2	9.61652E-4	4.88281E-4
5.53579E+0	-8.78906E-2	2.17869E-3	0.00000E+0
5.53867E+0	-8.78906E-2	2.28919E-3	0.00000E+0
5.54360E+0	-8.78906E-2	2.30753E-3	0.00000E+0
5.54688E+0	-8.78906E-2	0.00000E+0	0.00000E+0
5.54902E+0	-8.79395E-2	2.43597E-3	4.88281E-4
5.55186E+0	-8.79395E-2	6.87038E-4	4.88281E-4
5.55522E+0	-8.84277E-2	2.22680E-3	1.53548E-3
5.55664E+0	-8.83789E-2	0.00000E+0	1.47222E-3
5.55664E+0	-8.90625E-2	0.00000E+0	2.09587E-3
5.55664E+0	-8.86719E-2	0.00000E+0	1.79909E-3
5.55767E+0	-8.87207E-2	1.99883E-3	1.84338E-3
5.55938E+0	-8.90625E-2	2.43597E-3	2.09587E-3
5.56113E+0	-8.95020E-2	1.65402E-3	2.30753E-3
5.56377E+0	-8.99414E-2	2.44584E-3	2.42209E-3
5.56670E+0	-9.01367E-2	1.16545E-3	2.44584E-3
5.57188E+0	-9.16016E-2	2.71287E-3	2.09587E-3
5.57617E+0	-9.18457E-2	0.00000E+0	1.92518E-3
5.57964E+0	-9.22363E-2	2.22680E-3	1.53548E-3
5.58311E+0	-9.21875E-2	2.42209E-3	1.59472E-3
5.58711E+0	-9.23340E-2	2.09587E-3	1.40441E-3
5.59077E+0	-9.26758E-2	4.88281E-4	6.87038E-4
5.59414E+0	-9.25293E-2	2.28919E-3	1.06955E-3
5.59810E+0	-9.26270E-2	2.64227E-3	8.37142E-4
5.60674E+0	-9.26270E-2	2.65363E-3	8.37142E-4
5.61367E+0	-9.27246E-2	2.28919E-3	4.88281E-4
5.61523E+0	-9.27246E-2	0.00000E+0	4.88281E-4
5.61528E+0	-9.27734E-2	4.88281E-4	0.00000E+0
5.61587E+0	-9.27734E-2	1.65038E-3	0.00000E+0
5.61699E+0	-9.27734E-2	2.35556E-3	0.00000E+0
5.61816E+0	-9.27734E-2	2.40413E-3	0.00000E+0
5.62002E+0	-9.27734E-2	6.87038E-4	0.00000E+0
5.62334E+0	-9.27734E-2	2.32468E-3	0.00000E+0
5.62490E+0	-9.27734E-2	9.76562E-4	0.00000E+0
5.62627E+0	-9.27734E-2	2.15256E-3	0.00000E+0
5.62998E+0	-9.27734E-2	6.87038E-4	0.00000E+0
5.63398E+0	-9.27734E-2	1.79909E-3	0.00000E+0
5.63628E+0	-9.27734E-2	2.26964E-3	0.00000E+0
5.64053E+0	-9.27734E-2	2.00904E-3	0.00000E+0
5.64434E+0	-9.27734E-2	9.61652E-4	0.00000E+0
5.64648E+0	-9.27734E-2	3.92593E-3	0.00000E+0
5.65371E+0	-9.28223E-2	2.33089E-3	4.88281E-4
5.65430E+0	-9.27734E-2	0.00000E+0	0.00000E+0
5.65430E+0	-9.27734E-2	0.00000E+0	0.00000E+0
5.65581E+0	-9.27734E-2	2.26964E-3	0.00000E+0
5.65884E+0	-9.27734E-2	1.25211E-3	0.00000E+0
5.65923E+0	-9.28223E-2	4.88281E-4	4.88281E-4
5.66240E+0	-9.28223E-2	2.32468E-3	4.88281E-4
5.66538E+0	-9.28223E-2	2.17869E-3	4.88281E-4
5.66880E+0	-9.27734E-2	1.08741E-3	0.00000E+0
5.67222E+0	-9.27734E-2	2.30753E-3	0.00000E+0
5.67427E+0	-9.27734E-2	1.40441E-3	0.00000E+0
5.67632E+0	-9.27734E-2	2.45321E-3	0.00000E+0
5.67725E+0	-9.27734E-2	2.24886E-3	0.00000E+0
5.67803E+0	-9.27734E-2	1.70281E-3	0.00000E+0
5.67837E+0	-9.27734E-2	1.25211E-3	0.00000E+0
5.67812E+0	-9.27734E-2	1.59472E-3	0.00000E+0
5.67817E+0	-9.27734E-2	1.53548E-3	0.00000E+0
5.67812E+0	-9.27734E-2	1.59472E-3	0.00000E+0
5.67817E+0	-9.27734E-2	1.53548E-3	0.00000E+0
5.67808E+0	-9.27734E-2	1.65038E-3	0.00000E+0
5.67798E+0	-9.27734E-2	1.75230E-3	0.00000E+0
5.67773E+0	-9.27734E-2	1.96296E-3	0.00000E+0
5.67808E+0	-9.27734E-2	1.65038E-3	0.00000E+0
5.67822E+0	-9.27734E-2	1.47222E-3	0.00000E+0
5.67822E+0	-9.28223E-2	1.47222E-3	4.88281E-4
5.67817E+0	-9.27734E-2	1.53548E-3	0.00000E+0
5.67808E+0	-9.27734E-2	1.65038E-3	0.00000E+0
5.67832E+0	-9.27734E-2	1.33135E-3	0.00000E+0
5.67827E+0	-9.28223E-2	1.40441E-3	4.88281E-4
5.67832E+0	-9.28223E-2	1.33135E-3	4.88281E-4
5.67847E+0	-9.27734E-2	1.06955E-3	0.00000E+0
5.67783E+0	-9.27734E-2	1.88537E-3	0.00000E+0
5.67837E+0	-9.27734E-2	1.25211E-3	0.00000E+0
5.67822E+0	-9.28223E-2	1.47222E-3	4.88281E-4
5.67842E+0	-9.27734E-2	1.16545E-3	0.00000E+0
5.67798E+0	-9.27734E-2	1.75230E-3	0.00000E+0
5.67808E+0	-9.28223E-2	1.65038E-3	4.88281E-4
5.67812E+0	-9.27734E-2	1.59472E-3	0.00000E+0
5.67778E+0	-9.27734E-2	1.92518E-3	0.00000E+0
5.67812E+0	-9.28223E-2	1.59472E-3	4.88281E-4
5.67803E+0	-9.27734E-2	1.70281E-3	0.00000E+0
5.67832E+0	-9.27734E-2	1.33135E-3	0.00000E+0
5.67812E+0	-9.27734E-2	1.59472E-3	0.00000E+0
5.67803E+0	-9.27734E-2	1.70281E-3	0.00000E+0
5.67803E+0	-9.27734E-2	1.70281E-3	0.00000E+0
5.67822E+0	-9.27734E-2	1.47222E-3	0.00000E+0
5.67827E+0	-9.27734E-2	1.40441E-3	0.00000E+0
