5.19888E+0	2.97656E-1	2.17869E-3	8.35471E-3
5.19883E+0	2.98096E-1	2.20342E-3	7.89392E-3
5.19893E+0	2.96143E-1	2.15256E-3	8.13432E-3
5.19868E+0	2.95898E-1	2.26964E-3	7.97360E-3
5.19888E+0	2.95215E-1	2.17869E-3	7.95606E-3
5.19868E+0	2.93604E-1	2.26964E-3	8.14261E-3
5.19863E+0	2.93994E-1	2.28919E-3	8.42290E-3
5.19849E+0	2.95166E-1	2.34069E-3	8.13432E-3
5.19902E+0	2.94629E-1	2.09587E-3	8.24737E-3
5.19917E+0	2.95752E-1	1.99883E-3	7.89026E-3
5.19863E+0	2.94531E-1	2.28919E-3	8.41102E-3
5.19907E+0	2.95166E-1	2.06520E-3	8.07489E-3
5.19888E+0	2.94678E-1	2.17869E-3	8.10466E-3
5.19883E+0	2.93652E-1	2.20342E-3	8.06430E-3
5.19844E+0	2.94385E-1	2.35556E-3	8.13195E-3
5.19883E+0	2.95605E-1	2.20342E-3	7.71010E-3
5.19922E+0	2.94678E-1	1.96296E-3	7.83266E-3
5.19902E+0	2.94141E-1	2.09587E-3	7.94698E-3
5.19863E+0	2.91846E-1	2.28919E-3	8.05937E-3
5.19868E+0	2.91650E-1	2.26964E-3	8.05937E-3
5.19937E+0	2.91748E-1	1.84338E-3	8.07489E-3
5.19907E+0	2.91553E-1	2.06520E-3	8.01262E-3
5.19878E+0	2.92383E-1	2.22680E-3	8.07206E-3
5.19888E+0	2.92432E-1	2.17869E-3	8.00059E-3
5.19839E+0	2.89697E-1	2.36932E-3	8.03543E-3
5.19893E+0	2.89697E-1	2.15256E-3	8.00540E-3
5.19941E+0	2.91748E-1	1.79909E-3	7.92437E-3
5.19902E+0	2.90137E-1	2.09587E-3	8.00916E-3
5.19951E+0	2.87842E-1	1.70281E-3	7.70870E-3
5.19868E+0	2.90234E-1	2.26964E-3	7.89224E-3
5.19897E+0	2.94287E-1	2.12497E-3	8.29498E-3
5.19897E+0	2.93896E-1	2.12497E-3	7.87315E-3
5.19854E+0	2.94775E-1	2.32468E-3	8.17213E-3
5.19893E+0	2.96973E-1	2.15256E-3	8.16402E-3
5.19878E+0	2.95996E-1	2.22680E-3	8.05713E-3
5.19883E+0	2.96875E-1	2.20342E-3	7.94334E-3
5.19873E+0	2.97607E-1	2.24886E-3	8.01502E-3
5.19893E+0	2.96533E-1	2.15256E-3	7.87804E-3
5.19927E+0	2.96973E-1	1.92518E-3	8.36796E-3
5.19868E+0	2.95312E-1	2.26964E-3	8.16697E-3
5.19868E+0	2.94092E-1	2.26964E-3	8.23671E-3
5.19912E+0	2.92139E-1	2.03288E-3	7.94501E-3
5.19927E+0	2.90527E-1	1.92518E-3	8.01878E-3
5.19932E+0	2.90771E-1	1.88537E-3	7.83266E-3
5.19941E+0	2.92871E-1	1.79909E-3	7.78966E-3
5.19951E+0	2.93066E-1	1.70281E-3	8.06310E-3
5.19951E+0	2.93018E-1	1.70281E-3	8.01863E-3
5.19980E+0	2.93359E-1	1.33135E-3	8.05414E-3
5.19893E+0	2.91895E-1	2.15256E-3	7.74625E-3
5.19927E+0	2.91406E-1	1.92518E-3	7.93970E-3
5.19917E+0	2.92432E-1	1.99883E-3	7.90977E-3
5.19883E+0	2.93799E-1	2.20342E-3	8.00540E-3
5.19878E+0	2.93066E-1	2.22680E-3	7.97300E-3
5.19883E+0	2.91455E-1	2.20342E-3	7.74983E-3
5.19897E+0	2.89111E-1	2.12497E-3	8.04262E-3
5.19907E+0	2.88574E-1	2.06520E-3	7.95848E-3
5.19932E+0	2.91211E-1	1.88537E-3	8.01938E-3
5.19912E+0	2.92773E-1	2.03288E-3	8.17993E-3
5.19917E+0	2.93750E-1	1.99883E-3	8.17404E-3
5.19917E+0	2.93994E-1	1.99883E-3	7.92194E-3
5.19912E+0	2.92773E-1	2.03288E-3	8.23861E-3
5.19893E+0	2.92285E-1	2.15256E-3	7.97420E-3
5.19878E+0	2.91699E-1	2.22680E-3	8.37487E-3
5.19902E+0	2.88037E-1	2.09587E-3	8.57028E-3
5.19897E+0	2.89111E-1	2.12497E-3	8.64861E-3
5.19907E+0	2.87744E-1	2.06520E-3	7.79815E-3
5.19897E+0	2.91553E-1	2.12497E-3	8.04262E-3
5.19883E+0	2.93750E-1	2.20342E-3	7.78161E-3
5.19863E+0	2.92334E-1	2.28919E-3	7.90246E-3
5.19878E+0	2.91797E-1	2.22680E-3	8.21519E-3
5.19858E+0	2.92187E-1	2.30753E-3	7.96514E-3
5.19878E+0	2.91064E-1	2.22680E-3	7.81789E-3
5.19917E+0	2.91406E-1	1.99883E-3	7.81743E-3
5.19863E+0	2.88135E-1	2.28919E-3	7.45846E-3
5.19854E+0	2.86279E-1	2.32468E-3	7.90246E-3
5.19883E+0	2.85938E-1	2.20342E-3	8.07325E-3
5.19810E+0	2.84912E-1	2.42954E-3	8.10466E-3
5.19878E+0	2.86133E-1	2.22680E-3	8.03378E-3
5.19888E+0	2.85254E-1	2.17869E-3	8.06907E-3
5.19927E+0	2.86230E-1	1.92518E-3	7.87575E-3
5.19897E+0	2.83545E-1	2.12497E-3	7.76721E-3
5.19897E+0	2.83643E-1	2.12497E-3	7.82405E-3
5.19883E+0	2.85449E-1	2.20342E-3	7.95606E-3
5.19878E+0	2.85010E-1	2.22680E-3	8.08324E-3
5.19863E+0	2.86182E-1	2.28919E-3	8.03063E-3
5.19888E+0	2.88428E-1	2.17869E-3	7.89026E-3
5.19888E+0	2.85889E-1	2.17869E-3	8.04501E-3
5.19902E+0	2.86426E-1	2.09587E-3	7.70385E-3
5.19863E+0	2.86230E-1	2.28919E-3	7.99712E-3
5.19858E+0	2.85254E-1	2.30753E-3	7.97903E-3
5.19863E+0	2.82764E-1	2.28919E-3	7.50994E-3
5.19897E+0	2.82373E-1	2.12497E-3	7.28069E-3
5.19976E+0	2.81982E-1	1.40441E-3	7.25816E-3
5.19922E+0	2.82568E-1	1.96296E-3	7.59159E-3
5.19927E+0	2.81885E-1	1.92518E-3	7.66106E-3
5.19951E+0	2.80176E-1	1.70281E-3	7.59556E-3
5.19873E+0	2.79297E-1	2.24886E-3	7.69697E-3
5.19839E+0	2.80127E-1	2.36932E-3	7.74858E-3
5.19868E+0	2.80762E-1	2.26964E-3	7.61835E-3
5.19888E+0	2.81836E-1	2.17869E-3	7.47732E-3
5.19878E+0	2.81934E-1	2.22680E-3	7.39767E-3
5.19893E+0	2.83008E-1	2.15256E-3	7.63162E-3
5.19878E+0	2.83105E-1	2.22680E-3	7.72758E-3
5.19849E+0	2.83398E-1	2.34069E-3	7.69447E-3
5.19917E+0	2.83887E-1	1.99883E-3	7.75992E-3
5.19951E+0	2.84277E-1	1.70281E-3	8.11075E-3
5.19937E+0	2.84326E-1	1.84338E-3	8.11891E-3
5.19932E+0	2.85596E-1	1.88537E-3	8.01863E-3
5.19897E+0	2.85254E-1	2.12497E-3	7.94879E-3
5.19897E+0	2.84131E-1	2.12497E-3	7.99456E-3
5.19854E+0	2.82373E-1	2.32468E-3	7.41182E-3
5.19912E+0	2.83252E-1	2.03288E-3	7.80556E-3
5.19902E+0	2.84180E-1	2.09587E-3	7.88247E-3
5.19922E+0	2.84229E-1	1.96296E-3	7.89148E-3
5.19927E+0	2.83789E-1	1.92518E-3	7.82974E-3
5.19917E+0	2.84717E-1	1.99883E-3	7.81173E-3
5.19912E+0	2.84814E-1	2.03288E-3	8.06534E-3
5.19912E+0	2.81934E-1	2.03288E-3	7.90139E-3
5.19907E+0	2.82959E-1	2.06520E-3	7.55088E-3
5.19902E+0	2.82568E-1	2.09587E-3	7.90246E-3
5.19927E+0	2.82715E-1	1.92518E-3	7.52292E-3
5.19902E+0	2.84619E-1	2.09587E-3	8.01262E-3
5.19917E+0	2.82861E-1	1.99883E-3	8.18979E-3
5.19902E+0	2.79248E-1	2.09587E-3	7.65603E-3
5.19927E+0	2.81348E-1	1.92518E-3	7.56378E-3
5.19902E+0	2.80811E-1	2.09587E-3	7.64974E-3
5.19912E+0	2.80273E-1	2.03288E-3	7.66562E-3
5.19893E+0	2.80762E-1	2.15256E-3	7.55486E-3
5.19902E+0	2.80664E-1	2.09587E-3	7.52228E-3
5.19902E+0	2.79932E-1	2.09587E-3	7.60427E-3
5.19893E+0	2.81982E-1	2.15256E-3	7.80186E-3
5.19932E+0	2.79883E-1	1.88537E-3	7.78656E-3
5.19878E+0	2.79980E-1	2.22680E-3	7.79707E-3
5.19937E+0	2.79687E-1	1.84338E-3	7.85431E-3
5.19917E+0	2.81104E-1	1.99883E-3	7.64218E-3
5.19912E+0	2.81641E-1	2.03288E-3	7.53507E-3
5.19917E+0	2.81982E-1	1.99883E-3	7.38969E-3
5.19897E+0	2.82227E-1	2.12497E-3	7.34474E-3
5.19863E+0	2.80762E-1	2.28919E-3	7.61835E-3
5.19907E+0	2.80811E-1	2.06520E-3	7.92801E-3
5.19883E+0	2.81201E-1	2.20342E-3	7.44553E-3
5.19912E+0	2.78857E-1	2.03288E-3	7.47136E-3
5.19868E+0	2.79785E-1	2.26964E-3	7.77480E-3
5.19878E+0	2.78320E-1	2.22680E-3	7.47475E-3
5.19912E+0	2.78320E-1	2.03288E-3	7.57079E-3
5.19902E+0	2.80176E-1	2.09587E-3	7.56378E-3
5.19888E+0	2.79199E-1	2.17869E-3	7.64612E-3
5.19912E+0	2.80615E-1	2.03288E-3	7.74236E-3
5.19917E+0	2.80713E-1	1.99883E-3	7.86703E-3
5.19878E+0	2.79297E-1	2.22680E-3	7.57079E-3
5.19854E+0	2.80322E-1	2.32468E-3	7.57381E-3
5.19873E+0	2.77734E-1	2.24886E-3	7.54785E-3
5.19893E+0	2.79785E-1	2.15256E-3	7.86718E-3
5.19907E+0	2.79834E-1	2.06520E-3	7.46491E-3
5.19878E+0	2.77637E-1	2.22680E-3	7.21306E-3
5.19888E+0	2.79492E-1	2.17869E-3	7.76302E-3
5.19917E+0	2.77783E-1	1.99883E-3	7.40662E-3
5.19902E+0	2.75244E-1	2.09587E-3	7.43129E-3
5.19888E+0	2.75000E-1	2.17869E-3	7.43857E-3
5.19902E+0	2.76318E-1	2.09587E-3	7.73116E-3
5.19917E+0	2.80176E-1	1.99883E-3	7.53188E-3
5.19922E+0	2.79785E-1	1.96296E-3	7.55486E-3
5.19907E+0	2.77783E-1	2.06520E-3	7.53555E-3
5.19878E+0	2.80127E-1	2.22680E-3	7.65477E-3
5.19878E+0	2.78809E-1	2.22680E-3	7.52292E-3
5.19878E+0	2.75537E-1	2.22680E-3	7.41831E-3
5.19917E+0	2.76855E-1	1.99883E-3	7.45862E-3
5.19941E+0	2.75488E-1	1.79909E-3	7.31780E-3
5.19917E+0	2.76172E-1	1.99883E-3	7.58096E-3
5.19897E+0	2.78955E-1	2.12497E-3	7.36619E-3
5.19917E+0	2.80371E-1	1.99883E-3	7.70260E-3
5.19937E+0	2.81445E-1	1.84338E-3	7.95909E-3
5.19912E+0	2.82031E-1	2.03288E-3	7.57460E-3
5.19897E+0	2.81494E-1	2.12497E-3	7.64596E-3
5.19912E+0	2.82373E-1	2.03288E-3	7.54066E-3
5.19917E+0	2.81055E-1	1.99883E-3	7.73816E-3
5.19868E+0	2.77783E-1	2.26964E-3	7.17540E-3
5.19922E+0	2.79492E-1	1.96296E-3	7.60633E-3
5.19883E+0	2.82764E-1	2.20342E-3	7.66861E-3
5.19917E+0	2.81738E-1	1.99883E-3	7.61835E-3
5.19873E+0	2.79590E-1	2.24886E-3	7.65367E-3
5.19907E+0	2.78320E-1	2.06520E-3	7.44246E-3
5.19854E+0	2.77148E-1	2.32468E-3	7.44634E-3
5.19893E+0	2.76514E-1	2.15256E-3	7.06582E-3
5.19868E+0	2.76074E-1	2.26964E-3	7.35850E-3
5.19873E+0	2.77393E-1	2.24886E-3	7.56108E-3
5.19844E+0	2.78613E-1	2.35556E-3	7.40418E-3
5.19824E+0	2.80078E-1	2.40413E-3	7.58731E-3
5.19893E+0	2.79736E-1	2.15256E-3	7.83020E-3
5.19858E+0	2.78955E-1	2.30753E-3	7.68617E-3
5.19927E+0	2.75977E-1	1.92518E-3	7.74314E-3
5.19868E+0	2.78564E-1	2.26964E-3	7.86335E-3
5.19854E+0	2.75781E-1	2.32468E-3	7.39311E-3
5.19854E+0	2.76807E-1	2.32468E-3	7.62451E-3
5.19883E+0	2.82080E-1	2.20342E-3	7.62956E-3
5.19849E+0	2.80615E-1	2.34069E-3	7.58525E-3
5.19868E+0	2.81055E-1	2.26964E-3	7.54912E-3
5.19883E+0	2.78369E-1	2.20342E-3	7.32816E-3
5.19834E+0	2.80566E-1	2.38199E-3	7.45604E-3
5.19858E+0	2.80420E-1	2.30753E-3	7.85968E-3
5.19893E+0	2.80225E-1	2.15256E-3	7.40662E-3
5.19878E+0	2.78711E-1	2.22680E-3	7.62404E-3
5.19854E+0	2.79883E-1	2.32468E-3	7.75557E-3
5.19917E+0	2.79541E-1	1.99883E-3	7.45458E-3
5.19902E+0	2.79297E-1	2.09587E-3	7.66562E-3
5.19893E+0	2.79199E-1	2.15256E-3	7.70885E-3
5.19917E+0	2.80371E-1	1.99883E-3	7.57651E-3
5.19912E+0	2.72754E-1	2.03288E-3	7.47539E-3
5.19937E+0	2.70020E-1	1.84338E-3	7.83651E-3
5.19868E+0	2.73975E-1	2.26964E-3	8.12010E-3
5.19897E+0	2.75439E-1	2.12497E-3	7.47781E-3
5.19868E+0	2.74658E-1	2.26964E-3	7.58270E-3
5.19897E+0	2.73047E-1	2.12497E-3	7.46443E-3
5.19927E+0	2.73193E-1	1.92518E-3	7.25816E-3
5.19907E+0	2.74170E-1	2.06520E-3	7.09032E-3
5.19902E+0	2.75000E-1	2.09587E-3	7.14125E-3
5.19912E+0	2.75000E-1	2.03288E-3	7.24172E-3
5.19922E+0	2.75391E-1	1.96296E-3	7.34474E-3
5.19932E+0	2.76807E-1	1.88537E-3	7.33473E-3
5.19941E+0	2.77637E-1	1.79909E-3	7.37811E-3
5.19937E+0	2.78223E-1	1.84338E-3	7.60190E-3
5.19922E+0	2.76074E-1	1.96296E-3	7.29275E-3
5.19883E+0	2.75439E-1	2.20342E-3	7.44553E-3
5.19893E+0	2.74219E-1	2.15256E-3	7.16952E-3
5.19897E+0	2.74121E-1	2.12497E-3	7.00987E-3
5.19902E+0	2.74268E-1	2.09587E-3	7.37925E-3
5.19893E+0	2.75586E-1	2.15256E-3	7.38790E-3
5.19932E+0	2.73047E-1	1.88537E-3	7.23506E-3
5.19888E+0	2.74609E-1	2.17869E-3	7.11558E-3
5.19897E+0	2.74463E-1	2.12497E-3	7.51635E-3
5.19917E+0	2.74951E-1	1.99883E-3	7.49710E-3
5.19941E+0	2.73486E-1	1.79909E-3	7.45846E-3
5.19849E+0	2.72949E-1	2.34069E-3	7.29539E-3
5.19883E+0	2.72070E-1	2.20342E-3	7.41263E-3
5.19917E+0	2.72168E-1	1.99883E-3	7.59048E-3
5.19932E+0	2.72803E-1	1.88537E-3	7.43129E-3
5.19897E+0	2.72559E-1	2.12497E-3	7.38985E-3
5.19893E+0	2.70996E-1	2.15256E-3	7.95848E-3
5.19883E+0	2.72998E-1	2.20342E-3	7.21556E-3
5.19883E+0	2.74121E-1	2.20342E-3	7.21306E-3
5.19917E+0	2.68604E-1	1.99883E-3	7.86703E-3
5.19937E+0	2.69580E-1	1.84338E-3	7.92194E-3
5.19893E+0	2.75244E-1	2.15256E-3	7.26744E-3
5.19937E+0	2.73877E-1	1.84338E-3	7.47781E-3
5.19917E+0	2.74609E-1	1.99883E-3	7.66939E-3
5.19937E+0	2.74805E-1	1.84338E-3	7.34736E-3
5.19937E+0	2.74609E-1	1.84338E-3	7.11558E-3
5.19917E+0	2.74658E-1	1.99883E-3	7.70870E-3
5.19961E+0	2.74854E-1	1.59472E-3	7.28862E-3
5.19956E+0	2.74805E-1	1.65038E-3	7.21506E-3
5.19971E+0	2.75049E-1	1.47222E-3	7.47652E-3
5.19912E+0	2.74365E-1	2.03288E-3	7.43258E-3
5.19937E+0	2.73779E-1	1.84338E-3	7.12014E-3
5.19951E+0	2.72412E-1	1.70281E-3	7.48424E-3
5.19941E+0	2.74658E-1	1.79909E-3	7.42221E-3
5.19883E+0	2.75049E-1	2.20342E-3	7.50866E-3
5.19922E+0	2.75732E-1	1.96296E-3	7.26081E-3
5.19912E+0	2.73975E-1	2.03288E-3	7.03987E-3
5.19878E+0	2.77295E-1	2.22680E-3	7.51635E-3
5.19922E+0	2.78125E-1	1.96296E-3	7.56824E-3
5.19927E+0	2.76025E-1	1.92518E-3	7.45717E-3
5.19946E+0	2.72900E-1	1.75230E-3	7.34130E-3
5.19932E+0	2.74854E-1	1.88537E-3	7.54833E-3
5.19941E+0	2.74951E-1	1.79909E-3	7.59286E-3
5.19941E+0	2.75049E-1	1.79909E-3	7.37925E-3
5.19927E+0	2.75928E-1	1.92518E-3	7.86703E-3
5.19917E+0	2.79199E-1	1.99883E-3	7.58286E-3
5.19912E+0	2.75830E-1	2.03288E-3	7.22890E-3
5.19937E+0	2.76123E-1	1.84338E-3	7.15793E-3
5.19863E+0	2.73877E-1	2.28919E-3	7.28201E-3
5.19946E+0	2.74707E-1	1.75230E-3	7.36504E-3
5.19971E+0	2.74658E-1	1.47222E-3	7.38969E-3
5.19922E+0	2.75342E-1	1.96296E-3	7.30842E-3
5.19956E+0	2.73828E-1	1.65038E-3	7.33424E-3
5.19951E+0	2.76074E-1	1.70281E-3	7.48827E-3
5.19946E+0	2.75635E-1	1.75230E-3	7.38969E-3
5.19917E+0	2.76172E-1	1.99883E-3	7.48505E-3
5.19927E+0	2.75830E-1	1.92518E-3	7.12826E-3
5.19932E+0	2.75146E-1	1.88537E-3	7.19149E-3
5.19907E+0	2.76758E-1	2.06520E-3	7.56697E-3
5.19883E+0	2.77344E-1	2.20342E-3	7.11151E-3
5.19922E+0	2.76514E-1	1.96296E-3	7.36619E-3
5.19902E+0	2.76465E-1	2.09587E-3	7.69009E-3
5.19922E+0	2.77686E-1	1.96296E-3	7.33342E-3
5.19883E+0	2.79199E-1	2.20342E-3	7.83282E-3
5.19849E+0	2.80469E-1	2.34069E-3	7.86167E-3
5.19912E+0	2.80029E-1	2.03288E-3	7.58270E-3
5.19907E+0	2.80762E-1	2.06520E-3	7.71260E-3
5.19907E+0	2.80713E-1	2.06520E-3	7.83635E-3
5.19902E+0	2.79785E-1	2.09587E-3	7.45862E-3
5.19946E+0	2.78613E-1	1.75230E-3	7.59682E-3
5.19941E+0	2.79395E-1	1.79909E-3	7.80818E-3
5.19902E+0	2.80908E-1	2.09587E-3	7.86580E-3
5.19927E+0	2.82666E-1	1.92518E-3	7.84864E-3
5.19927E+0	2.80859E-1	1.92518E-3	7.55423E-3
5.19951E+0	2.78906E-1	1.70281E-3	7.38659E-3
5.19941E+0	2.78662E-1	1.79909E-3	7.61060E-3
5.19917E+0	2.78467E-1	1.99883E-3	7.35964E-3
5.19937E+0	2.78516E-1	1.84338E-3	7.50433E-3
5.19966E+0	2.79541E-1	1.53548E-3	7.64596E-3
5.19937E+0	2.79443E-1	1.84338E-3	7.50224E-3
5.19912E+0	2.80127E-1	2.03288E-3	7.62325E-3
5.19927E+0	2.78906E-1	1.92518E-3	7.57969E-3
5.19932E+0	2.78760E-1	1.88537E-3	7.47781E-3
5.19912E+0	2.79492E-1	2.03288E-3	7.57460E-3
5.19922E+0	2.79443E-1	1.96296E-3	7.56617E-3
5.19927E+0	2.79980E-1	1.92518E-3	7.82790E-3
5.19937E+0	2.80371E-1	1.84338E-3	7.73381E-3
5.19932E+0	2.79248E-1	1.88537E-3	7.56108E-3
5.19927E+0	2.79932E-1	1.92518E-3	7.60427E-3
5.19932E+0	2.78662E-1	1.88537E-3	7.54705E-3
5.19922E+0	2.78369E-1	1.96296E-3	7.49068E-3
5.19907E+0	2.77148E-1	2.06520E-3	7.01331E-3
5.19907E+0	2.77344E-1	2.06520E-3	6.94013E-3
5.19897E+0	2.75781E-1	2.12497E-3	7.42561E-3
5.19902E+0	2.75195E-1	2.09587E-3	7.02703E-3
5.19902E+0	2.75635E-1	2.09587E-3	7.38969E-3
5.19956E+0	2.74951E-1	1.65038E-3	7.62451E-3
5.19932E+0	2.75342E-1	1.88537E-3	7.24222E-3
5.19932E+0	2.76465E-1	1.88537E-3	7.37027E-3
5.19902E+0	2.75879E-1	2.09587E-3	7.39376E-3
5.19917E+0	2.76318E-1	1.99883E-3	7.28201E-3
5.19917E+0	2.77783E-1	1.99883E-3	7.30842E-3
5.19932E+0	2.78174E-1	1.88537E-3	7.58525E-3
5.19917E+0	2.78271E-1	1.99883E-3	7.32816E-3
5.19932E+0	2.77539E-1	1.88537E-3	6.86055E-3
5.19932E+0	2.77588E-1	1.88537E-3	7.19149E-3
5.19971E+0	2.78369E-1	1.47222E-3	7.49068E-3
5.19946E+0	2.78125E-1	1.75230E-3	7.10880E-3
5.19946E+0	2.79053E-1	1.75230E-3	7.80186E-3
5.19927E+0	2.79053E-1	1.92518E-3	7.29126E-3
5.19927E+0	2.79004E-1	1.92518E-3	7.72882E-3
5.19863E+0	2.78711E-1	2.28919E-3	7.56060E-3
5.19902E+0	2.78516E-1	2.09587E-3	7.40743E-3
5.19907E+0	2.78174E-1	2.06520E-3	7.32685E-3
5.19912E+0	2.77490E-1	2.03288E-3	7.18077E-3
5.19917E+0	2.77100E-1	1.99883E-3	7.19149E-3
5.19912E+0	2.76611E-1	2.03288E-3	7.22490E-3
5.19932E+0	2.76172E-1	1.88537E-3	7.08845E-3
5.19951E+0	2.78223E-1	1.70281E-3	7.11084E-3
5.19985E+0	2.77686E-1	1.43159E-3	7.30051E-3
5.19985E+0	2.77393E-1	1.25211E-3	7.16868E-3
5.19917E+0	2.75000E-1	1.99883E-3	7.75557E-3
5.19946E+0	2.74756E-1	1.75230E-3	7.20755E-3
5.19932E+0	2.77051E-1	1.88537E-3	7.33227E-3
5.19937E+0	2.77148E-1	1.84338E-3	7.28284E-3
5.19927E+0	2.77246E-1	1.92518E-3	7.49341E-3
5.19985E+0	2.78125E-1	1.25211E-3	7.40743E-3
5.19922E+0	2.76904E-1	1.96296E-3	6.95036E-3
5.19937E+0	2.75049E-1	1.84338E-3	7.47652E-3
5.19937E+0	2.74414E-1	1.84338E-3	7.11151E-3
5.19976E+0	2.74414E-1	1.40441E-3	7.41003E-3
5.19932E+0	2.74414E-1	1.88537E-3	7.31188E-3
5.19917E+0	2.75098E-1	1.99883E-3	7.48183E-3
5.19922E+0	2.75488E-1	1.96296E-3	7.08369E-3
5.19917E+0	2.76318E-1	1.99883E-3	7.54194E-3
5.19883E+0	2.75928E-1	2.20342E-3	7.61819E-3
5.19902E+0	2.76904E-1	2.09587E-3	7.28862E-3
5.19902E+0	2.77539E-1	2.09587E-3	7.43339E-3
5.19902E+0	2.75098E-1	2.09587E-3	7.18630E-3
5.19941E+0	2.77197E-1	1.79909E-3	7.17406E-3
5.19927E+0	2.78027E-1	1.92518E-3	7.27291E-3
5.19907E+0	2.77637E-1	2.06520E-3	7.07825E-3
5.19907E+0	2.77588E-1	2.06520E-3	7.35703E-3
5.19946E+0	2.77197E-1	1.75230E-3	6.75924E-3
5.19956E+0	2.76611E-1	1.65038E-3	7.42221E-3
5.19946E+0	2.76562E-1	1.75230E-3	7.36177E-3
5.19946E+0	2.76025E-1	1.75230E-3	7.45717E-3
5.19937E+0	2.75342E-1	1.84338E-3	7.40662E-3
5.19922E+0	2.77686E-1	1.96296E-3	7.46362E-3
5.19927E+0	2.78125E-1	1.92518E-3	7.40743E-3
5.19951E+0	2.75586E-1	1.70281E-3	7.35523E-3
5.19868E+0	2.74854E-1	2.26964E-3	7.28862E-3
5.19946E+0	2.76807E-1	1.75230E-3	7.56108E-3
5.19917E+0	2.77393E-1	1.99883E-3	7.26877E-3
5.19917E+0	2.77100E-1	1.99883E-3	7.25816E-3
5.19907E+0	2.77783E-1	2.06520E-3	7.24222E-3
5.19937E+0	2.77588E-1	1.84338E-3	7.19149E-3
5.19927E+0	2.77393E-1	1.92518E-3	7.13501E-3
5.19941E+0	2.77637E-1	1.79909E-3	7.69760E-3
5.19883E+0	2.78662E-1	2.20342E-3	7.54705E-3
5.19897E+0	2.79492E-1	2.12497E-3	7.51074E-3
5.19912E+0	2.78174E-1	2.03288E-3	7.45717E-3
5.19912E+0	2.78467E-1	2.03288E-3	7.67990E-3
5.19902E+0	2.80811E-1	2.09587E-3	7.74361E-3
5.19902E+0	2.79736E-1	2.09587E-3	7.64344E-3
5.19937E+0	2.80273E-1	1.84338E-3	7.41003E-3
5.19932E+0	2.81299E-1	1.88537E-3	7.53555E-3
5.19917E+0	2.81934E-1	1.99883E-3	7.33227E-3
5.19927E+0	2.82520E-1	1.92518E-3	7.37811E-3
5.19937E+0	2.81396E-1	1.84338E-3	7.49582E-3
5.19927E+0	2.79150E-1	1.92518E-3	7.50866E-3
5.19976E+0	2.77197E-1	1.40441E-3	6.96973E-3
5.19937E+0	2.76562E-1	1.84338E-3	7.22973E-3
5.19956E+0	2.76660E-1	1.65038E-3	7.85860E-3
5.19941E+0	2.74561E-1	1.79909E-3	7.50224E-3
5.19941E+0	2.76465E-1	1.79909E-3	7.43534E-3
5.19927E+0	2.74805E-1	1.92518E-3	7.44505E-3
5.19897E+0	2.74658E-1	2.12497E-3	7.45458E-3
5.19917E+0	2.74658E-1	1.99883E-3	7.51892E-3
5.19893E+0	2.74268E-1	2.15256E-3	7.31369E-3
5.19912E+0	2.75195E-1	2.03288E-3	7.16280E-3
5.19917E+0	2.75049E-1	1.99883E-3	7.44424E-3
5.19927E+0	2.73926E-1	1.92518E-3	7.16213E-3
5.19863E+0	2.73828E-1	2.28919E-3	7.10067E-3
5.19902E+0	2.72705E-1	2.09587E-3	7.12420E-3
5.19907E+0	2.72412E-1	2.06520E-3	7.08760E-3
5.19937E+0	2.73437E-1	1.84338E-3	7.04346E-3
5.19917E+0	2.73047E-1	1.99883E-3	7.20170E-3
5.19888E+0	2.73096E-1	2.17869E-3	7.64218E-3
5.19897E+0	2.74414E-1	2.12497E-3	7.04346E-3
5.19966E+0	2.72754E-1	1.53548E-3	7.75992E-3
