4.75249E+0	-9.27734E-2	2.26964E-3	0.00000E+0
4.75190E+0	-9.27734E-2	1.92518E-3	0.00000E+0
4.75220E+0	-9.27734E-2	2.12497E-3	0.00000E+0
4.75293E+0	-9.27734E-2	2.40413E-3	0.00000E+0
4.75220E+0	-9.27734E-2	2.12497E-3	0.00000E+0
4.75200E+0	-9.27734E-2	1.99883E-3	0.00000E+0
4.75225E+0	-9.27734E-2	2.15256E-3	0.00000E+0
4.75210E+0	-9.27734E-2	2.06520E-3	0.00000E+0
4.75244E+0	-9.28223E-2	2.24886E-3	4.88281E-4
4.75195E+0	-9.27734E-2	1.96296E-3	0.00000E+0
4.75244E+0	-9.27734E-2	2.24886E-3	0.00000E+0
4.75229E+0	-9.27734E-2	2.17869E-3	0.00000E+0
4.75195E+0	-9.27734E-2	1.96296E-3	0.00000E+0
4.75210E+0	-9.27734E-2	2.06520E-3	0.00000E+0
4.75239E+0	-9.27734E-2	2.22680E-3	0.00000E+0
4.75234E+0	-9.27734E-2	2.20342E-3	0.00000E+0
4.75186E+0	-9.27734E-2	1.88537E-3	0.00000E+0
4.75229E+0	-9.27734E-2	2.17869E-3	0.00000E+0
4.75205E+0	-9.27734E-2	2.03288E-3	0.00000E+0
4.75200E+0	-9.27734E-2	1.99883E-3	0.00000E+0
4.75220E+0	-9.28223E-2	2.12497E-3	4.88281E-4
4.75186E+0	-9.27734E-2	1.88537E-3	0.00000E+0
4.75225E+0	-9.27734E-2	2.15256E-3	0.00000E+0
4.75225E+0	-9.27734E-2	2.15256E-3	0.00000E+0
4.75181E+0	-9.27734E-2	1.84338E-3	0.00000E+0
4.75205E+0	-9.27734E-2	2.03288E-3	0.00000E+0
4.75181E+0	-9.27734E-2	1.84338E-3	0.00000E+0
4.75225E+0	-9.27734E-2	2.15256E-3	0.00000E+0
4.75171E+0	-9.27734E-2	1.75230E-3	0.00000E+0
4.75210E+0	-9.27734E-2	2.06520E-3	0.00000E+0
4.75215E+0	-9.27734E-2	2.09587E-3	0.00000E+0
4.75244E+0	-9.27734E-2	2.24886E-3	0.00000E+0
4.75234E+0	-9.27734E-2	2.20342E-3	0.00000E+0
4.75205E+0	-9.27734E-2	2.03288E-3	0.00000E+0
4.75249E+0	-9.27734E-2	2.26964E-3	0.00000E+0
4.75273E+0	-9.27734E-2	2.35556E-3	0.00000E+0
4.75244E+0	-9.27734E-2	2.24886E-3	0.00000E+0
4.75190E+0	-9.27734E-2	1.92518E-3	0.00000E+0
4.75469E+0	-9.27734E-2	2.09587E-3	0.00000E+0
4.75586E+0	-9.27734E-2	0.00000E+0	0.00000E+0
4.75859E+0	-9.28223E-2	2.43597E-3	4.88281E-4
4.76162E+0	-9.27734E-2	1.88537E-3	0.00000E+0
4.76465E+0	-9.27246E-2	1.96296E-3	4.88281E-4
4.76812E+0	-9.27734E-2	2.45321E-3	0.00000E+0
4.77324E+0	-9.27246E-2	2.43597E-3	4.88281E-4
4.77568E+0	-9.27246E-2	1.16545E-3	4.88281E-4
4.77959E+0	-9.23828E-2	1.70281E-3	1.33135E-3
4.78018E+0	-9.22363E-2	6.87038E-4	1.53548E-3
4.78364E+0	-9.23828E-2	2.26964E-3	1.33135E-3
4.78867E+0	-9.20898E-2	2.20342E-3	1.70281E-3
4.79268E+0	-9.08203E-2	2.44584E-3	2.40413E-3
4.79634E+0	-8.97949E-2	2.22680E-3	2.39359E-3
4.79980E+0	-8.86230E-2	0.00000E+0	1.75230E-3
4.79980E+0	-8.85742E-2	0.00000E+0	1.70281E-3
4.79980E+0	-8.82324E-2	0.00000E+0	1.25211E-3
4.79980E+0	-8.83789E-2	0.00000E+0	1.47222E-3
4.79980E+0	-8.85254E-2	6.94013E-4	1.65038E-3
4.80015E+0	-8.81836E-2	1.25211E-3	1.16545E-3
4.80010E+0	-8.80371E-2	1.16545E-3	8.37142E-4
4.80034E+0	-8.80859E-2	1.53548E-3	9.61652E-4
4.80166E+0	-8.80371E-2	2.38199E-3	8.37142E-4
4.80869E+0	-8.78906E-2	4.18600E-3	0.00000E+0
4.82261E+0	-8.78906E-2	5.59768E-3	0.00000E+0
4.83735E+0	-8.84766E-2	3.44883E-3	1.59472E-3
4.84351E+0	-8.95508E-2	1.06955E-3	2.32468E-3
4.84375E+0	-9.05762E-2	0.00000E+0	2.44141E-3
4.84375E+0	-9.06250E-2	0.00000E+0	2.43597E-3
4.84375E+0	-9.07227E-2	0.00000E+0	2.42209E-3
4.84375E+0	-9.13086E-2	0.00000E+0	2.24886E-3
4.84375E+0	-9.14062E-2	0.00000E+0	2.20342E-3
4.84375E+0	-9.18457E-2	0.00000E+0	1.92518E-3
4.84380E+0	-9.13574E-2	4.88281E-4	2.22680E-3
4.84375E+0	-9.19922E-2	0.00000E+0	1.79909E-3
4.84565E+0	-9.16992E-2	2.39359E-3	2.03288E-3
4.84951E+0	-9.17969E-2	1.88537E-3	1.96296E-3
4.85347E+0	-9.21875E-2	4.88281E-4	1.59472E-3
4.85767E+0	-9.24805E-2	2.34069E-3	1.16545E-3
4.86333E+0	-9.27246E-2	1.47141E-3	4.88281E-4
4.86729E+0	-9.26270E-2	1.88537E-3	8.37142E-4
4.87598E+0	-9.26270E-2	4.10583E-3	8.37142E-4
4.88545E+0	-9.26270E-2	3.13614E-3	8.37142E-4
4.89224E+0	-9.26270E-2	1.59094E-3	8.37142E-4
4.89272E+0	-9.25781E-2	8.37142E-4	9.61652E-4
4.89302E+0	-9.24805E-2	1.40441E-3	1.16545E-3
4.89297E+0	-9.23340E-2	1.33135E-3	1.40441E-3
4.89434E+0	-9.25781E-2	2.35556E-3	9.61652E-4
4.89810E+0	-9.23340E-2	1.92017E-3	1.40441E-3
4.90723E+0	-9.10156E-2	3.67237E-3	2.35556E-3
4.91919E+0	-8.79395E-2	3.88740E-3	4.88281E-4
4.93149E+0	-8.54004E-2	4.01419E-3	2.45321E-3
4.94189E+0	-7.86621E-2	3.50459E-3	3.01676E-3
4.95000E+0	-6.86035E-2	2.51382E-3	2.72129E-3
4.95664E+0	-5.85937E-2	2.11418E-3	4.22151E-3
4.96421E+0	-4.37988E-2	2.30753E-3	4.46844E-3
4.96646E+0	-3.11523E-2	1.65038E-3	3.52378E-3
4.96738E+0	-2.66602E-2	2.28919E-3	2.44584E-3
4.97051E+0	-2.18262E-2	1.37408E-3	3.13883E-3
4.97500E+0	-1.24512E-2	1.59472E-3	3.42641E-3
4.97559E+0	-4.39453E-3	0.00000E+0	3.63943E-3
4.97896E+0	4.24805E-3	2.26964E-3	3.90471E-3
4.98179E+0	1.23535E-2	2.17869E-3	4.01419E-3
4.98818E+0	2.63672E-2	2.79162E-3	5.68074E-3
4.99653E+0	4.93652E-2	2.53053E-3	9.81225E-3
5.00518E+0	7.23145E-2	2.67172E-3	6.71778E-3
5.01299E+0	8.85254E-2	2.32468E-3	6.03651E-3
5.01841E+0	1.00537E-1	2.06520E-3	5.46885E-3
5.02148E+0	1.08643E-1	2.40413E-3	5.34773E-3
5.02417E+0	1.13086E-1	1.06955E-3	4.48270E-3
5.02451E+0	1.16504E-1	6.87038E-4	4.39042E-3
5.02700E+0	1.18701E-1	2.44928E-3	5.03793E-3
5.02939E+0	1.21777E-1	6.87038E-4	4.64626E-3
5.03345E+0	1.23877E-1	1.75230E-3	5.36032E-3
5.03828E+0	1.25879E-1	3.38006E-3	5.08006E-3
5.04536E+0	1.26318E-1	2.22680E-3	5.17749E-3
5.04888E+0	1.26953E-1	4.88281E-4	4.80826E-3
5.05210E+0	1.27686E-1	2.30753E-3	4.97443E-3
5.05483E+0	1.28711E-1	2.06520E-3	5.17121E-3
5.06064E+0	1.29395E-1	2.42209E-3	5.21665E-3
5.06650E+0	1.29785E-1	4.53929E-3	5.06106E-3
5.07617E+0	1.30713E-1	2.40413E-3	5.09308E-3
5.08813E+0	1.38037E-1	3.82495E-3	6.16286E-3
5.09819E+0	1.52393E-1	2.49217E-3	6.81035E-3
5.10503E+0	1.66992E-1	2.45321E-3	7.07757E-3
5.10996E+0	1.81348E-1	2.45174E-3	7.63477E-3
5.11440E+0	1.93262E-1	2.42954E-3	6.66325E-3
5.11719E+0	2.02881E-1	0.00000E+0	6.81318E-3
5.11719E+0	2.09033E-1	0.00000E+0	6.68183E-3
5.11772E+0	2.12842E-1	1.53548E-3	6.73210E-3
5.12183E+0	2.19531E-1	1.45163E-3	7.04072E-3
5.12388E+0	2.25879E-1	2.36932E-3	7.09863E-3
5.12622E+0	2.31592E-1	1.75230E-3	7.54705E-3
5.12759E+0	2.36621E-1	1.65038E-3	8.76272E-3
5.13213E+0	2.45020E-1	1.67428E-3	9.44928E-3
5.13608E+0	2.47070E-1	1.65038E-3	9.18093E-3
5.13623E+0	2.43115E-1	1.47222E-3	1.02304E-2
5.13657E+0	2.54639E-1	8.37142E-4	9.77487E-3
5.13628E+0	2.54688E-1	1.40441E-3	8.74346E-3
5.13667E+0	2.49707E-1	4.88281E-4	9.15518E-3
5.13672E+0	2.50049E-1	0.00000E+0	9.00333E-3
5.13789E+0	2.56982E-1	2.09587E-3	8.95935E-3
5.14146E+0	2.61768E-1	8.37142E-4	7.40662E-3
5.14321E+0	2.65332E-1	2.30753E-3	7.82790E-3
5.14687E+0	2.67285E-1	1.33135E-3	7.62214E-3
5.15054E+0	2.69385E-1	1.84338E-3	7.57253E-3
5.15137E+0	2.71094E-1	0.00000E+0	7.95788E-3
5.15444E+0	2.73145E-1	2.36932E-3	7.30595E-3
5.15737E+0	2.74561E-1	2.06520E-3	7.43776E-3
5.16211E+0	2.75732E-1	2.08204E-3	7.42480E-3
5.16602E+0	2.75391E-1	0.00000E+0	7.37746E-3
5.16973E+0	2.75928E-1	2.09587E-3	7.58651E-3
5.17295E+0	2.77441E-1	2.42209E-3	7.19166E-3
5.17563E+0	2.78711E-1	8.37142E-4	7.59239E-3
5.17920E+0	2.78955E-1	2.24886E-3	7.52788E-3
5.18242E+0	2.76953E-1	2.35556E-3	7.18161E-3
5.18623E+0	2.72559E-1	1.83881E-3	7.32438E-3
5.19038E+0	2.70166E-1	1.09623E-3	7.54066E-3
5.19292E+0	2.65723E-1	2.45321E-3	7.88797E-3
5.19531E+0	2.61475E-1	0.00000E+0	7.25816E-3
5.19912E+0	2.57178E-1	2.14808E-3	7.82282E-3
5.20420E+0	2.52979E-1	1.88537E-3	9.09382E-3
5.20728E+0	2.50049E-1	2.44141E-3	9.13609E-3
5.20991E+0	2.46191E-1	4.88281E-4	9.18565E-3
5.21157E+0	2.45996E-1	2.30753E-3	9.53554E-3
5.21475E+0	2.44775E-1	6.87038E-4	9.37958E-3
5.21714E+0	2.43506E-1	2.44928E-3	9.60788E-3
5.21987E+0	2.43555E-1	8.37142E-4	9.13570E-3
5.22344E+0	2.43896E-1	2.09587E-3	9.62591E-3
5.22803E+0	2.40039E-1	2.24886E-3	9.27799E-3
5.23218E+0	2.29883E-1	2.44141E-3	6.64515E-3
5.23955E+0	2.27441E-1	3.31532E-3	6.55392E-3
5.24429E+0	2.25732E-1	8.37142E-4	6.90028E-3
5.24780E+0	2.16064E-1	2.12497E-3	7.35703E-3
5.25342E+0	2.14551E-1	1.47222E-3	7.33884E-3
5.25391E+0	2.15430E-1	0.00000E+0	8.13151E-3
5.25391E+0	2.07422E-1	0.00000E+0	7.52228E-3
5.25420E+0	2.06738E-1	1.67428E-3	6.94776E-3
5.25820E+0	2.06104E-1	4.87195E-3	6.84562E-3
5.26333E+0	2.05371E-1	2.32831E-3	6.86406E-3
5.26914E+0	2.01758E-1	2.22517E-3	7.14125E-3
5.27432E+0	2.00488E-1	2.00904E-3	7.27291E-3
5.27798E+0	1.97852E-1	1.25211E-3	6.88718E-3
5.27832E+0	1.97412E-1	0.00000E+0	6.21732E-3
5.27832E+0	1.93652E-1	0.00000E+0	5.81564E-3
5.27832E+0	1.92334E-1	0.00000E+0	5.37109E-3
5.27837E+0	1.93164E-1	4.88281E-4	5.90197E-3
5.27847E+0	1.93018E-1	8.37142E-4	5.61486E-3
5.28188E+0	1.97900E-1	2.17869E-3	6.06835E-3
5.28579E+0	1.96240E-1	2.54571E-3	6.23434E-3
5.28838E+0	1.97363E-1	1.16545E-3	6.29145E-3
5.29238E+0	1.94531E-1	1.59472E-3	5.75319E-3
5.29355E+0	1.91992E-1	1.59472E-3	5.88398E-3
5.29756E+0	1.88867E-1	1.16545E-3	5.84291E-3
5.30083E+0	1.85986E-1	2.39359E-3	5.85177E-3
5.30874E+0	1.80566E-1	3.09245E-3	6.43526E-3
5.31616E+0	1.71582E-1	2.53813E-3	6.83594E-3
5.32520E+0	1.56152E-1	2.59676E-3	6.61973E-3
5.33359E+0	1.36426E-1	2.85137E-3	7.69134E-3
5.34023E+0	1.13525E-1	2.58561E-3	7.95470E-3
5.34717E+0	8.88672E-2	2.02338E-3	6.97474E-3
5.35200E+0	7.15332E-2	1.40441E-3	5.43705E-3
5.35654E+0	5.17578E-2	6.87038E-4	9.07539E-3
5.36045E+0	3.02734E-2	2.00904E-3	4.70702E-3
5.36587E+0	1.51367E-2	1.25211E-3	4.93189E-3
5.37251E+0	-9.27734E-4	2.88621E-3	5.91725E-3
5.37710E+0	-1.84570E-2	2.06520E-3	5.78908E-3
5.38198E+0	-3.30078E-2	2.06520E-3	4.34077E-3
5.38574E+0	-4.26270E-2	0.00000E+0	2.48830E-3
5.38574E+0	-4.62402E-2	0.00000E+0	2.44928E-3
5.38701E+0	-4.92676E-2	2.15256E-3	1.71338E-3
5.39043E+0	-5.34668E-2	9.61652E-4	2.44141E-3
5.39380E+0	-6.02539E-2	2.34069E-3	2.61708E-3
5.39731E+0	-6.58691E-2	2.36932E-3	2.45321E-3
5.40269E+0	-6.83594E-2	2.44928E-3	0.00000E+0
5.40527E+0	-7.14844E-2	0.00000E+0	2.35556E-3
5.40645E+0	-7.35352E-2	2.09587E-3	1.35644E-3
5.41152E+0	-7.73926E-2	2.20342E-3	1.75230E-3
5.41621E+0	-7.83691E-2	2.09587E-3	1.06955E-3
5.41982E+0	-8.06152E-2	6.87038E-4	2.45321E-3
5.42002E+0	-8.25684E-2	6.87038E-4	1.40441E-3
5.42378E+0	-8.30078E-2	1.99883E-3	0.00000E+0
5.42915E+0	-8.31543E-2	2.58700E-3	8.37142E-4
5.43438E+0	-8.38867E-2	9.61652E-4	1.88537E-3
5.43711E+0	-8.56445E-2	2.45174E-3	2.44584E-3
5.44243E+0	-8.72559E-2	2.39359E-3	1.65038E-3
5.44473E+0	-8.76953E-2	1.33135E-3	9.61652E-4
5.45376E+0	-8.78906E-2	4.96862E-3	0.00000E+0
5.46011E+0	-8.78418E-2	2.06520E-3	4.88281E-4
5.46514E+0	-8.78906E-2	2.15256E-3	0.00000E+0
5.46870E+0	-8.78906E-2	4.88281E-4	0.00000E+0
5.46899E+0	-8.78906E-2	1.06955E-3	0.00000E+0
5.47290E+0	-8.78906E-2	1.75230E-3	0.00000E+0
5.47368E+0	-8.78906E-2	4.88281E-4	0.00000E+0
5.47729E+0	-8.78906E-2	2.12497E-3	0.00000E+0
5.47891E+0	-8.78418E-2	1.33135E-3	4.88281E-4
5.48223E+0	-8.78418E-2	2.09587E-3	4.88281E-4
5.48315E+0	-8.77930E-2	1.06955E-3	6.87038E-4
5.48335E+0	-8.77930E-2	4.88281E-4	6.87038E-4
5.48330E+0	-8.78906E-2	6.87038E-4	0.00000E+0
5.48311E+0	-8.78906E-2	1.16545E-3	0.00000E+0
5.48320E+0	-8.78418E-2	9.61652E-4	4.88281E-4
5.48525E+0	-8.78418E-2	2.38199E-3	4.88281E-4
5.48999E+0	-8.73535E-2	2.34069E-3	1.53548E-3
5.49360E+0	-8.63281E-2	1.40441E-3	2.28919E-3
5.49824E+0	-8.47168E-2	1.18593E-3	2.34069E-3
5.50244E+0	-8.33984E-2	1.47222E-3	1.33135E-3
5.50483E+0	-8.31055E-2	2.39359E-3	6.87038E-4
5.51055E+0	-8.30078E-2	2.62627E-3	0.00000E+0
5.51689E+0	-8.30078E-2	1.70281E-3	0.00000E+0
5.52319E+0	-8.30078E-2	3.28283E-3	0.00000E+0
5.53027E+0	-8.30078E-2	2.40413E-3	0.00000E+0
5.53594E+0	-8.30078E-2	2.09587E-3	0.00000E+0
5.53804E+0	-8.31543E-2	1.92518E-3	8.37142E-4
5.54175E+0	-8.33984E-2	1.06955E-3	1.33135E-3
5.54536E+0	-8.40820E-2	2.37338E-3	2.03288E-3
5.55142E+0	-8.62793E-2	2.22247E-3	2.30753E-3
5.55640E+0	-8.76953E-2	1.06955E-3	9.61652E-4
5.55703E+0	-8.78418E-2	1.33135E-3	4.88281E-4
5.56118E+0	-8.78906E-2	1.59094E-3	0.00000E+0
5.56636E+0	-8.78906E-2	1.62686E-3	0.00000E+0
5.57178E+0	-8.78906E-2	2.35351E-3	0.00000E+0
5.57778E+0	-8.78906E-2	2.30753E-3	0.00000E+0
5.58540E+0	-8.80371E-2	2.76693E-3	8.37142E-4
5.59043E+0	-8.81836E-2	1.33135E-3	1.16545E-3
5.59360E+0	-8.81348E-2	2.42954E-3	1.06955E-3
5.60024E+0	-8.89648E-2	3.27402E-3	2.03288E-3
5.60547E+0	-8.89160E-2	0.00000E+0	1.99883E-3
5.60547E+0	-8.93555E-2	0.00000E+0	2.24886E-3
5.60654E+0	-8.93066E-2	2.03288E-3	2.22680E-3
5.61328E+0	-8.99902E-2	2.40413E-3	2.42954E-3
5.61582E+0	-8.99902E-2	1.59472E-3	2.42954E-3
5.62017E+0	-9.07715E-2	1.09623E-3	2.41363E-3
5.62476E+0	-9.17480E-2	2.34069E-3	1.99883E-3
5.63032E+0	-9.22852E-2	1.56653E-3	1.47222E-3
5.63389E+0	-9.26270E-2	1.88537E-3	8.37142E-4
5.63467E+0	-9.26758E-2	6.87038E-4	6.87038E-4
5.63550E+0	-9.25781E-2	1.75230E-3	9.61652E-4
5.63931E+0	-9.27246E-2	1.25211E-3	4.88281E-4
5.64375E+0	-9.27734E-2	1.79909E-3	0.00000E+0
5.64561E+0	-9.27734E-2	3.07096E-3	0.00000E+0
5.64971E+0	-9.27734E-2	4.89857E-3	0.00000E+0
5.64961E+0	-9.27734E-2	4.90348E-3	0.00000E+0
5.65254E+0	-9.27734E-2	3.77073E-3	0.00000E+0
5.65586E+0	-9.27734E-2	2.28919E-3	0.00000E+0
5.65757E+0	-9.27734E-2	2.30753E-3	0.00000E+0
5.65918E+0	-9.27246E-2	0.00000E+0	4.88281E-4
5.66274E+0	-9.27734E-2	2.17869E-3	0.00000E+0
5.66753E+0	-9.27734E-2	2.22680E-3	0.00000E+0
5.66895E+0	-9.27734E-2	0.00000E+0	0.00000E+0
5.67285E+0	-9.27734E-2	1.96296E-3	0.00000E+0
5.67583E+0	-9.27734E-2	2.41363E-3	0.00000E+0
5.67817E+0	-9.27734E-2	1.53548E-3	0.00000E+0
5.67871E+0	-9.27734E-2	0.00000E+0	0.00000E+0
5.67871E+0	-9.27734E-2	0.00000E+0	0.00000E+0
5.68022E+0	-9.27734E-2	2.26964E-3	0.00000E+0
5.68535E+0	-9.27734E-2	2.45567E-3	0.00000E+0
5.68848E+0	-9.27734E-2	0.00000E+0	0.00000E+0
5.68848E+0	-9.27734E-2	0.00000E+0	0.00000E+0
5.68848E+0	-9.27734E-2	0.00000E+0	0.00000E+0
5.68848E+0	-9.27734E-2	0.00000E+0	0.00000E+0
5.68867E+0	-9.27734E-2	9.61652E-4	0.00000E+0
5.68882E+0	-9.27734E-2	1.25211E-3	0.00000E+0
5.68867E+0	-9.27734E-2	9.61652E-4	0.00000E+0
5.68862E+0	-9.27734E-2	8.37142E-4	0.00000E+0
5.68867E+0	-9.28223E-2	9.61652E-4	4.88281E-4
5.68901E+0	-9.27734E-2	1.53548E-3	0.00000E+0
5.68882E+0	-9.27734E-2	1.25211E-3	0.00000E+0
5.68857E+0	-9.27734E-2	6.87038E-4	0.00000E+0
5.68862E+0	-9.27734E-2	8.37142E-4	0.00000E+0
5.68872E+0	-9.27734E-2	1.06955E-3	0.00000E+0
5.68882E+0	-9.27734E-2	1.25211E-3	0.00000E+0
5.68892E+0	-9.28223E-2	1.40441E-3	4.88281E-4
5.68887E+0	-9.27734E-2	1.33135E-3	0.00000E+0
5.68882E+0	-9.27734E-2	1.25211E-3	0.00000E+0
5.68887E+0	-9.27734E-2	1.33135E-3	0.00000E+0
5.68887E+0	-9.27734E-2	1.33135E-3	0.00000E+0
5.68906E+0	-9.28223E-2	1.59472E-3	4.88281E-4
5.68882E+0	-9.27734E-2	1.25211E-3	0.00000E+0
5.68896E+0	-9.27734E-2	1.47222E-3	0.00000E+0
5.68862E+0	-9.28223E-2	8.37142E-4	4.88281E-4
5.68853E+0	-9.28223E-2	4.88281E-4	4.88281E-4
