5.19531E+0	3.38525E-1	0.00000E+0	8.78015E-3
5.19531E+0	3.38330E-1	0.00000E+0	8.62072E-3
5.19531E+0	3.37891E-1	0.00000E+0	8.94173E-3
5.19531E+0	3.38232E-1	0.00000E+0	8.77467E-3
5.19531E+0	3.38379E-1	0.00000E+0	8.48571E-3
5.19531E+0	3.37207E-1	0.00000E+0	8.71863E-3
5.19531E+0	3.37695E-1	0.00000E+0	9.19979E-3
5.19531E+0	3.36963E-1	0.00000E+0	9.24614E-3
5.19531E+0	3.37158E-1	0.00000E+0	8.84356E-3
5.19531E+0	3.38184E-1	0.00000E+0	9.01202E-3
5.19531E+0	3.37646E-1	0.00000E+0	8.92488E-3
5.19531E+0	3.35352E-1	0.00000E+0	8.93850E-3
5.19531E+0	3.37695E-1	0.00000E+0	8.88011E-3
5.19531E+0	3.37451E-1	0.00000E+0	8.85771E-3
5.19531E+0	3.34814E-1	0.00000E+0	8.89461E-3
5.19531E+0	3.37744E-1	0.00000E+0	9.02363E-3
5.19531E+0	3.39502E-1	0.00000E+0	8.68085E-3
5.19531E+0	3.41064E-1	0.00000E+0	8.70633E-3
5.19531E+0	3.41016E-1	0.00000E+0	8.34895E-3
5.19531E+0	3.41650E-1	0.00000E+0	8.54101E-3
5.19531E+0	3.39648E-1	0.00000E+0	8.78742E-3
5.19531E+0	3.38721E-1	0.00000E+0	9.06623E-3
5.19531E+0	3.40088E-1	0.00000E+0	8.48216E-3
5.19531E+0	3.38574E-1	0.00000E+0	8.75722E-3
5.19531E+0	3.36377E-1	0.00000E+0	9.15189E-3
5.19531E+0	3.37207E-1	0.00000E+0	9.25460E-3
5.19531E+0	3.34473E-1	0.00000E+0	8.59848E-3
5.19531E+0	3.35742E-1	0.00000E+0	9.13148E-3
5.19531E+0	3.35254E-1	0.00000E+0	8.97453E-3
5.19531E+0	3.30811E-1	0.00000E+0	8.67863E-3
5.19531E+0	3.31055E-1	0.00000E+0	8.80603E-3
5.19531E+0	3.32568E-1	0.00000E+0	8.55341E-3
5.19531E+0	3.31641E-1	0.00000E+0	8.57548E-3
5.19531E+0	3.31787E-1	0.00000E+0	8.95182E-3
5.19531E+0	3.33496E-1	0.00000E+0	9.06212E-3
5.19531E+0	3.33301E-1	0.00000E+0	8.90448E-3
5.19531E+0	3.29980E-1	0.00000E+0	8.78358E-3
5.19531E+0	3.31689E-1	0.00000E+0	8.84029E-3
5.19531E+0	3.32324E-1	0.00000E+0	8.57941E-3
5.19531E+0	3.33350E-1	0.00000E+0	8.60842E-3
5.19531E+0	3.33350E-1	0.00000E+0	8.66419E-3
5.19531E+0	3.30225E-1	0.00000E+0	8.79659E-3
5.19531E+0	3.30518E-1	0.00000E+0	8.82502E-3
5.19531E+0	3.28662E-1	0.00000E+0	8.93351E-3
5.19531E+0	3.25781E-1	0.00000E+0	8.97077E-3
5.19531E+0	3.25537E-1	0.00000E+0	8.47307E-3
5.19531E+0	3.26318E-1	0.00000E+0	9.02363E-3
5.19531E+0	3.29688E-1	0.00000E+0	8.62588E-3
5.19531E+0	3.23877E-1	0.00000E+0	8.58601E-3
5.19531E+0	3.27588E-1	0.00000E+0	8.94429E-3
5.19531E+0	3.27832E-1	0.00000E+0	8.91530E-3
5.19531E+0	3.28809E-1	0.00000E+0	8.53438E-3
5.19531E+0	3.27441E-1	0.00000E+0	8.77370E-3
5.19531E+0	3.27832E-1	0.00000E+0	8.83389E-3
5.19531E+0	3.28613E-1	0.00000E+0	8.90124E-3
5.19531E+0	3.29443E-1	0.00000E+0	8.19567E-3
5.19531E+0	3.28369E-1	0.00000E+0	8.81628E-3
5.19531E+0	3.28809E-1	0.00000E+0	8.61862E-3
5.19531E+0	3.27002E-1	0.00000E+0	9.06092E-3
5.19531E+0	3.27295E-1	0.00000E+0	8.59722E-3
5.19531E+0	3.26758E-1	0.00000E+0	8.71477E-3
5.19531E+0	3.23779E-1	0.00000E+0	8.60394E-3
5.19531E+0	3.22803E-1	0.00000E+0	8.66530E-3
5.19531E+0	3.26172E-1	0.00000E+0	8.88770E-3
5.19531E+0	3.24072E-1	0.00000E+0	8.17213E-3
5.19531E+0	3.19092E-1	0.00000E+0	8.33899E-3
5.19531E+0	3.23193E-1	0.00000E+0	8.85227E-3
5.19531E+0	3.27295E-1	0.00000E+0	8.87292E-3
5.19531E+0	3.24756E-1	0.00000E+0	8.84683E-3
5.19526E+0	3.22559E-1	4.88281E-4	8.26487E-3
5.19531E+0	3.19434E-1	0.00000E+0	7.94879E-3
5.19531E+0	3.19385E-1	0.00000E+0	7.94622E-3
5.19531E+0	3.18066E-1	0.00000E+0	8.00435E-3
5.19531E+0	3.18506E-1	0.00000E+0	8.17802E-3
5.19531E+0	3.20020E-1	0.00000E+0	8.19464E-3
5.19531E+0	3.19922E-1	0.00000E+0	8.13743E-3
5.19531E+0	3.22656E-1	0.00000E+0	8.49081E-3
5.19531E+0	3.20605E-1	0.00000E+0	8.12973E-3
5.19531E+0	3.21484E-1	0.00000E+0	8.17404E-3
5.19531E+0	3.20605E-1	0.00000E+0	8.18876E-3
5.19531E+0	3.17969E-1	0.00000E+0	8.19053E-3
5.19531E+0	3.18115E-1	0.00000E+0	8.07489E-3
5.19531E+0	3.21729E-1	0.00000E+0	8.52521E-3
5.19531E+0	3.19482E-1	0.00000E+0	8.04142E-3
5.19531E+0	3.19238E-1	0.00000E+0	7.93667E-3
5.19531E+0	3.18945E-1	0.00000E+0	8.14926E-3
5.19531E+0	3.19043E-1	0.00000E+0	8.21812E-3
5.19531E+0	3.16846E-1	0.00000E+0	8.12010E-3
5.19531E+0	3.21094E-1	0.00000E+0	8.44645E-3
5.19531E+0	3.22754E-1	0.00000E+0	8.25554E-3
5.19531E+0	3.20605E-1	0.00000E+0	8.12973E-3
5.19531E+0	3.20166E-1	0.00000E+0	8.30658E-3
5.19531E+0	3.22266E-1	0.00000E+0	8.35702E-3
5.19531E+0	3.21240E-1	0.00000E+0	8.24956E-3
5.19531E+0	3.17920E-1	0.00000E+0	8.44003E-3
5.19531E+0	3.16357E-1	0.00000E+0	8.07250E-3
5.19531E+0	3.17236E-1	0.00000E+0	8.25423E-3
5.19531E+0	3.21045E-1	0.00000E+0	8.13432E-3
5.19531E+0	3.20215E-1	0.00000E+0	8.30441E-3
5.19531E+0	3.20898E-1	0.00000E+0	8.24328E-3
5.19531E+0	3.21436E-1	0.00000E+0	8.21328E-3
5.19531E+0	3.18555E-1	0.00000E+0	8.03737E-3
5.19531E+0	3.15869E-1	0.00000E+0	7.81173E-3
5.19531E+0	3.17236E-1	0.00000E+0	8.13669E-3
5.19531E+0	3.19385E-1	0.00000E+0	8.06654E-3
5.19531E+0	3.20020E-1	0.00000E+0	8.31136E-3
5.19531E+0	3.19238E-1	0.00000E+0	7.99712E-3
5.19531E+0	3.19775E-1	0.00000E+0	7.95833E-3
5.19531E+0	3.20947E-1	0.00000E+0	8.49578E-3
5.19531E+0	3.21533E-1	0.00000E+0	8.33899E-3
5.19531E+0	3.22803E-1	0.00000E+0	8.35399E-3
5.19531E+0	3.21973E-1	0.00000E+0	8.26487E-3
5.19531E+0	3.21387E-1	0.00000E+0	8.07504E-3
5.19531E+0	3.21924E-1	0.00000E+0	8.10109E-3
5.19531E+0	3.21631E-1	0.00000E+0	8.31817E-3
5.19531E+0	3.22363E-1	0.00000E+0	8.47094E-3
5.19531E+0	3.22217E-1	0.00000E+0	8.19685E-3
5.19531E+0	3.22803E-1	0.00000E+0	8.29614E-3
5.19531E+0	3.22070E-1	0.00000E+0	8.49762E-3
5.19531E+0	3.21631E-1	0.00000E+0	8.26006E-3
5.19531E+0	3.23486E-1	0.00000E+0	8.51050E-3
5.19531E+0	3.23730E-1	0.00000E+0	8.45728E-3
5.19531E+0	3.21924E-1	0.00000E+0	8.16033E-3
5.19531E+0	3.22510E-1	0.00000E+0	8.33899E-3
5.19531E+0	3.22607E-1	0.00000E+0	8.42175E-3
5.19531E+0	3.22900E-1	0.00000E+0	8.31817E-3
5.19531E+0	3.21729E-1	0.00000E+0	8.14970E-3
5.19531E+0	3.19336E-1	0.00000E+0	8.12321E-3
5.19531E+0	3.20996E-1	0.00000E+0	8.17110E-3
5.19531E+0	3.20801E-1	0.00000E+0	8.13802E-3
5.19531E+0	3.23047E-1	0.00000E+0	8.46354E-3
5.19531E+0	3.23047E-1	0.00000E+0	8.34895E-3
5.19531E+0	3.23975E-1	0.00000E+0	8.59498E-3
5.19531E+0	3.23242E-1	0.00000E+0	8.49989E-3
5.19531E+0	3.22168E-1	0.00000E+0	8.29861E-3
5.19531E+0	3.22754E-1	0.00000E+0	8.59848E-3
5.19531E+0	3.22705E-1	0.00000E+0	8.38852E-3
5.19531E+0	3.23682E-1	0.00000E+0	8.33668E-3
5.19531E+0	3.24121E-1	0.00000E+0	8.68986E-3
5.19531E+0	3.24072E-1	0.00000E+0	8.28917E-3
5.19531E+0	3.22559E-1	0.00000E+0	8.26487E-3
5.19531E+0	3.22314E-1	0.00000E+0	8.31354E-3
5.19531E+0	3.23828E-1	0.00000E+0	8.55299E-3
5.19531E+0	3.20801E-1	0.00000E+0	8.10837E-3
5.19531E+0	3.20801E-1	0.00000E+0	8.07862E-3
5.19531E+0	3.19629E-1	0.00000E+0	8.19464E-3
5.19531E+0	3.18799E-1	0.00000E+0	8.27870E-3
5.19531E+0	3.18750E-1	0.00000E+0	8.27245E-3
5.19531E+0	3.18359E-1	0.00000E+0	8.18229E-3
5.19531E+0	3.21631E-1	0.00000E+0	8.05339E-3
5.19531E+0	3.19678E-1	0.00000E+0	8.25423E-3
5.19531E+0	3.21729E-1	0.00000E+0	8.14970E-3
5.19531E+0	3.20947E-1	0.00000E+0	8.46738E-3
5.19531E+0	3.17773E-1	0.00000E+0	8.34779E-3
5.19531E+0	3.18408E-1	0.00000E+0	8.56466E-3
5.19531E+0	3.22217E-1	0.00000E+0	8.19685E-3
5.19531E+0	3.21777E-1	0.00000E+0	8.54228E-3
5.19531E+0	3.19287E-1	0.00000E+0	8.06056E-3
5.19531E+0	3.21533E-1	0.00000E+0	8.28103E-3
5.19531E+0	3.17725E-1	0.00000E+0	8.18979E-3
5.19531E+0	3.14697E-1	0.00000E+0	7.92437E-3
5.19531E+0	3.18701E-1	0.00000E+0	8.17802E-3
5.19531E+0	3.21191E-1	0.00000E+0	8.51630E-3
5.19531E+0	3.20361E-1	0.00000E+0	8.55341E-3
5.19531E+0	3.20850E-1	0.00000E+0	8.30774E-3
5.19531E+0	3.19141E-1	0.00000E+0	8.07921E-3
5.19531E+0	3.20020E-1	0.00000E+0	7.98627E-3
5.19531E+0	3.21045E-1	0.00000E+0	8.28103E-3
5.19531E+0	3.21240E-1	0.00000E+0	8.30774E-3
5.19531E+0	3.18359E-1	0.00000E+0	8.03378E-3
5.19531E+0	3.17822E-1	0.00000E+0	8.18509E-3
5.19531E+0	3.18506E-1	0.00000E+0	8.41031E-3
5.19531E+0	3.20947E-1	0.00000E+0	8.11891E-3
5.19531E+0	3.18408E-1	0.00000E+0	8.19097E-3
5.19531E+0	3.16553E-1	0.00000E+0	8.03543E-3
5.19531E+0	3.19971E-1	0.00000E+0	8.28336E-3
5.19531E+0	3.22168E-1	0.00000E+0	8.61191E-3
5.19531E+0	3.22705E-1	0.00000E+0	8.61513E-3
5.19531E+0	3.22656E-1	0.00000E+0	8.37659E-3
5.19531E+0	3.21924E-1	0.00000E+0	8.45030E-3
5.19531E+0	3.20068E-1	0.00000E+0	8.28103E-3
5.19531E+0	3.18750E-1	0.00000E+0	8.15517E-3
5.19531E+0	3.19482E-1	0.00000E+0	8.33552E-3
5.19531E+0	3.16650E-1	0.00000E+0	8.04501E-3
5.19531E+0	3.15820E-1	0.00000E+0	7.87880E-3
5.19531E+0	3.16650E-1	0.00000E+0	7.92437E-3
5.19531E+0	3.15820E-1	0.00000E+0	8.08994E-3
5.19531E+0	3.12988E-1	0.00000E+0	7.80572E-3
5.19531E+0	3.17480E-1	0.00000E+0	8.18170E-3
5.19531E+0	3.16504E-1	0.00000E+0	7.86350E-3
5.19531E+0	3.13379E-1	0.00000E+0	7.77108E-3
5.19531E+0	3.14014E-1	0.00000E+0	7.59286E-3
5.19531E+0	3.14014E-1	0.00000E+0	7.74983E-3
5.19531E+0	3.13184E-1	0.00000E+0	7.60316E-3
5.19531E+0	3.17188E-1	0.00000E+0	8.23861E-3
5.19531E+0	3.19287E-1	0.00000E+0	8.00059E-3
5.19531E+0	3.14209E-1	0.00000E+0	7.48682E-3
5.19531E+0	3.14453E-1	0.00000E+0	8.12321E-3
5.19531E+0	3.16797E-1	0.00000E+0	8.19053E-3
5.19526E+0	3.13770E-1	4.88281E-4	7.71635E-3
5.19531E+0	3.12354E-1	0.00000E+0	7.80433E-3
5.19531E+0	3.12988E-1	0.00000E+0	8.04875E-3
5.19531E+0	3.14502E-1	0.00000E+0	8.18509E-3
5.19531E+0	3.17188E-1	0.00000E+0	8.00134E-3
5.19531E+0	3.14404E-1	0.00000E+0	7.56744E-3
5.19531E+0	3.13037E-1	0.00000E+0	7.78703E-3
5.19531E+0	3.11328E-1	0.00000E+0	7.66939E-3
5.19531E+0	3.11279E-1	0.00000E+0	8.22266E-3
5.19531E+0	3.13623E-1	0.00000E+0	7.72368E-3
5.19531E+0	3.14063E-1	0.00000E+0	7.84818E-3
5.19531E+0	3.15039E-1	0.00000E+0	7.83589E-3
5.19526E+0	3.14160E-1	4.88281E-4	8.01036E-3
5.19531E+0	3.15186E-1	0.00000E+0	7.67739E-3
5.19531E+0	3.14844E-1	0.00000E+0	8.01818E-3
5.19531E+0	3.14404E-1	0.00000E+0	7.90977E-3
5.19531E+0	3.13818E-1	0.00000E+0	7.75480E-3
5.19531E+0	3.16748E-1	0.00000E+0	8.23086E-3
