4.75581E+0	-9.27734E-2	4.88281E-4	0.00000E+0
4.75581E+0	-9.27734E-2	4.88281E-4	0.00000E+0
4.75581E+0	-9.27734E-2	4.88281E-4	0.00000E+0
4.75581E+0	-9.28711E-2	4.88281E-4	6.87038E-4
4.75581E+0	-9.27734E-2	4.88281E-4	0.00000E+0
4.75576E+0	-9.28223E-2	6.87038E-4	4.88281E-4
4.75576E+0	-9.27734E-2	6.87038E-4	0.00000E+0
4.75586E+0	-9.28223E-2	0.00000E+0	4.88281E-4
4.75581E+0	-9.27734E-2	4.88281E-4	0.00000E+0
4.75581E+0	-9.27734E-2	4.88281E-4	0.00000E+0
4.75586E+0	-9.27734E-2	0.00000E+0	0.00000E+0
4.75586E+0	-9.28223E-2	0.00000E+0	4.88281E-4
4.75581E+0	-9.27734E-2	4.88281E-4	0.00000E+0
4.75581E+0	-9.27734E-2	4.88281E-4	0.00000E+0
4.75586E+0	-9.27734E-2	0.00000E+0	0.00000E+0
4.75566E+0	-9.27734E-2	9.61652E-4	0.00000E+0
4.75576E+0	-9.27734E-2	6.87038E-4	0.00000E+0
4.75576E+0	-9.27734E-2	6.87038E-4	0.00000E+0
4.75576E+0	-9.28223E-2	6.87038E-4	4.88281E-4
4.75571E+0	-9.27734E-2	8.37142E-4	0.00000E+0
4.75581E+0	-9.27734E-2	4.88281E-4	0.00000E+0
4.75562E+0	-9.27734E-2	1.06955E-3	0.00000E+0
4.75581E+0	-9.27734E-2	4.88281E-4	0.00000E+0
4.75586E+0	-9.28223E-2	0.00000E+0	4.88281E-4
4.75835E+0	-9.27734E-2	2.45321E-3	0.00000E+0
4.76079E+0	-9.27734E-2	4.88281E-4	0.00000E+0
4.76396E+0	-9.27734E-2	2.32468E-3	0.00000E+0
4.77246E+0	-9.27734E-2	3.25521E-3	0.00000E+0
4.78159E+0	-9.27734E-2	3.16937E-3	0.00000E+0
4.78931E+0	-9.27734E-2	2.53813E-3	0.00000E+0
4.79253E+0	-9.28711E-2	2.45321E-3	6.87038E-4
4.79199E+0	-9.28223E-2	2.40413E-3	4.88281E-4
4.79229E+0	-9.28223E-2	2.44584E-3	4.88281E-4
4.79243E+0	-9.27734E-2	2.45321E-3	0.00000E+0
4.79282E+0	-9.27734E-2	2.42954E-3	0.00000E+0
4.79272E+0	-9.27734E-2	2.44141E-3	0.00000E+0
4.79302E+0	-9.28223E-2	2.39359E-3	4.88281E-4
4.79248E+0	-9.27734E-2	2.45371E-3	0.00000E+0
4.79282E+0	-9.27734E-2	2.42954E-3	0.00000E+0
4.79219E+0	-9.27734E-2	2.43597E-3	0.00000E+0
4.79253E+0	-9.27734E-2	2.45321E-3	0.00000E+0
4.79287E+0	-9.27734E-2	2.42209E-3	0.00000E+0
4.79326E+0	-9.27734E-2	2.32468E-3	0.00000E+0
4.79492E+0	-9.28223E-2	0.00000E+0	4.88281E-4
4.79722E+0	-9.28223E-2	2.44928E-3	4.88281E-4
4.80044E+0	-9.27734E-2	1.65038E-3	0.00000E+0
4.80127E+0	-9.28223E-2	2.24886E-3	4.88281E-4
4.80132E+0	-9.27734E-2	2.26964E-3	0.00000E+0
4.80127E+0	-9.28711E-2	2.24886E-3	6.87038E-4
4.80122E+0	-9.27734E-2	2.22680E-3	0.00000E+0
4.80127E+0	-9.28223E-2	2.24886E-3	4.88281E-4
4.80132E+0	-9.27734E-2	2.26964E-3	0.00000E+0
4.80215E+0	-9.27734E-2	2.45174E-3	0.00000E+0
4.80415E+0	-9.27734E-2	1.53548E-3	0.00000E+0
4.80415E+0	-9.27734E-2	1.53548E-3	0.00000E+0
4.80449E+0	-9.27734E-2	9.61652E-4	0.00000E+0
4.80464E+0	-9.27734E-2	4.88281E-4	0.00000E+0
4.80479E+0	-9.28223E-2	6.87038E-4	4.88281E-4
4.80708E+0	-9.27734E-2	2.45321E-3	0.00000E+0
4.80864E+0	-9.27734E-2	1.92518E-3	0.00000E+0
4.81074E+0	-9.27734E-2	2.09587E-3	0.00000E+0
4.81436E+0	-9.27734E-2	6.87038E-4	0.00000E+0
4.81436E+0	-9.28223E-2	6.87038E-4	4.88281E-4
4.81436E+0	-9.27734E-2	6.87038E-4	0.00000E+0
4.81445E+0	-9.27734E-2	0.00000E+0	0.00000E+0
4.81445E+0	-9.28223E-2	0.00000E+0	4.88281E-4
4.81445E+0	-9.27734E-2	0.00000E+0	0.00000E+0
4.81431E+0	-9.27734E-2	8.37142E-4	0.00000E+0
4.81440E+0	-9.27734E-2	4.88281E-4	0.00000E+0
4.81440E+0	-9.27734E-2	4.88281E-4	0.00000E+0
4.81445E+0	-9.27734E-2	0.00000E+0	0.00000E+0
4.81445E+0	-9.27734E-2	0.00000E+0	0.00000E+0
4.81973E+0	-9.27734E-2	2.04469E-3	0.00000E+0
4.82397E+0	-9.27734E-2	1.06955E-3	0.00000E+0
4.82417E+0	-9.28223E-2	4.88281E-4	4.88281E-4
4.82422E+0	-9.27734E-2	0.00000E+0	0.00000E+0
4.82422E+0	-9.27734E-2	0.00000E+0	0.00000E+0
4.82451E+0	-9.27734E-2	1.16545E-3	0.00000E+0
4.82529E+0	-9.27734E-2	2.03288E-3	0.00000E+0
4.82837E+0	-9.27734E-2	1.75230E-3	0.00000E+0
4.82939E+0	-9.27734E-2	1.16545E-3	0.00000E+0
4.82993E+0	-9.27734E-2	1.84338E-3	0.00000E+0
4.82979E+0	-9.27734E-2	1.70281E-3	0.00000E+0
4.83066E+0	-9.27734E-2	2.28919E-3	0.00000E+0
4.83315E+0	-9.27734E-2	1.84338E-3	0.00000E+0
4.83389E+0	-9.28223E-2	6.87038E-4	4.88281E-4
4.83398E+0	-9.27734E-2	0.00000E+0	0.00000E+0
4.83398E+0	-9.28223E-2	0.00000E+0	4.88281E-4
4.83398E+0	-9.27734E-2	0.00000E+0	0.00000E+0
4.83496E+0	-9.27734E-2	1.96296E-3	0.00000E+0
4.83838E+0	-9.27734E-2	1.47222E-3	0.00000E+0
4.83862E+0	-9.27734E-2	1.06955E-3	0.00000E+0
4.83867E+0	-9.28223E-2	9.61652E-4	4.88281E-4
4.83882E+0	-9.27734E-2	4.88281E-4	0.00000E+0
4.84028E+0	-9.27734E-2	2.22680E-3	0.00000E+0
4.84370E+0	-9.27734E-2	4.88281E-4	0.00000E+0
4.84375E+0	-9.27734E-2	0.00000E+0	0.00000E+0
4.84375E+0	-9.27734E-2	0.00000E+0	0.00000E+0
4.84438E+0	-9.27734E-2	1.65038E-3	0.00000E+0
4.84795E+0	-9.27734E-2	1.70281E-3	0.00000E+0
4.84834E+0	-9.27734E-2	1.16545E-3	0.00000E+0
4.84858E+0	-9.27734E-2	4.88281E-4	0.00000E+0
4.84858E+0	-9.27734E-2	4.88281E-4	0.00000E+0
4.84858E+0	-9.27734E-2	4.88281E-4	0.00000E+0
4.84863E+0	-9.27734E-2	0.00000E+0	0.00000E+0
4.84854E+0	-9.27734E-2	6.87038E-4	0.00000E+0
4.84863E+0	-9.28223E-2	0.00000E+0	4.88281E-4
4.85166E+0	-9.28711E-2	2.38199E-3	6.87038E-4
4.85371E+0	-9.27734E-2	9.61652E-4	0.00000E+0
4.85435E+0	-9.27734E-2	1.84338E-3	0.00000E+0
4.85400E+0	-9.27734E-2	1.47222E-3	0.00000E+0
4.85703E+0	-9.27734E-2	2.20342E-3	0.00000E+0
4.85864E+0	-9.27734E-2	1.06955E-3	0.00000E+0
4.85845E+0	-9.27734E-2	4.88281E-4	0.00000E+0
4.86177E+0	-9.27734E-2	2.26964E-3	0.00000E+0
4.86328E+0	-9.27734E-2	0.00000E+0	0.00000E+0
4.86328E+0	-9.27734E-2	0.00000E+0	0.00000E+0
4.86348E+0	-9.27734E-2	9.61652E-4	0.00000E+0
4.86475E+0	-9.28223E-2	2.24886E-3	4.88281E-4
4.86465E+0	-9.27734E-2	2.20342E-3	0.00000E+0
4.86660E+0	-9.27734E-2	2.28919E-3	0.00000E+0
4.86992E+0	-9.27734E-2	3.77073E-3	0.00000E+0
4.87705E+0	-9.27734E-2	2.80882E-3	0.00000E+0
4.87793E+0	-9.28223E-2	0.00000E+0	4.88281E-4
4.87793E+0	-9.28223E-2	0.00000E+0	4.88281E-4
4.87837E+0	-9.27734E-2	1.40441E-3	0.00000E+0
4.88262E+0	-9.28223E-2	1.82566E-3	4.88281E-4
4.88691E+0	-9.27734E-2	1.79909E-3	0.00000E+0
4.88770E+0	-9.27734E-2	0.00000E+0	0.00000E+0
4.88770E+0	-9.27734E-2	0.00000E+0	0.00000E+0
4.88799E+0	-9.28223E-2	1.16545E-3	4.88281E-4
4.88828E+0	-9.28223E-2	1.59472E-3	4.88281E-4
4.88940E+0	-9.27734E-2	2.34069E-3	0.00000E+0
4.89116E+0	-9.27734E-2	2.22680E-3	0.00000E+0
4.89233E+0	-9.27246E-2	1.06955E-3	4.88281E-4
4.89219E+0	-9.27734E-2	1.33135E-3	0.00000E+0
4.89233E+0	-9.27734E-2	1.06955E-3	0.00000E+0
4.89214E+0	-9.27734E-2	1.40441E-3	0.00000E+0
4.89229E+0	-9.27734E-2	1.16545E-3	0.00000E+0
4.89268E+0	-9.27734E-2	6.87038E-4	0.00000E+0
4.89287E+0	-9.28223E-2	1.16545E-3	4.88281E-4
4.89639E+0	-9.27734E-2	2.03288E-3	0.00000E+0
4.89746E+0	-9.27734E-2	0.00000E+0	0.00000E+0
4.89746E+0	-9.27734E-2	0.00000E+0	0.00000E+0
4.89746E+0	-9.27734E-2	0.00000E+0	0.00000E+0
4.89746E+0	-9.27734E-2	0.00000E+0	0.00000E+0
4.89746E+0	-9.27734E-2	0.00000E+0	0.00000E+0
4.89746E+0	-9.27734E-2	0.00000E+0	0.00000E+0
4.90059E+0	-9.27734E-2	2.35556E-3	0.00000E+0
4.90405E+0	-9.27734E-2	2.34069E-3	0.00000E+0
4.90518E+0	-9.28223E-2	2.42209E-3	4.88281E-4
4.90532E+0	-9.27734E-2	2.39359E-3	0.00000E+0
4.90708E+0	-9.27734E-2	8.37142E-4	0.00000E+0
4.90732E+0	-9.27734E-2	6.87038E-4	0.00000E+0
4.90776E+0	-9.27734E-2	1.53548E-3	0.00000E+0
4.91094E+0	-9.27734E-2	2.09587E-3	0.00000E+0
4.91655E+0	-9.27734E-2	1.71338E-3	0.00000E+0
4.91816E+0	-9.27734E-2	2.09587E-3	0.00000E+0
4.91836E+0	-9.27734E-2	2.20342E-3	0.00000E+0
4.91851E+0	-9.27734E-2	2.26964E-3	0.00000E+0
4.91855E+0	-9.27734E-2	2.28919E-3	0.00000E+0
4.91880E+0	-9.28223E-2	2.36932E-3	4.88281E-4
4.92109E+0	-9.27734E-2	1.79909E-3	0.00000E+0
4.92183E+0	-9.27734E-2	4.88281E-4	0.00000E+0
4.92202E+0	-9.27734E-2	1.08741E-3	0.00000E+0
4.92241E+0	-9.28223E-2	1.53548E-3	4.88281E-4
4.92368E+0	-9.27734E-2	2.36932E-3	0.00000E+0
4.92305E+0	-9.27734E-2	2.09587E-3	0.00000E+0
4.92344E+0	-9.27734E-2	2.28919E-3	0.00000E+0
4.92344E+0	-9.27734E-2	2.28919E-3	0.00000E+0
4.92358E+0	-9.28223E-2	2.34069E-3	4.88281E-4
4.92368E+0	-9.28223E-2	2.36932E-3	4.88281E-4
4.92646E+0	-9.27734E-2	1.16545E-3	0.00000E+0
4.92681E+0	-9.27734E-2	4.88281E-4	0.00000E+0
4.92881E+0	-9.28223E-2	2.42209E-3	4.88281E-4
4.93154E+0	-9.27734E-2	6.87038E-4	0.00000E+0
4.93164E+0	-9.27734E-2	6.94013E-4	0.00000E+0
4.93159E+0	-9.27734E-2	4.88281E-4	0.00000E+0
4.93164E+0	-9.27734E-2	0.00000E+0	0.00000E+0
4.93164E+0	-9.27734E-2	0.00000E+0	0.00000E+0
4.93159E+0	-9.27734E-2	4.88281E-4	0.00000E+0
4.93154E+0	-9.27734E-2	6.87038E-4	0.00000E+0
4.93159E+0	-9.27734E-2	4.88281E-4	0.00000E+0
4.93164E+0	-9.27734E-2	0.00000E+0	0.00000E+0
4.93164E+0	-9.28223E-2	0.00000E+0	4.88281E-4
4.93164E+0	-9.27734E-2	0.00000E+0	0.00000E+0
4.93164E+0	-9.27734E-2	0.00000E+0	0.00000E+0
4.93262E+0	-9.27734E-2	1.96296E-3	0.00000E+0
4.93647E+0	-9.27734E-2	4.88281E-4	0.00000E+0
4.93652E+0	-9.27734E-2	0.00000E+0	0.00000E+0
4.93657E+0	-9.27734E-2	4.88281E-4	0.00000E+0
4.93916E+0	-9.28223E-2	2.44584E-3	4.88281E-4
4.94131E+0	-9.27734E-2	6.87038E-4	0.00000E+0
4.94131E+0	-9.27734E-2	6.87038E-4	0.00000E+0
4.94136E+0	-9.27734E-2	4.88281E-4	0.00000E+0
4.94141E+0	-9.27734E-2	0.00000E+0	0.00000E+0
4.94141E+0	-9.27734E-2	0.00000E+0	0.00000E+0
4.94126E+0	-9.27734E-2	8.37142E-4	0.00000E+0
4.94141E+0	-9.27734E-2	0.00000E+0	0.00000E+0
4.94136E+0	-9.27734E-2	4.88281E-4	0.00000E+0
4.94141E+0	-9.28223E-2	0.00000E+0	4.88281E-4
4.94136E+0	-9.27734E-2	4.88281E-4	0.00000E+0
4.94136E+0	-9.27734E-2	4.88281E-4	0.00000E+0
4.94141E+0	-9.27734E-2	0.00000E+0	0.00000E+0
4.94141E+0	-9.27734E-2	0.00000E+0	0.00000E+0
4.94141E+0	-9.27734E-2	0.00000E+0	0.00000E+0
4.94141E+0	-9.27734E-2	0.00000E+0	0.00000E+0
4.94141E+0	-9.27734E-2	0.00000E+0	0.00000E+0
4.94194E+0	-9.27734E-2	1.53548E-3	0.00000E+0
4.94536E+0	-9.28223E-2	1.92518E-3	4.88281E-4
4.94561E+0	-9.27734E-2	1.70281E-3	0.00000E+0
4.94585E+0	-9.28223E-2	1.40441E-3	4.88281E-4
4.94604E+0	-9.27734E-2	1.06955E-3	0.00000E+0
4.94600E+0	-9.27734E-2	1.16545E-3	0.00000E+0
4.94614E+0	-9.27734E-2	8.37142E-4	0.00000E+0
4.94595E+0	-9.28223E-2	1.25211E-3	4.88281E-4
4.94575E+0	-9.27734E-2	1.53548E-3	0.00000E+0
4.94600E+0	-9.28223E-2	1.16545E-3	4.88281E-4
4.94604E+0	-9.27734E-2	1.06955E-3	0.00000E+0
4.94629E+0	-9.28711E-2	6.94013E-4	6.87038E-4
4.94668E+0	-9.27734E-2	1.33135E-3	0.00000E+0
4.94668E+0	-9.27734E-2	1.33135E-3	0.00000E+0
4.94702E+0	-9.27734E-2	1.75230E-3	0.00000E+0
4.95039E+0	-9.27734E-2	1.79909E-3	0.00000E+0
4.95479E+0	-9.27734E-2	2.15256E-3	0.00000E+0
4.95884E+0	-9.27734E-2	2.42954E-3	0.00000E+0
4.96001E+0	-9.27734E-2	1.92518E-3	0.00000E+0
4.96025E+0	-9.27734E-2	1.70281E-3	0.00000E+0
4.96001E+0	-9.27734E-2	1.92518E-3	0.00000E+0
4.96035E+0	-9.28223E-2	1.59472E-3	4.88281E-4
4.96094E+0	-9.27734E-2	0.00000E+0	0.00000E+0
4.96108E+0	-9.27734E-2	8.37142E-4	0.00000E+0
4.96211E+0	-9.27734E-2	2.09587E-3	0.00000E+0
4.96191E+0	-9.27734E-2	1.96296E-3	0.00000E+0
4.96504E+0	-9.27734E-2	1.79909E-3	0.00000E+0
4.96582E+0	-9.28223E-2	0.00000E+0	4.88281E-4
4.96582E+0	-9.27734E-2	0.00000E+0	0.00000E+0
4.96597E+0	-9.27734E-2	8.37142E-4	0.00000E+0
4.96606E+0	-9.27734E-2	1.06955E-3	0.00000E+0
4.96821E+0	-9.27734E-2	2.45321E-3	0.00000E+0
4.97075E+0	-9.27734E-2	1.09623E-3	0.00000E+0
4.97085E+0	-9.27734E-2	8.37142E-4	0.00000E+0
4.97119E+0	-9.27734E-2	1.47222E-3	0.00000E+0
4.97100E+0	-9.27734E-2	1.16545E-3	0.00000E+0
4.97124E+0	-9.27734E-2	1.53548E-3	0.00000E+0
4.97095E+0	-9.28223E-2	1.06955E-3	4.88281E-4
4.97354E+0	-9.27734E-2	2.42209E-3	0.00000E+0
4.97549E+0	-9.28711E-2	6.87038E-4	6.87038E-4
4.97559E+0	-9.28711E-2	0.00000E+0	6.87038E-4
4.97559E+0	-9.27734E-2	0.00000E+0	0.00000E+0
4.97559E+0	-9.27734E-2	0.00000E+0	0.00000E+0
4.97588E+0	-9.27734E-2	1.16545E-3	0.00000E+0
4.97905E+0	-9.27734E-2	2.22680E-3	0.00000E+0
4.98081E+0	-9.27734E-2	1.25211E-3	0.00000E+0
4.98457E+0	-9.27734E-2	1.79909E-3	0.00000E+0
4.98535E+0	-9.28223E-2	0.00000E+0	4.88281E-4
4.98540E+0	-9.27734E-2	4.88281E-4	0.00000E+0
4.98643E+0	-9.27734E-2	2.03288E-3	0.00000E+0
4.98945E+0	-9.27734E-2	1.79909E-3	0.00000E+0
4.99097E+0	-9.27734E-2	1.75230E-3	0.00000E+0
4.99487E+0	-9.27734E-2	1.06955E-3	0.00000E+0
4.99512E+0	-9.27734E-2	0.00000E+0	0.00000E+0
4.99619E+0	-9.28223E-2	2.03288E-3	4.88281E-4
4.99727E+0	-9.27734E-2	2.43597E-3	0.00000E+0
4.99741E+0	-9.27734E-2	2.44928E-3	0.00000E+0
4.99790E+0	-9.27734E-2	2.42954E-3	0.00000E+0
4.99761E+0	-9.27734E-2	2.45321E-3	0.00000E+0
4.99761E+0	-9.27734E-2	2.45321E-3	0.00000E+0
4.99839E+0	-9.27734E-2	2.30753E-3	0.00000E+0
4.99966E+0	-9.27734E-2	1.43159E-3	0.00000E+0
5.00244E+0	-9.27734E-2	2.45371E-3	0.00000E+0
5.00488E+0	-9.27734E-2	0.00000E+0	0.00000E+0
5.00537E+0	-9.27734E-2	1.47222E-3	0.00000E+0
5.00830E+0	-9.27734E-2	2.24886E-3	0.00000E+0
5.00962E+0	-9.27734E-2	8.37142E-4	0.00000E+0
5.00972E+0	-9.27734E-2	4.88281E-4	0.00000E+0
5.00977E+0	-9.27734E-2	0.00000E+0	0.00000E+0
5.00977E+0	-9.27734E-2	0.00000E+0	0.00000E+0
5.00986E+0	-9.27734E-2	6.87038E-4	0.00000E+0
5.00991E+0	-9.27734E-2	8.37142E-4	0.00000E+0
5.00981E+0	-9.27734E-2	4.88281E-4	0.00000E+0
5.00977E+0	-9.27734E-2	0.00000E+0	0.00000E+0
5.00977E+0	-9.27734E-2	0.00000E+0	0.00000E+0
5.00981E+0	-9.28223E-2	4.88281E-4	4.88281E-4
5.00986E+0	-9.27734E-2	6.87038E-4	0.00000E+0
5.00991E+0	-9.27734E-2	8.37142E-4	0.00000E+0
5.01113E+0	-9.27734E-2	2.20342E-3	0.00000E+0
5.01426E+0	-9.27734E-2	1.33135E-3	0.00000E+0
5.01460E+0	-9.27734E-2	4.88281E-4	0.00000E+0
5.01465E+0	-9.27734E-2	0.00000E+0	0.00000E+0
5.01470E+0	-9.27734E-2	4.88281E-4	0.00000E+0
5.01465E+0	-9.27734E-2	0.00000E+0	0.00000E+0
5.01465E+0	-9.27734E-2	0.00000E+0	0.00000E+0
5.01729E+0	-9.27734E-2	2.44584E-3	0.00000E+0
5.02090E+0	-9.27734E-2	2.20342E-3	0.00000E+0
5.02275E+0	-9.28223E-2	2.32468E-3	4.88281E-4
5.02427E+0	-9.28223E-2	8.37142E-4	4.88281E-4
5.02490E+0	-9.27734E-2	1.47222E-3	0.00000E+0
5.02847E+0	-9.27734E-2	1.84338E-3	0.00000E+0
5.02930E+0	-9.27734E-2	0.00000E+0	0.00000E+0
5.02930E+0	-9.27734E-2	0.00000E+0	0.00000E+0
5.02925E+0	-9.28223E-2	4.88281E-4	4.88281E-4
5.02935E+0	-9.27734E-2	4.88281E-4	0.00000E+0
5.02944E+0	-9.28223E-2	8.37142E-4	4.88281E-4
5.03076E+0	-9.28223E-2	2.24886E-3	4.88281E-4
5.03398E+0	-9.27734E-2	9.61652E-4	0.00000E+0
5.03481E+0	-9.27734E-2	1.65038E-3	0.00000E+0
5.03848E+0	-9.27734E-2	1.59472E-3	0.00000E+0
5.04043E+0	-9.27734E-2	2.20342E-3	0.00000E+0
5.04229E+0	-9.28223E-2	2.32468E-3	4.88281E-4
5.04395E+0	-9.27734E-2	6.94013E-4	0.00000E+0
5.04565E+0	-9.27734E-2	2.34069E-3	0.00000E+0
5.04878E+0	-9.27734E-2	1.09623E-3	0.00000E+0
5.04937E+0	-9.27734E-2	1.53548E-3	0.00000E+0
5.04897E+0	-9.27734E-2	8.37142E-4	0.00000E+0
5.05127E+0	-9.27734E-2	2.45371E-3	0.00000E+0
5.05205E+0	-9.27734E-2	2.32468E-3	0.00000E+0
5.05371E+0	-9.27734E-2	0.00000E+0	0.00000E+0
5.05391E+0	-9.27734E-2	9.61652E-4	0.00000E+0
5.05571E+0	-9.27734E-2	2.41363E-3	0.00000E+0
5.05586E+0	-9.27734E-2	2.43597E-3	0.00000E+0
5.05835E+0	-9.27734E-2	1.06955E-3	0.00000E+0
5.05850E+0	-9.27734E-2	6.87038E-4	0.00000E+0
5.06069E+0	-9.27734E-2	2.42954E-3	0.00000E+0
5.06348E+0	-9.27734E-2	0.00000E+0	0.00000E+0
5.06348E+0	-9.27734E-2	0.00000E+0	0.00000E+0
5.06367E+0	-9.27734E-2	1.37408E-3	0.00000E+0
5.06348E+0	-9.27734E-2	0.00000E+0	0.00000E+0
5.06416E+0	-9.28223E-2	2.50422E-3	4.88281E-4
5.07002E+0	-9.27734E-2	4.61505E-3	0.00000E+0
5.07324E+0	-9.28223E-2	0.00000E+0	4.88281E-4
5.07324E+0	-9.27734E-2	0.00000E+0	0.00000E+0
5.07324E+0	-9.27734E-2	0.00000E+0	0.00000E+0
5.07368E+0	-9.27734E-2	1.40441E-3	0.00000E+0
5.07563E+0	-9.27734E-2	2.45321E-3	0.00000E+0
5.07607E+0	-9.27734E-2	2.42209E-3	0.00000E+0
5.07651E+0	-9.27734E-2	2.30753E-3	0.00000E+0
5.07754E+0	-9.27734E-2	1.59472E-3	0.00000E+0
5.07959E+0	-9.27734E-2	2.24886E-3	0.00000E+0
5.08301E+0	-9.27734E-2	6.94013E-4	0.00000E+0
5.08306E+0	-9.27734E-2	4.88281E-4	0.00000E+0
5.08301E+0	-9.27734E-2	0.00000E+0	0.00000E+0
5.08301E+0	-9.27734E-2	0.00000E+0	0.00000E+0
5.08301E+0	-9.27734E-2	0.00000E+0	0.00000E+0
5.08306E+0	-9.27734E-2	4.88281E-4	0.00000E+0
5.08315E+0	-9.28711E-2	8.37142E-4	6.87038E-4
5.08325E+0	-9.27734E-2	1.06955E-3	0.00000E+0
5.08320E+0	-9.27734E-2	9.61652E-4	0.00000E+0
5.08320E+0	-9.27734E-2	9.61652E-4	0.00000E+0
5.08330E+0	-9.27734E-2	1.16545E-3	0.00000E+0
5.08330E+0	-9.28223E-2	1.16545E-3	4.88281E-4
5.08628E+0	-9.27734E-2	2.30753E-3	0.00000E+0
5.08813E+0	-9.28223E-2	1.06955E-3	4.88281E-4
5.09150E+0	-9.27734E-2	2.15256E-3	0.00000E+0
5.09312E+0	-9.28223E-2	1.43159E-3	4.88281E-4
5.09678E+0	-9.28223E-2	1.88537E-3	4.88281E-4
5.09766E+0	-9.27734E-2	0.00000E+0	0.00000E+0
5.09795E+0	-9.27734E-2	1.16545E-3	0.00000E+0
5.10127E+0	-9.27734E-2	2.15256E-3	0.00000E+0
5.10337E+0	-9.27734E-2	1.84338E-3	0.00000E+0
5.10713E+0	-9.27734E-2	1.16545E-3	0.00000E+0
5.10771E+0	-9.27734E-2	1.16545E-3	0.00000E+0
5.10996E+0	-9.27734E-2	2.45174E-3	0.00000E+0
5.10991E+0	-9.27734E-2	2.45321E-3	0.00000E+0
5.11147E+0	-9.27734E-2	1.84338E-3	0.00000E+0
5.11284E+0	-9.27734E-2	1.53548E-3	0.00000E+0
5.11626E+0	-9.27734E-2	1.92518E-3	0.00000E+0
5.11719E+0	-9.27734E-2	0.00000E+0	0.00000E+0
5.11772E+0	-9.27734E-2	1.53548E-3	0.00000E+0
5.12163E+0	-9.27734E-2	1.40441E-3	0.00000E+0
5.12310E+0	-9.27734E-2	1.99883E-3	0.00000E+0
5.12534E+0	-9.27734E-2	2.30753E-3	0.00000E+0
5.12681E+0	-9.27734E-2	8.37142E-4	0.00000E+0
5.12700E+0	-9.27734E-2	4.88281E-4	0.00000E+0
5.12744E+0	-9.27734E-2	1.47222E-3	0.00000E+0
5.13008E+0	-9.27734E-2	2.35556E-3	0.00000E+0
5.13188E+0	-9.27734E-2	8.48571E-4	0.00000E+0
5.13574E+0	-9.27734E-2	1.96296E-3	0.00000E+0
5.13672E+0	-9.27734E-2	0.00000E+0	0.00000E+0
5.13911E+0	-9.28223E-2	2.45321E-3	4.88281E-4
5.14180E+0	-9.27734E-2	9.61652E-4	0.00000E+0
5.14619E+0	-9.27734E-2	1.81242E-3	0.00000E+0
5.15122E+0	-9.27734E-2	1.08741E-3	0.00000E+0
5.15435E+0	-9.27734E-2	2.39359E-3	0.00000E+0
5.15625E+0	-9.27734E-2	0.00000E+0	0.00000E+0
5.15635E+0	-9.27734E-2	6.87038E-4	0.00000E+0
5.16016E+0	-9.27734E-2	2.08204E-3	0.00000E+0
5.16377E+0	-9.27734E-2	2.44584E-3	0.00000E+0
5.16602E+0	-9.27734E-2	0.00000E+0	0.00000E+0
5.16831E+0	-9.27734E-2	2.44928E-3	0.00000E+0
5.17041E+0	-9.27734E-2	1.47222E-3	0.00000E+0
5.17090E+0	-9.27734E-2	0.00000E+0	0.00000E+0
5.17397E+0	-9.27734E-2	2.36932E-3	0.00000E+0
5.17686E+0	-9.27734E-2	2.03288E-3	0.00000E+0
5.18101E+0	-9.27734E-2	1.59094E-3	0.00000E+0
5.18516E+0	-9.27734E-2	1.50138E-3	0.00000E+0
5.18804E+0	-9.27734E-2	2.45321E-3	0.00000E+0
5.19033E+0	-9.27734E-2	6.87038E-4	0.00000E+0
5.19277E+0	-9.27734E-2	2.45174E-3	0.00000E+0
5.19531E+0	-9.27734E-2	0.00000E+0	0.00000E+0
5.19531E+0	-9.28223E-2	0.00000E+0	4.88281E-4
5.19531E+0	-9.27734E-2	0.00000E+0	0.00000E+0
5.19531E+0	-9.27734E-2	0.00000E+0	0.00000E+0
5.19531E+0	-9.27734E-2	0.00000E+0	0.00000E+0
5.19531E+0	-9.28223E-2	0.00000E+0	4.88281E-4
5.19531E+0	-9.27734E-2	0.00000E+0	0.00000E+0
5.19575E+0	-9.27734E-2	1.40441E-3	0.00000E+0
5.19585E+0	-9.27734E-2	1.53548E-3	0.00000E+0
5.19634E+0	-9.27734E-2	1.99883E-3	0.00000E+0
5.19678E+0	-9.27734E-2	2.24886E-3	0.00000E+0
5.20010E+0	-9.28223E-2	1.83356E-3	4.88281E-4
5.20469E+0	-9.28223E-2	1.33135E-3	4.88281E-4
5.20713E+0	-9.27734E-2	2.42209E-3	0.00000E+0
5.20991E+0	-9.27734E-2	4.88281E-4	0.00000E+0
5.21089E+0	-9.27734E-2	1.92518E-3	0.00000E+0
5.21450E+0	-9.27734E-2	1.25211E-3	0.00000E+0
5.21499E+0	-9.27734E-2	8.37142E-4	0.00000E+0
5.21777E+0	-9.27734E-2	2.40413E-3	0.00000E+0
5.22017E+0	-9.27734E-2	1.40441E-3	0.00000E+0
5.22422E+0	-9.28223E-2	1.92330E-3	4.88281E-4
5.22930E+0	-9.27734E-2	1.82566E-3	0.00000E+0
5.23442E+0	-9.27734E-2	1.29745E-3	0.00000E+0
5.23833E+0	-9.27734E-2	2.04646E-3	0.00000E+0
5.24102E+0	-9.27734E-2	2.35556E-3	0.00000E+0
5.24253E+0	-9.27734E-2	2.30753E-3	0.00000E+0
5.24316E+0	-9.27734E-2	1.96296E-3	0.00000E+0
5.24414E+0	-9.27734E-2	0.00000E+0	0.00000E+0
5.24688E+0	-9.27734E-2	2.43597E-3	0.00000E+0
5.24990E+0	-9.27734E-2	1.88537E-3	0.00000E+0
5.25366E+0	-9.27734E-2	1.06955E-3	0.00000E+0
5.25654E+0	-9.27734E-2	4.35738E-3	0.00000E+0
5.26758E+0	-9.27734E-2	3.10372E-3	0.00000E+0
5.27700E+0	-9.28223E-2	2.17869E-3	4.88281E-4
5.28008E+0	-9.27734E-2	2.35556E-3	0.00000E+0
5.28320E+0	-9.27734E-2	0.00000E+0	0.00000E+0
5.28569E+0	-9.27734E-2	2.45321E-3	0.00000E+0
5.28989E+0	-9.27734E-2	2.36932E-3	0.00000E+0
5.29692E+0	-9.27734E-2	2.56832E-3	0.00000E+0
5.30278E+0	-9.27734E-2	1.76871E-3	0.00000E+0
5.30552E+0	-9.27734E-2	2.42954E-3	0.00000E+0
5.30566E+0	-9.27246E-2	2.40413E-3	4.88281E-4
5.30732E+0	-9.27734E-2	1.16545E-3	0.00000E+0
5.30815E+0	-9.27734E-2	1.53548E-3	0.00000E+0
5.31211E+0	-9.27734E-2	1.50138E-3	0.00000E+0
5.31582E+0	-9.27734E-2	2.28919E-3	0.00000E+0
5.31738E+0	-9.27734E-2	0.00000E+0	0.00000E+0
5.31738E+0	-9.27734E-2	0.00000E+0	0.00000E+0
5.31738E+0	-9.27734E-2	0.00000E+0	0.00000E+0
5.31738E+0	-9.27734E-2	0.00000E+0	0.00000E+0
5.31738E+0	-9.27734E-2	0.00000E+0	0.00000E+0
5.31738E+0	-9.27734E-2	0.00000E+0	0.00000E+0
5.31743E+0	-9.27734E-2	4.88281E-4	0.00000E+0
5.31738E+0	-9.27734E-2	0.00000E+0	0.00000E+0
5.31743E+0	-9.27734E-2	4.88281E-4	0.00000E+0
5.31753E+0	-9.27734E-2	8.37142E-4	0.00000E+0
5.31753E+0	-9.28223E-2	8.37142E-4	4.88281E-4
5.31997E+0	-9.27734E-2	2.44928E-3	0.00000E+0
5.32534E+0	-9.27734E-2	2.36932E-3	0.00000E+0
5.33003E+0	-9.27734E-2	2.41363E-3	0.00000E+0
5.33311E+0	-9.27734E-2	2.03288E-3	0.00000E+0
5.33677E+0	-9.28223E-2	8.37142E-4	4.88281E-4
5.34004E+0	-9.27734E-2	2.64454E-3	0.00000E+0
5.34858E+0	-9.28223E-2	2.76693E-3	4.88281E-4
5.35205E+0	-9.28223E-2	1.47222E-3	4.88281E-4
5.35439E+0	-9.27734E-2	2.42209E-3	0.00000E+0
5.35640E+0	-9.27734E-2	4.88281E-4	0.00000E+0
5.35796E+0	-9.27734E-2	2.26964E-3	0.00000E+0
5.36353E+0	-9.27734E-2	2.44141E-3	0.00000E+0
5.36611E+0	-9.27734E-2	6.87038E-4	0.00000E+0
5.36743E+0	-9.27734E-2	2.12497E-3	0.00000E+0
5.37275E+0	-9.27734E-2	2.32468E-3	0.00000E+0
5.37598E+0	-9.27734E-2	0.00000E+0	0.00000E+0
5.37681E+0	-9.27734E-2	1.84338E-3	0.00000E+0
5.38057E+0	-9.27734E-2	1.35644E-3	0.00000E+0
5.38403E+0	-9.27734E-2	2.34069E-3	0.00000E+0
5.38950E+0	-9.27734E-2	2.06520E-3	0.00000E+0
5.39365E+0	-9.27734E-2	2.38199E-3	0.00000E+0
5.39771E+0	-9.27734E-2	2.44141E-3	0.00000E+0
5.40396E+0	-9.27734E-2	2.17869E-3	0.00000E+0
5.40840E+0	-9.27734E-2	2.35556E-3	0.00000E+0
5.41357E+0	-9.27734E-2	2.24886E-3	0.00000E+0
5.41753E+0	-9.27734E-2	2.45321E-3	0.00000E+0
5.42305E+0	-9.27734E-2	2.35556E-3	0.00000E+0
5.42930E+0	-9.27734E-2	1.92330E-3	0.00000E+0
5.43413E+0	-9.27734E-2	1.40441E-3	0.00000E+0
5.43608E+0	-9.27734E-2	2.26964E-3	0.00000E+0
5.43989E+0	-9.27734E-2	1.56653E-3	0.00000E+0
5.44370E+0	-9.27734E-2	1.65038E-3	0.00000E+0
5.44834E+0	-9.27734E-2	3.28320E-3	0.00000E+0
5.45859E+0	-9.27734E-2	1.92330E-3	0.00000E+0
5.46245E+0	-9.27734E-2	2.22680E-3	0.00000E+0
5.46904E+0	-9.27734E-2	2.48491E-3	0.00000E+0
5.47378E+0	-9.27734E-2	8.37142E-4	0.00000E+0
5.47739E+0	-9.27734E-2	2.06520E-3	0.00000E+0
5.47876E+0	-9.27734E-2	1.06955E-3	0.00000E+0
5.48276E+0	-9.27734E-2	2.04174E-3	0.00000E+0
5.48740E+0	-9.27734E-2	1.88537E-3	0.00000E+0
5.49194E+0	-9.28223E-2	2.12497E-3	4.88281E-4
5.49663E+0	-9.27734E-2	2.22680E-3	0.00000E+0
5.50034E+0	-9.27734E-2	2.44928E-3	0.00000E+0
5.50298E+0	-9.28223E-2	4.88281E-4	4.88281E-4
5.50566E+0	-9.27734E-2	2.43597E-3	0.00000E+0
5.50903E+0	-9.27734E-2	2.23543E-3	0.00000E+0
5.51504E+0	-9.27734E-2	2.45174E-3	0.00000E+0
5.51880E+0	-9.27734E-2	2.12497E-3	0.00000E+0
5.52422E+0	-9.27734E-2	2.35556E-3	0.00000E+0
5.52729E+0	-9.27734E-2	4.88281E-4	0.00000E+0
5.52886E+0	-9.27734E-2	2.26964E-3	0.00000E+0
5.53203E+0	-9.27734E-2	9.61652E-4	0.00000E+0
5.53540E+0	-9.27734E-2	2.34069E-3	0.00000E+0
5.53955E+0	-9.27734E-2	2.45371E-3	0.00000E+0
5.54561E+0	-9.27734E-2	2.26167E-3	0.00000E+0
5.55146E+0	-9.27734E-2	1.16545E-3	0.00000E+0
5.55479E+0	-9.28711E-2	2.38199E-3	6.87038E-4
5.55664E+0	-9.27734E-2	0.00000E+0	0.00000E+0
5.55664E+0	-9.27734E-2	0.00000E+0	0.00000E+0
5.55669E+0	-9.27734E-2	4.88281E-4	0.00000E+0
5.55869E+0	-9.27734E-2	2.42209E-3	0.00000E+0
5.56431E+0	-9.27734E-2	2.42954E-3	0.00000E+0
5.56689E+0	-9.27734E-2	1.47222E-3	0.00000E+0
5.57056E+0	-9.28223E-2	1.75230E-3	4.88281E-4
5.57080E+0	-9.28223E-2	1.47222E-3	4.88281E-4
5.57393E+0	-9.27734E-2	2.44584E-3	0.00000E+0
5.57871E+0	-9.27734E-2	2.45174E-3	0.00000E+0
5.58228E+0	-9.27734E-2	2.12497E-3	0.00000E+0
5.58560E+0	-9.27734E-2	1.25211E-3	0.00000E+0
5.58638E+0	-9.27734E-2	1.40441E-3	0.00000E+0
5.59019E+0	-9.27734E-2	1.65038E-3	0.00000E+0
5.59102E+0	-9.27734E-2	9.61652E-4	0.00000E+0
5.59438E+0	-9.27734E-2	2.17869E-3	0.00000E+0
5.59634E+0	-9.27734E-2	1.65038E-3	0.00000E+0
5.60225E+0	-9.28223E-2	2.52338E-3	4.88281E-4
5.60645E+0	-9.27734E-2	1.96296E-3	0.00000E+0
5.61147E+0	-9.27734E-2	2.48830E-3	0.00000E+0
5.61519E+0	-9.27734E-2	4.88281E-4	0.00000E+0
5.61616E+0	-9.27734E-2	1.92518E-3	0.00000E+0
5.62012E+0	-9.27734E-2	1.38803E-3	0.00000E+0
5.62422E+0	-9.27734E-2	1.79909E-3	0.00000E+0
5.62739E+0	-9.28223E-2	2.45321E-3	4.88281E-4
5.63071E+0	-9.27734E-2	1.84338E-3	0.00000E+0
5.63481E+0	-9.27734E-2	1.47141E-3	0.00000E+0
5.64033E+0	-9.27734E-2	2.40613E-3	0.00000E+0
5.64448E+0	-9.27734E-2	4.88281E-4	0.00000E+0
5.64990E+0	-9.27734E-2	4.88281E-3	0.00000E+0
5.65693E+0	-9.27734E-2	2.44584E-3	0.00000E+0
5.66050E+0	-9.27734E-2	2.17869E-3	0.00000E+0
5.66367E+0	-9.27734E-2	1.33135E-3	0.00000E+0
5.66479E+0	-9.27734E-2	1.75230E-3	0.00000E+0
5.66885E+0	-9.27734E-2	1.38455E-3	0.00000E+0
5.67256E+0	-9.27734E-2	2.15256E-3	0.00000E+0
5.67485E+0	-9.27734E-2	1.99883E-3	0.00000E+0
5.67856E+0	-9.27734E-2	8.37142E-4	0.00000E+0
5.67871E+0	-9.27734E-2	0.00000E+0	0.00000E+0
5.67871E+0	-9.28223E-2	0.00000E+0	4.88281E-4
5.67871E+0	-9.27734E-2	0.00000E+0	0.00000E+0
5.67871E+0	-9.27734E-2	0.00000E+0	0.00000E+0
5.67876E+0	-9.27734E-2	4.88281E-4	0.00000E+0
5.67871E+0	-9.28223E-2	0.00000E+0	4.88281E-4
5.67876E+0	-9.27734E-2	4.88281E-4	0.00000E+0
5.67871E+0	-9.27734E-2	0.00000E+0	0.00000E+0
5.67886E+0	-9.27734E-2	8.37142E-4	0.00000E+0
5.67871E+0	-9.27734E-2	0.00000E+0	0.00000E+0
5.67876E+0	-9.27734E-2	4.88281E-4	0.00000E+0
5.67876E+0	-9.27734E-2	4.88281E-4	0.00000E+0
5.67876E+0	-9.27734E-2	4.88281E-4	0.00000E+0
5.67871E+0	-9.27734E-2	0.00000E+0	0.00000E+0
5.67881E+0	-9.28223E-2	6.87038E-4	4.88281E-4
5.67876E+0	-9.27734E-2	4.88281E-4	0.00000E+0
5.67876E+0	-9.27734E-2	4.88281E-4	0.00000E+0
5.67881E+0	-9.27734E-2	6.87038E-4	0.00000E+0
5.67881E+0	-9.27734E-2	6.87038E-4	0.00000E+0
5.67886E+0	-9.27734E-2	8.37142E-4	0.00000E+0
5.67881E+0	-9.27734E-2	6.87038E-4	0.00000E+0
5.67886E+0	-9.27734E-2	8.37142E-4	0.00000E+0
5.67876E+0	-9.28223E-2	4.88281E-4	4.88281E-4
5.67876E+0	-9.27734E-2	4.88281E-4	0.00000E+0
5.67871E+0	-9.27734E-2	0.00000E+0	0.00000E+0
5.67871E+0	-9.27734E-2	0.00000E+0	0.00000E+0
5.67871E+0	-9.27734E-2	0.00000E+0	0.00000E+0
5.67871E+0	-9.27734E-2	0.00000E+0	0.00000E+0
