5.18613E+0	-9.27734E-2	1.59472E-3	0.00000E+0
5.18604E+0	-9.28223E-2	1.47222E-3	4.88281E-4
5.18638E+0	-9.27734E-2	1.84338E-3	0.00000E+0
5.18623E+0	-9.27734E-2	1.70281E-3	0.00000E+0
5.18643E+0	-9.27734E-2	1.88537E-3	0.00000E+0
5.18652E+0	-9.27734E-2	1.96296E-3	0.00000E+0
5.18638E+0	-9.27734E-2	1.84338E-3	0.00000E+0
5.18657E+0	-9.27734E-2	1.99883E-3	0.00000E+0
5.18647E+0	-9.27734E-2	1.92518E-3	0.00000E+0
5.18672E+0	-9.27734E-2	2.09587E-3	0.00000E+0
5.18643E+0	-9.27734E-2	1.88537E-3	0.00000E+0
5.18667E+0	-9.27734E-2	2.06520E-3	0.00000E+0
5.18662E+0	-9.28223E-2	2.03288E-3	4.88281E-4
5.18662E+0	-9.27734E-2	2.03288E-3	0.00000E+0
5.18647E+0	-9.27734E-2	1.92518E-3	0.00000E+0
5.18643E+0	-9.27734E-2	1.88537E-3	0.00000E+0
5.18667E+0	-9.27734E-2	2.06520E-3	0.00000E+0
5.18682E+0	-9.27734E-2	2.15256E-3	0.00000E+0
5.18691E+0	-9.27734E-2	2.20342E-3	0.00000E+0
5.18647E+0	-9.27734E-2	1.92518E-3	0.00000E+0
5.18662E+0	-9.27734E-2	2.03288E-3	0.00000E+0
5.18643E+0	-9.27734E-2	1.88537E-3	0.00000E+0
5.18623E+0	-9.27734E-2	1.70281E-3	0.00000E+0
5.18623E+0	-9.27734E-2	1.70281E-3	0.00000E+0
5.18652E+0	-9.27734E-2	1.96296E-3	0.00000E+0
5.18643E+0	-9.27734E-2	1.88537E-3	0.00000E+0
5.18657E+0	-9.27734E-2	1.99883E-3	0.00000E+0
5.18672E+0	-9.27734E-2	2.09587E-3	0.00000E+0
5.18667E+0	-9.27734E-2	2.06520E-3	0.00000E+0
5.18608E+0	-9.28223E-2	1.53548E-3	4.88281E-4
5.18652E+0	-9.27734E-2	1.96296E-3	0.00000E+0
5.18647E+0	-9.27734E-2	1.92518E-3	0.00000E+0
5.18647E+0	-9.27734E-2	1.92518E-3	0.00000E+0
5.18608E+0	-9.27734E-2	1.53548E-3	0.00000E+0
5.18628E+0	-9.27734E-2	1.75230E-3	0.00000E+0
5.18647E+0	-9.27734E-2	1.92518E-3	0.00000E+0
5.18623E+0	-9.27734E-2	1.70281E-3	0.00000E+0
5.18623E+0	-9.27734E-2	1.70281E-3	0.00000E+0
5.18604E+0	-9.27734E-2	1.47222E-3	0.00000E+0
5.18657E+0	-9.27734E-2	1.99883E-3	0.00000E+0
5.18608E+0	-9.28223E-2	1.53548E-3	4.88281E-4
5.18633E+0	-9.28223E-2	1.79909E-3	4.88281E-4
5.18628E+0	-9.27734E-2	1.75230E-3	0.00000E+0
5.18628E+0	-9.28223E-2	1.75230E-3	4.88281E-4
5.18623E+0	-9.28223E-2	1.70281E-3	4.88281E-4
5.18672E+0	-9.27734E-2	2.09587E-3	0.00000E+0
5.18677E+0	-9.27734E-2	2.12497E-3	0.00000E+0
5.18638E+0	-9.27734E-2	1.84338E-3	0.00000E+0
5.18662E+0	-9.27734E-2	2.03288E-3	0.00000E+0
5.18618E+0	-9.27734E-2	1.65038E-3	0.00000E+0
5.18599E+0	-9.27734E-2	1.40441E-3	0.00000E+0
5.18613E+0	-9.27734E-2	1.59472E-3	0.00000E+0
5.18633E+0	-9.27734E-2	1.79909E-3	0.00000E+0
5.18647E+0	-9.27734E-2	1.92518E-3	0.00000E+0
5.18682E+0	-9.27734E-2	2.15256E-3	0.00000E+0
5.18623E+0	-9.28223E-2	1.70281E-3	4.88281E-4
5.18618E+0	-9.27734E-2	1.65038E-3	0.00000E+0
5.18628E+0	-9.27734E-2	1.75230E-3	0.00000E+0
5.18613E+0	-9.27734E-2	1.59472E-3	0.00000E+0
5.18638E+0	-9.28223E-2	1.84338E-3	4.88281E-4
5.18608E+0	-9.27734E-2	1.53548E-3	0.00000E+0
5.18647E+0	-9.27734E-2	1.92518E-3	0.00000E+0
5.18604E+0	-9.27734E-2	1.47222E-3	0.00000E+0
5.18608E+0	-9.27734E-2	1.53548E-3	0.00000E+0
5.18618E+0	-9.27734E-2	1.65038E-3	0.00000E+0
5.18662E+0	-9.27734E-2	2.03288E-3	0.00000E+0
5.18647E+0	-9.28223E-2	1.92518E-3	4.88281E-4
5.18672E+0	-9.28223E-2	2.09587E-3	4.88281E-4
5.18662E+0	-9.27734E-2	2.03288E-3	0.00000E+0
5.18662E+0	-9.27734E-2	2.03288E-3	0.00000E+0
5.18706E+0	-9.28223E-2	2.26964E-3	4.88281E-4
5.18682E+0	-9.27734E-2	2.15256E-3	0.00000E+0
5.18623E+0	-9.27734E-2	1.70281E-3	0.00000E+0
5.18667E+0	-9.28223E-2	2.06520E-3	4.88281E-4
5.18672E+0	-9.27734E-2	2.09587E-3	0.00000E+0
5.18677E+0	-9.27734E-2	2.12497E-3	0.00000E+0
5.18633E+0	-9.27734E-2	1.79909E-3	0.00000E+0
5.18667E+0	-9.27734E-2	2.06520E-3	0.00000E+0
5.18652E+0	-9.27734E-2	1.96296E-3	0.00000E+0
5.18623E+0	-9.27734E-2	1.70281E-3	0.00000E+0
5.18623E+0	-9.27734E-2	1.70281E-3	0.00000E+0
5.18677E+0	-9.27734E-2	2.12497E-3	0.00000E+0
5.18652E+0	-9.28223E-2	1.96296E-3	4.88281E-4
5.18618E+0	-9.27734E-2	1.65038E-3	0.00000E+0
5.18662E+0	-9.27734E-2	2.03288E-3	0.00000E+0
5.18628E+0	-9.27734E-2	1.75230E-3	0.00000E+0
5.18628E+0	-9.27734E-2	1.75230E-3	0.00000E+0
5.18647E+0	-9.27734E-2	1.92518E-3	0.00000E+0
5.18652E+0	-9.28223E-2	1.96296E-3	4.88281E-4
5.18643E+0	-9.27734E-2	1.88537E-3	0.00000E+0
5.18643E+0	-9.27734E-2	1.88537E-3	0.00000E+0
5.18711E+0	-9.27734E-2	2.28919E-3	0.00000E+0
5.18677E+0	-9.28223E-2	2.12497E-3	4.88281E-4
5.18687E+0	-9.28223E-2	2.17869E-3	4.88281E-4
5.18647E+0	-9.28223E-2	1.92518E-3	4.88281E-4
5.18613E+0	-9.27734E-2	1.59472E-3	0.00000E+0
5.18672E+0	-9.27734E-2	2.09587E-3	0.00000E+0
5.18662E+0	-9.27734E-2	2.03288E-3	0.00000E+0
5.18687E+0	-9.27734E-2	2.17869E-3	0.00000E+0
5.18647E+0	-9.27734E-2	1.92518E-3	0.00000E+0
5.18677E+0	-9.27734E-2	2.12497E-3	0.00000E+0
5.18657E+0	-9.27734E-2	1.99883E-3	0.00000E+0
5.18677E+0	-9.27734E-2	2.12497E-3	0.00000E+0
5.18701E+0	-9.27734E-2	2.24886E-3	0.00000E+0
5.18652E+0	-9.27734E-2	1.96296E-3	0.00000E+0
5.18672E+0	-9.27734E-2	2.09587E-3	0.00000E+0
5.18667E+0	-9.27734E-2	2.06520E-3	0.00000E+0
5.18672E+0	-9.27734E-2	2.09587E-3	0.00000E+0
5.18701E+0	-9.27734E-2	2.24886E-3	0.00000E+0
5.18677E+0	-9.28711E-2	2.12497E-3	6.87038E-4
5.18687E+0	-9.27734E-2	2.17869E-3	0.00000E+0
5.18662E+0	-9.27734E-2	2.03288E-3	0.00000E+0
5.18672E+0	-9.27734E-2	2.09587E-3	0.00000E+0
5.18667E+0	-9.27734E-2	2.06520E-3	0.00000E+0
5.18677E+0	-9.27734E-2	2.12497E-3	0.00000E+0
5.18652E+0	-9.27734E-2	1.96296E-3	0.00000E+0
5.18643E+0	-9.27734E-2	1.88537E-3	0.00000E+0
5.18667E+0	-9.28223E-2	2.06520E-3	4.88281E-4
5.18628E+0	-9.28223E-2	1.75230E-3	4.88281E-4
5.18667E+0	-9.27734E-2	2.06520E-3	0.00000E+0
5.18682E+0	-9.27734E-2	2.15256E-3	0.00000E+0
5.18677E+0	-9.27734E-2	2.12497E-3	0.00000E+0
5.18672E+0	-9.27734E-2	2.09587E-3	0.00000E+0
5.18672E+0	-9.27734E-2	2.09587E-3	0.00000E+0
5.18711E+0	-9.27734E-2	2.28919E-3	0.00000E+0
5.18726E+0	-9.27734E-2	2.34069E-3	0.00000E+0
5.18726E+0	-9.28223E-2	2.34069E-3	4.88281E-4
5.18730E+0	-9.27734E-2	2.35556E-3	0.00000E+0
5.18691E+0	-9.28223E-2	2.20342E-3	4.88281E-4
5.18667E+0	-9.27734E-2	2.06520E-3	0.00000E+0
5.18706E+0	-9.27734E-2	2.26964E-3	0.00000E+0
5.18682E+0	-9.27734E-2	2.15256E-3	0.00000E+0
5.18652E+0	-9.27734E-2	1.96296E-3	0.00000E+0
5.18638E+0	-9.27734E-2	1.84338E-3	0.00000E+0
5.18643E+0	-9.27734E-2	1.88537E-3	0.00000E+0
5.18657E+0	-9.27734E-2	1.99883E-3	0.00000E+0
5.18643E+0	-9.28223E-2	1.88537E-3	4.88281E-4
5.18662E+0	-9.27734E-2	2.03288E-3	0.00000E+0
5.18662E+0	-9.27734E-2	2.03288E-3	0.00000E+0
5.18643E+0	-9.27734E-2	1.88537E-3	0.00000E+0
5.18628E+0	-9.27734E-2	1.75230E-3	0.00000E+0
5.18652E+0	-9.27734E-2	1.96296E-3	0.00000E+0
5.18618E+0	-9.27734E-2	1.65038E-3	0.00000E+0
5.18652E+0	-9.27734E-2	1.96296E-3	0.00000E+0
5.18682E+0	-9.27734E-2	2.15256E-3	0.00000E+0
5.18687E+0	-9.27734E-2	2.17869E-3	0.00000E+0
5.18662E+0	-9.28223E-2	2.03288E-3	4.88281E-4
5.18706E+0	-9.27734E-2	2.26964E-3	0.00000E+0
5.18652E+0	-9.27734E-2	1.96296E-3	0.00000E+0
5.18701E+0	-9.27734E-2	2.24886E-3	0.00000E+0
5.18662E+0	-9.27734E-2	2.03288E-3	0.00000E+0
5.18643E+0	-9.27734E-2	1.88537E-3	0.00000E+0
5.18647E+0	-9.27734E-2	1.92518E-3	0.00000E+0
5.18657E+0	-9.27734E-2	1.99883E-3	0.00000E+0
5.18696E+0	-9.27734E-2	2.22680E-3	0.00000E+0
5.18672E+0	-9.27734E-2	2.09587E-3	0.00000E+0
5.18687E+0	-9.27734E-2	2.17869E-3	0.00000E+0
5.18726E+0	-9.27734E-2	2.34069E-3	0.00000E+0
5.18711E+0	-9.27734E-2	2.28919E-3	0.00000E+0
5.18677E+0	-9.28223E-2	2.12497E-3	4.88281E-4
5.18682E+0	-9.27734E-2	2.15256E-3	0.00000E+0
5.18682E+0	-9.27734E-2	2.15256E-3	0.00000E+0
5.18677E+0	-9.27734E-2	2.12497E-3	0.00000E+0
5.18628E+0	-9.28223E-2	1.75230E-3	4.88281E-4
5.18638E+0	-9.27734E-2	1.84338E-3	0.00000E+0
5.18711E+0	-9.27734E-2	2.28919E-3	0.00000E+0
5.18677E+0	-9.27734E-2	2.12497E-3	0.00000E+0
5.18706E+0	-9.27734E-2	2.26964E-3	0.00000E+0
5.18643E+0	-9.28223E-2	1.88537E-3	4.88281E-4
5.18682E+0	-9.27734E-2	2.15256E-3	0.00000E+0
5.18687E+0	-9.27734E-2	2.17869E-3	0.00000E+0
5.18647E+0	-9.27734E-2	1.92518E-3	0.00000E+0
5.18652E+0	-9.27734E-2	1.96296E-3	0.00000E+0
5.18657E+0	-9.27734E-2	1.99883E-3	0.00000E+0
5.18643E+0	-9.28223E-2	1.88537E-3	4.88281E-4
5.18667E+0	-9.27734E-2	2.06520E-3	0.00000E+0
5.18706E+0	-9.27734E-2	2.26964E-3	0.00000E+0
5.18657E+0	-9.27734E-2	1.99883E-3	0.00000E+0
5.18687E+0	-9.27734E-2	2.17869E-3	0.00000E+0
5.18633E+0	-9.27734E-2	1.79909E-3	0.00000E+0
5.18628E+0	-9.27734E-2	1.75230E-3	0.00000E+0
5.18628E+0	-9.27734E-2	1.75230E-3	0.00000E+0
5.18643E+0	-9.27734E-2	1.88537E-3	0.00000E+0
5.18657E+0	-9.28223E-2	1.99883E-3	4.88281E-4
5.18657E+0	-9.27734E-2	1.99883E-3	0.00000E+0
5.18638E+0	-9.27734E-2	1.84338E-3	0.00000E+0
5.18667E+0	-9.27734E-2	2.06520E-3	0.00000E+0
5.18638E+0	-9.28223E-2	1.84338E-3	4.88281E-4
5.18618E+0	-9.27734E-2	1.65038E-3	0.00000E+0
5.18623E+0	-9.27734E-2	1.70281E-3	0.00000E+0
5.18667E+0	-9.27734E-2	2.06520E-3	0.00000E+0
5.18633E+0	-9.27734E-2	1.79909E-3	0.00000E+0
5.18672E+0	-9.27734E-2	2.09587E-3	0.00000E+0
5.18696E+0	-9.27734E-2	2.22680E-3	0.00000E+0
5.18628E+0	-9.27734E-2	1.75230E-3	0.00000E+0
5.18657E+0	-9.27734E-2	1.99883E-3	0.00000E+0
5.18638E+0	-9.27734E-2	1.84338E-3	0.00000E+0
5.18652E+0	-9.27734E-2	1.96296E-3	0.00000E+0
5.18628E+0	-9.27734E-2	1.75230E-3	0.00000E+0
5.18618E+0	-9.27734E-2	1.65038E-3	0.00000E+0
5.18623E+0	-9.27734E-2	1.70281E-3	0.00000E+0
5.18647E+0	-9.29199E-2	1.92518E-3	8.37142E-4
5.18638E+0	-9.28223E-2	1.84338E-3	4.88281E-4
5.18599E+0	-9.27734E-2	1.40441E-3	0.00000E+0
5.18696E+0	-9.27734E-2	2.22680E-3	0.00000E+0
5.18647E+0	-9.27734E-2	1.92518E-3	0.00000E+0
5.18657E+0	-9.27734E-2	1.99883E-3	0.00000E+0
5.18638E+0	-9.27734E-2	1.84338E-3	0.00000E+0
5.18608E+0	-9.27734E-2	1.53548E-3	0.00000E+0
5.18667E+0	-9.27734E-2	2.06520E-3	0.00000E+0
5.18604E+0	-9.27734E-2	1.47222E-3	0.00000E+0
5.18662E+0	-9.27734E-2	2.03288E-3	0.00000E+0
5.18667E+0	-9.27734E-2	2.06520E-3	0.00000E+0
5.18687E+0	-9.27734E-2	2.17869E-3	0.00000E+0
5.18711E+0	-9.27734E-2	2.28919E-3	0.00000E+0
5.18638E+0	-9.27734E-2	1.84338E-3	0.00000E+0
5.18652E+0	-9.28223E-2	1.96296E-3	4.88281E-4
5.18647E+0	-9.28223E-2	1.92518E-3	4.88281E-4
5.18643E+0	-9.27734E-2	1.88537E-3	0.00000E+0
5.18677E+0	-9.27734E-2	2.12497E-3	0.00000E+0
5.18662E+0	-9.28223E-2	2.03288E-3	4.88281E-4
5.18667E+0	-9.27734E-2	2.06520E-3	0.00000E+0
5.18682E+0	-9.27734E-2	2.15256E-3	0.00000E+0
5.18628E+0	-9.27734E-2	1.75230E-3	0.00000E+0
5.18662E+0	-9.27734E-2	2.03288E-3	0.00000E+0
5.18687E+0	-9.27734E-2	2.17869E-3	0.00000E+0
5.18687E+0	-9.27734E-2	2.17869E-3	0.00000E+0
5.18633E+0	-9.28223E-2	1.79909E-3	4.88281E-4
5.18662E+0	-9.27734E-2	2.03288E-3	0.00000E+0
5.18662E+0	-9.27734E-2	2.03288E-3	0.00000E+0
5.18657E+0	-9.27734E-2	1.99883E-3	0.00000E+0
5.18643E+0	-9.27734E-2	1.88537E-3	0.00000E+0
5.18701E+0	-9.27734E-2	2.24886E-3	0.00000E+0
5.18633E+0	-9.27734E-2	1.79909E-3	0.00000E+0
5.18643E+0	-9.28223E-2	1.88537E-3	4.88281E-4
5.18677E+0	-9.27734E-2	2.12497E-3	0.00000E+0
5.18647E+0	-9.27734E-2	1.92518E-3	0.00000E+0
5.18652E+0	-9.27734E-2	1.96296E-3	0.00000E+0
5.18662E+0	-9.27734E-2	2.03288E-3	0.00000E+0
5.18652E+0	-9.27734E-2	1.96296E-3	0.00000E+0
5.18672E+0	-9.27734E-2	2.09587E-3	0.00000E+0
5.18682E+0	-9.28223E-2	2.15256E-3	4.88281E-4
5.18677E+0	-9.28223E-2	2.12497E-3	4.88281E-4
5.18706E+0	-9.27734E-2	2.26964E-3	0.00000E+0
5.18687E+0	-9.27734E-2	2.17869E-3	0.00000E+0
5.18652E+0	-9.27734E-2	1.96296E-3	0.00000E+0
5.18696E+0	-9.27734E-2	2.22680E-3	0.00000E+0
5.18667E+0	-9.28223E-2	2.06520E-3	4.88281E-4
5.18667E+0	-9.28223E-2	2.06520E-3	4.88281E-4
5.18657E+0	-9.27734E-2	1.99883E-3	0.00000E+0
5.18633E+0	-9.27734E-2	1.79909E-3	0.00000E+0
5.18672E+0	-9.28223E-2	2.09587E-3	4.88281E-4
5.18638E+0	-9.27734E-2	1.84338E-3	0.00000E+0
5.18657E+0	-9.27734E-2	1.99883E-3	0.00000E+0
5.18633E+0	-9.27734E-2	1.79909E-3	0.00000E+0
5.18628E+0	-9.27734E-2	1.75230E-3	0.00000E+0
5.18657E+0	-9.27734E-2	1.99883E-3	0.00000E+0
5.18613E+0	-9.27734E-2	1.59472E-3	0.00000E+0
5.18682E+0	-9.27734E-2	2.15256E-3	0.00000E+0
5.18628E+0	-9.27734E-2	1.75230E-3	0.00000E+0
5.18657E+0	-9.27734E-2	1.99883E-3	0.00000E+0
5.18623E+0	-9.27734E-2	1.70281E-3	0.00000E+0
5.18628E+0	-9.27734E-2	1.75230E-3	0.00000E+0
5.18608E+0	-9.28223E-2	1.53548E-3	4.88281E-4
5.18628E+0	-9.27734E-2	1.75230E-3	0.00000E+0
5.18618E+0	-9.27734E-2	1.65038E-3	0.00000E+0
5.18599E+0	-9.27734E-2	1.40441E-3	0.00000E+0
5.18638E+0	-9.27734E-2	1.84338E-3	0.00000E+0
5.18647E+0	-9.27734E-2	1.92518E-3	0.00000E+0
5.18584E+0	-9.27734E-2	1.16545E-3	0.00000E+0
5.18647E+0	-9.27734E-2	1.92518E-3	0.00000E+0
5.18628E+0	-9.27734E-2	1.75230E-3	0.00000E+0
5.18662E+0	-9.28223E-2	2.03288E-3	4.88281E-4
5.18638E+0	-9.28223E-2	1.84338E-3	4.88281E-4
5.18652E+0	-9.27734E-2	1.96296E-3	0.00000E+0
5.18618E+0	-9.27734E-2	1.65038E-3	0.00000E+0
5.18647E+0	-9.27734E-2	1.92518E-3	0.00000E+0
5.18608E+0	-9.27734E-2	1.53548E-3	0.00000E+0
5.18647E+0	-9.27734E-2	1.92518E-3	0.00000E+0
5.18647E+0	-9.28223E-2	1.92518E-3	4.88281E-4
