4.74609E+0	-9.28223E-2	0.00000E+0	4.88281E-4
4.74609E+0	-9.28711E-2	0.00000E+0	6.87038E-4
4.74609E+0	-9.27734E-2	0.00000E+0	0.00000E+0
4.74609E+0	-9.27734E-2	0.00000E+0	0.00000E+0
4.74609E+0	-9.27734E-2	0.00000E+0	0.00000E+0
4.74614E+0	-9.27734E-2	4.88281E-4	0.00000E+0
4.74609E+0	-9.27734E-2	0.00000E+0	0.00000E+0
4.74614E+0	-9.27734E-2	4.88281E-4	0.00000E+0
4.74614E+0	-9.27734E-2	4.88281E-4	0.00000E+0
4.74609E+0	-9.27734E-2	0.00000E+0	0.00000E+0
4.74614E+0	-9.27734E-2	4.88281E-4	0.00000E+0
4.74614E+0	-9.27734E-2	4.88281E-4	0.00000E+0
4.74609E+0	-9.27734E-2	0.00000E+0	0.00000E+0
4.74614E+0	-9.27734E-2	4.88281E-4	0.00000E+0
4.74609E+0	-9.28223E-2	0.00000E+0	4.88281E-4
4.74609E+0	-9.27734E-2	0.00000E+0	0.00000E+0
4.74609E+0	-9.27734E-2	0.00000E+0	0.00000E+0
4.74609E+0	-9.27734E-2	0.00000E+0	0.00000E+0
4.74609E+0	-9.27734E-2	0.00000E+0	0.00000E+0
4.74609E+0	-9.27734E-2	0.00000E+0	0.00000E+0
4.74609E+0	-9.27734E-2	0.00000E+0	0.00000E+0
4.74609E+0	-9.28223E-2	0.00000E+0	4.88281E-4
4.74609E+0	-9.27734E-2	0.00000E+0	0.00000E+0
4.74741E+0	-9.27734E-2	2.17869E-3	0.00000E+0
4.75107E+0	-9.27734E-2	9.76562E-4	0.00000E+0
4.75513E+0	-9.27734E-2	1.75230E-3	0.00000E+0
4.75596E+0	-9.27734E-2	6.87038E-4	0.00000E+0
4.75835E+0	-9.27734E-2	2.45321E-3	0.00000E+0
4.76235E+0	-9.28223E-2	2.40963E-3	4.88281E-4
4.76572E+0	-9.27734E-2	9.76562E-4	0.00000E+0
4.76987E+0	-9.27734E-2	1.65038E-3	0.00000E+0
4.77451E+0	-9.27734E-2	1.88537E-3	0.00000E+0
4.77856E+0	-9.27734E-2	2.34069E-3	0.00000E+0
4.78359E+0	-9.28223E-2	2.28919E-3	4.88281E-4
4.78896E+0	-9.27734E-2	2.82592E-3	0.00000E+0
4.79482E+0	-9.28223E-2	6.87038E-4	4.88281E-4
4.79780E+0	-9.27734E-2	2.41363E-3	0.00000E+0
4.79985E+0	-9.27734E-2	4.88281E-4	0.00000E+0
4.80220E+0	-9.27734E-2	2.45321E-3	0.00000E+0
4.80532E+0	-9.28223E-2	1.65038E-3	4.88281E-4
4.81157E+0	-9.27734E-2	2.78428E-3	0.00000E+0
4.81455E+0	-9.27734E-2	6.87038E-4	0.00000E+0
4.81802E+0	-9.27734E-2	2.17869E-3	0.00000E+0
4.82241E+0	-9.27734E-2	2.36932E-3	0.00000E+0
4.82534E+0	-9.27734E-2	2.06520E-3	0.00000E+0
4.82896E+0	-9.27734E-2	8.37142E-4	0.00000E+0
4.83320E+0	-9.27734E-2	1.79909E-3	0.00000E+0
4.83745E+0	-9.28223E-2	2.22680E-3	4.88281E-4
4.84248E+0	-9.28223E-2	2.15256E-3	4.88281E-4
4.84634E+0	-9.27734E-2	2.44928E-3	0.00000E+0
4.85220E+0	-9.28223E-2	2.17869E-3	4.88281E-4
4.85537E+0	-9.27734E-2	2.38199E-3	0.00000E+0
4.85840E+0	-9.27734E-2	0.00000E+0	0.00000E+0
4.85854E+0	-9.27734E-2	8.37142E-4	0.00000E+0
4.85850E+0	-9.27734E-2	6.87038E-4	0.00000E+0
4.86182E+0	-9.28223E-2	2.24886E-3	4.88281E-4
4.86665E+0	-9.27734E-2	2.56832E-3	0.00000E+0
4.87656E+0	-9.27734E-2	3.40562E-3	0.00000E+0
4.88159E+0	-9.27734E-2	2.34069E-3	0.00000E+0
4.88701E+0	-9.27734E-2	1.70281E-3	0.00000E+0
4.88853E+0	-9.27734E-2	1.84338E-3	0.00000E+0
4.89419E+0	-9.28223E-2	2.30753E-3	4.88281E-4
4.89751E+0	-9.27734E-2	4.88281E-4	0.00000E+0
4.90313E+0	-9.27734E-2	2.75165E-3	0.00000E+0
4.90996E+0	-9.27734E-2	2.43597E-3	0.00000E+0
4.91523E+0	-9.27734E-2	2.35556E-3	0.00000E+0
4.92334E+0	-9.27734E-2	3.43519E-3	0.00000E+0
4.93086E+0	-9.27734E-2	2.75165E-3	0.00000E+0
4.93687E+0	-9.27734E-2	1.25211E-3	0.00000E+0
4.94272E+0	-9.27734E-2	2.28656E-3	0.00000E+0
4.94814E+0	-9.27734E-2	2.38199E-3	0.00000E+0
4.95425E+0	-9.27734E-2	2.36932E-3	0.00000E+0
4.95903E+0	-9.28223E-2	2.39359E-3	4.88281E-4
4.96401E+0	-9.27734E-2	2.36932E-3	0.00000E+0
4.96616E+0	-9.27734E-2	1.25211E-3	0.00000E+0
4.96655E+0	-9.28223E-2	1.75230E-3	4.88281E-4
4.96851E+0	-9.27734E-2	2.44141E-3	0.00000E+0
4.97295E+0	-9.28223E-2	2.44584E-3	4.88281E-4
4.97764E+0	-9.27734E-2	2.51956E-3	0.00000E+0
4.98701E+0	-9.27734E-2	2.96239E-3	0.00000E+0
4.99517E+0	-9.27734E-2	2.35300E-3	0.00000E+0
5.00195E+0	-9.27734E-2	2.59676E-3	0.00000E+0
5.00732E+0	-9.27734E-2	2.45371E-3	0.00000E+0
5.01294E+0	-9.27734E-2	2.34069E-3	0.00000E+0
5.01855E+0	-9.27734E-2	3.02513E-3	0.00000E+0
5.02690E+0	-9.27734E-2	2.73189E-3	0.00000E+0
5.03579E+0	-9.28223E-2	2.69282E-3	4.88281E-4
5.04526E+0	-9.27734E-2	3.31786E-3	0.00000E+0
5.05474E+0	-9.27734E-2	2.62397E-3	0.00000E+0
5.06343E+0	-9.27734E-2	3.83250E-3	0.00000E+0
5.07485E+0	-9.27734E-2	2.86611E-3	0.00000E+0
5.08018E+0	-9.28223E-2	2.42209E-3	4.88281E-4
5.08677E+0	-9.27734E-2	2.06520E-3	0.00000E+0
5.09297E+0	-9.28223E-2	2.68072E-3	4.88281E-4
5.09829E+0	-9.27734E-2	1.65038E-3	0.00000E+0
5.10400E+0	-9.27734E-2	2.45371E-3	0.00000E+0
5.11084E+0	-9.27734E-2	2.45371E-3	0.00000E+0
5.11836E+0	-9.27734E-2	2.41612E-3	0.00000E+0
5.12695E+0	-9.27734E-2	2.59676E-3	0.00000E+0
5.13545E+0	-9.27734E-2	2.15256E-3	0.00000E+0
5.14185E+0	-9.27734E-2	3.05484E-3	0.00000E+0
5.14985E+0	-9.27734E-2	2.37338E-3	0.00000E+0
5.15562E+0	-9.28223E-2	1.65038E-3	4.88281E-4
5.15625E+0	-9.28223E-2	0.00000E+0	4.88281E-4
5.15620E+0	-9.27734E-2	4.88281E-4	0.00000E+0
5.15625E+0	-9.27734E-2	0.00000E+0	0.00000E+0
5.15693E+0	-9.27734E-2	1.70281E-3	0.00000E+0
5.16592E+0	-9.28223E-2	3.73608E-3	4.88281E-4
5.17793E+0	-9.27734E-2	4.51482E-3	0.00000E+0
5.19224E+0	-9.27734E-2	3.51523E-3	0.00000E+0
5.20239E+0	-9.27734E-2	3.05484E-3	0.00000E+0
5.20864E+0	-9.27734E-2	2.38956E-3	0.00000E+0
5.21484E+0	-9.27734E-2	2.08204E-3	0.00000E+0
5.22158E+0	-9.27734E-2	2.84291E-3	0.00000E+0
5.23062E+0	-9.27734E-2	3.09245E-3	0.00000E+0
5.23896E+0	-9.27734E-2	3.66055E-3	0.00000E+0
5.24673E+0	-9.28223E-2	2.44928E-3	4.88281E-4
5.25288E+0	-9.27734E-2	1.99883E-3	0.00000E+0
5.25938E+0	-9.27734E-2	5.16002E-3	0.00000E+0
5.27222E+0	-9.27734E-2	3.82495E-3	0.00000E+0
5.28130E+0	-9.27734E-2	3.32076E-3	0.00000E+0
5.29028E+0	-9.27734E-2	2.53813E-3	0.00000E+0
5.29590E+0	-9.27734E-2	2.40413E-3	0.00000E+0
5.30078E+0	-9.27734E-2	2.40413E-3	0.00000E+0
5.30903E+0	-9.27734E-2	3.34965E-3	0.00000E+0
5.31719E+0	-9.27734E-2	3.09751E-3	0.00000E+0
5.32559E+0	-9.27734E-2	2.28919E-3	0.00000E+0
5.33110E+0	-9.28223E-2	1.92518E-3	4.88281E-4
5.33232E+0	-9.27734E-2	1.16545E-3	0.00000E+0
5.33643E+0	-9.27734E-2	1.47222E-3	0.00000E+0
5.33979E+0	-9.27734E-2	2.41363E-3	0.00000E+0
5.34878E+0	-9.27734E-2	3.34677E-3	0.00000E+0
5.36147E+0	-9.27734E-2	4.35932E-3	0.00000E+0
5.37529E+0	-9.27734E-2	3.54015E-3	0.00000E+0
5.38608E+0	-9.27734E-2	3.62319E-3	0.00000E+0
5.39238E+0	-9.27734E-2	2.35556E-3	0.00000E+0
5.39507E+0	-9.27734E-2	1.40441E-3	0.00000E+0
5.39551E+0	-9.27734E-2	0.00000E+0	0.00000E+0
5.39858E+0	-9.27734E-2	2.83230E-3	0.00000E+0
5.40713E+0	-9.27734E-2	2.48103E-3	0.00000E+0
5.41558E+0	-9.27734E-2	2.67848E-3	0.00000E+0
5.42441E+0	-9.27734E-2	3.37721E-3	0.00000E+0
5.43271E+0	-9.27734E-2	2.38199E-3	0.00000E+0
5.43457E+0	-9.27734E-2	0.00000E+0	0.00000E+0
5.43457E+0	-9.27734E-2	0.00000E+0	0.00000E+0
5.43447E+0	-9.27734E-2	6.87038E-4	0.00000E+0
5.43457E+0	-9.28223E-2	0.00000E+0	4.88281E-4
5.43457E+0	-9.27734E-2	0.00000E+0	0.00000E+0
5.43457E+0	-9.27734E-2	0.00000E+0	0.00000E+0
5.43457E+0	-9.27734E-2	0.00000E+0	0.00000E+0
5.43457E+0	-9.27734E-2	0.00000E+0	0.00000E+0
5.43457E+0	-9.27734E-2	0.00000E+0	0.00000E+0
5.43457E+0	-9.27734E-2	0.00000E+0	0.00000E+0
5.43457E+0	-9.27734E-2	0.00000E+0	0.00000E+0
5.43457E+0	-9.27734E-2	0.00000E+0	0.00000E+0
5.43818E+0	-9.27734E-2	3.77711E-3	0.00000E+0
5.45308E+0	-9.27734E-2	6.06199E-3	0.00000E+0
5.46279E+0	-9.27734E-2	2.82592E-3	0.00000E+0
5.47197E+0	-9.28223E-2	2.42607E-3	4.88281E-4
5.47778E+0	-9.27734E-2	2.12497E-3	0.00000E+0
5.48403E+0	-9.28711E-2	2.46887E-3	6.87038E-4
5.48828E+0	-9.28223E-2	6.94013E-4	4.88281E-4
5.49233E+0	-9.27734E-2	1.84338E-3	0.00000E+0
5.49766E+0	-9.27734E-2	1.92330E-3	0.00000E+0
5.50435E+0	-9.27734E-2	2.62397E-3	0.00000E+0
5.51104E+0	-9.27734E-2	2.52338E-3	0.00000E+0
5.51685E+0	-9.27734E-2	1.75230E-3	0.00000E+0
5.51831E+0	-9.27734E-2	1.75230E-3	0.00000E+0
5.52461E+0	-9.27734E-2	2.71642E-3	0.00000E+0
5.53315E+0	-9.27734E-2	3.23257E-3	0.00000E+0
5.54248E+0	-9.27246E-2	3.70501E-3	4.88281E-4
5.55435E+0	-9.27734E-2	3.21464E-3	0.00000E+0
5.56689E+0	-9.27734E-2	3.57265E-3	0.00000E+0
5.57554E+0	-9.27734E-2	2.15647E-3	0.00000E+0
5.58086E+0	-9.27734E-2	1.68861E-3	0.00000E+0
5.58579E+0	-9.27734E-2	1.76326E-3	0.00000E+0
5.59077E+0	-9.27734E-2	2.02278E-3	0.00000E+0
5.59551E+0	-9.27734E-2	9.61652E-4	0.00000E+0
5.59775E+0	-9.27734E-2	2.42209E-3	0.00000E+0
5.60366E+0	-9.27734E-2	2.36932E-3	0.00000E+0
5.61084E+0	-9.27734E-2	3.50459E-3	0.00000E+0
5.61533E+0	-9.27734E-2	6.87038E-4	0.00000E+0
5.61987E+0	-9.27734E-2	1.27498E-3	0.00000E+0
5.62441E+0	-9.28223E-2	2.11418E-3	4.88281E-4
5.62920E+0	-9.27734E-2	1.70281E-3	0.00000E+0
5.63379E+0	-9.28223E-2	1.96296E-3	4.88281E-4
5.63706E+0	-9.28223E-2	2.44928E-3	4.88281E-4
5.64287E+0	-9.27734E-2	2.32468E-3	0.00000E+0
5.65068E+0	-9.27734E-2	4.73864E-3	0.00000E+0
5.65669E+0	-9.28711E-2	2.45321E-3	6.87038E-4
5.65933E+0	-9.27734E-2	8.37142E-4	0.00000E+0
5.66353E+0	-9.27734E-2	2.29077E-3	0.00000E+0
5.66973E+0	-9.27734E-2	2.37592E-3	0.00000E+0
5.67407E+0	-9.27734E-2	1.45163E-3	0.00000E+0
5.67832E+0	-9.27734E-2	1.33135E-3	0.00000E+0
5.67886E+0	-9.27734E-2	8.37142E-4	0.00000E+0
5.68208E+0	-9.27734E-2	2.26964E-3	0.00000E+0
5.68301E+0	-9.27734E-2	1.59472E-3	0.00000E+0
5.68320E+0	-9.27734E-2	1.33135E-3	0.00000E+0
5.68325E+0	-9.28223E-2	1.25211E-3	4.88281E-4
5.68340E+0	-9.27734E-2	9.61652E-4	0.00000E+0
5.68325E+0	-9.27734E-2	1.25211E-3	0.00000E+0
5.68330E+0	-9.27734E-2	1.16545E-3	0.00000E+0
5.68340E+0	-9.27734E-2	9.61652E-4	0.00000E+0
5.68335E+0	-9.27734E-2	1.06955E-3	0.00000E+0
5.68335E+0	-9.27734E-2	1.06955E-3	0.00000E+0
5.68325E+0	-9.27734E-2	1.25211E-3	0.00000E+0
5.68325E+0	-9.28223E-2	1.25211E-3	4.88281E-4
5.68354E+0	-9.27734E-2	4.88281E-4	0.00000E+0
5.68350E+0	-9.27734E-2	6.87038E-4	0.00000E+0
5.68335E+0	-9.27734E-2	1.06955E-3	0.00000E+0
5.68335E+0	-9.27734E-2	1.06955E-3	0.00000E+0
5.68350E+0	-9.27734E-2	6.87038E-4	0.00000E+0
5.68345E+0	-9.27734E-2	8.37142E-4	0.00000E+0
5.68345E+0	-9.27734E-2	8.37142E-4	0.00000E+0
5.68350E+0	-9.27734E-2	6.87038E-4	0.00000E+0
