4.75439E+0	-9.27734E-2	2.24886E-3	0.00000E+0
4.75415E+0	-9.27246E-2	2.34069E-3	4.88281E-4
4.75439E+0	-9.27734E-2	2.24886E-3	0.00000E+0
4.75420E+0	-9.27734E-2	2.32468E-3	0.00000E+0
4.75464E+0	-9.27734E-2	2.12497E-3	0.00000E+0
4.75454E+0	-9.27246E-2	2.17869E-3	4.88281E-4
4.75449E+0	-9.27246E-2	2.20342E-3	4.88281E-4
4.75410E+0	-9.27734E-2	2.35556E-3	0.00000E+0
4.75386E+0	-9.27734E-2	2.41363E-3	0.00000E+0
4.75425E+0	-9.27734E-2	2.30753E-3	0.00000E+0
4.75449E+0	-9.27734E-2	2.20342E-3	0.00000E+0
4.75435E+0	-9.27734E-2	2.26964E-3	0.00000E+0
4.75410E+0	-9.27734E-2	2.35556E-3	0.00000E+0
4.75391E+0	-9.27734E-2	2.40413E-3	0.00000E+0
4.75366E+0	-9.27734E-2	2.44141E-3	0.00000E+0
4.75352E+0	-9.27734E-2	2.45174E-3	0.00000E+0
4.75356E+0	-9.27734E-2	2.44928E-3	0.00000E+0
4.75361E+0	-9.27246E-2	2.44584E-3	4.88281E-4
4.75337E+0	-9.27734E-2	2.45321E-3	0.00000E+0
4.75347E+0	-9.27734E-2	2.45321E-3	0.00000E+0
4.75366E+0	-9.27246E-2	2.44141E-3	4.88281E-4
4.75371E+0	-9.27734E-2	2.43597E-3	0.00000E+0
4.75337E+0	-9.27734E-2	2.45321E-3	0.00000E+0
4.75312E+0	-9.27734E-2	2.43597E-3	0.00000E+0
4.75361E+0	-9.27734E-2	2.44584E-3	0.00000E+0
4.75327E+0	-9.27734E-2	2.44928E-3	0.00000E+0
4.75347E+0	-9.27734E-2	2.45321E-3	0.00000E+0
4.75312E+0	-9.27734E-2	2.43597E-3	0.00000E+0
4.75337E+0	-9.27734E-2	2.45321E-3	0.00000E+0
4.75327E+0	-9.27734E-2	2.44928E-3	0.00000E+0
4.75293E+0	-9.27734E-2	2.40413E-3	0.00000E+0
4.75298E+0	-9.27734E-2	2.41363E-3	0.00000E+0
4.75327E+0	-9.27734E-2	2.44928E-3	0.00000E+0
4.75303E+0	-9.27734E-2	2.42209E-3	0.00000E+0
4.75293E+0	-9.27734E-2	2.40413E-3	0.00000E+0
4.75293E+0	-9.27734E-2	2.40413E-3	0.00000E+0
4.75327E+0	-9.27246E-2	2.44928E-3	4.88281E-4
4.75312E+0	-9.27734E-2	2.43597E-3	0.00000E+0
4.75308E+0	-9.27734E-2	2.42954E-3	0.00000E+0
4.75361E+0	-9.27734E-2	2.44584E-3	0.00000E+0
4.75352E+0	-9.27734E-2	2.45174E-3	0.00000E+0
4.75327E+0	-9.27734E-2	2.44928E-3	0.00000E+0
4.75342E+0	-9.27734E-2	2.45371E-3	0.00000E+0
4.75317E+0	-9.27734E-2	2.44141E-3	0.00000E+0
4.75317E+0	-9.28223E-2	2.44141E-3	4.88281E-4
4.75347E+0	-9.27734E-2	2.45321E-3	0.00000E+0
4.75332E+0	-9.27734E-2	2.45174E-3	0.00000E+0
4.75288E+0	-9.27734E-2	2.39359E-3	0.00000E+0
4.75332E+0	-9.27734E-2	2.45174E-3	0.00000E+0
4.75298E+0	-9.27734E-2	2.41363E-3	0.00000E+0
4.75342E+0	-9.28223E-2	2.45371E-3	4.88281E-4
4.75547E+0	-9.27734E-2	1.33135E-3	0.00000E+0
4.75742E+0	-9.27734E-2	2.28919E-3	0.00000E+0
4.76250E+0	-9.27734E-2	2.35556E-3	0.00000E+0
4.76787E+0	-9.27734E-2	2.44584E-3	0.00000E+0
4.77295E+0	-9.27734E-2	2.45371E-3	0.00000E+0
4.77769E+0	-9.27734E-2	2.44928E-3	0.00000E+0
4.78584E+0	-9.27246E-2	3.10527E-3	4.88281E-4
4.79414E+0	-9.26758E-2	1.92831E-3	6.87038E-4
4.79941E+0	-9.23340E-2	1.65402E-3	1.40441E-3
4.80327E+0	-9.15527E-2	2.22680E-3	2.12497E-3
4.80835E+0	-8.97461E-2	3.05484E-3	2.38199E-3
4.81440E+0	-8.79883E-2	8.48571E-4	6.87038E-4
4.82036E+0	-8.78418E-2	2.88621E-3	4.88281E-4
4.82422E+0	-8.76465E-2	0.00000E+0	1.06955E-3
4.82661E+0	-8.65723E-2	2.45321E-3	2.17869E-3
4.82939E+0	-8.56445E-2	1.16545E-3	2.44584E-3
4.83374E+0	-8.48633E-2	1.45163E-3	2.38199E-3
4.83647E+0	-8.47656E-2	2.45321E-3	2.35556E-3
4.83833E+0	-8.50586E-2	1.53548E-3	2.42209E-3
4.83901E+0	-8.49121E-2	1.08741E-3	2.39359E-3
4.84316E+0	-8.48145E-2	1.59472E-3	2.36932E-3
4.84375E+0	-8.49121E-2	0.00000E+0	2.39359E-3
4.84614E+0	-8.52539E-2	2.45321E-3	2.44584E-3
4.85078E+0	-8.65234E-2	2.43597E-3	2.20342E-3
4.85347E+0	-8.71094E-2	4.88281E-4	1.79909E-3
4.85674E+0	-8.76953E-2	2.70754E-3	9.61652E-4
4.86460E+0	-8.78906E-2	2.48830E-3	0.00000E+0
4.87139E+0	-8.78906E-2	4.61505E-3	0.00000E+0
4.87935E+0	-8.78906E-2	2.22680E-3	0.00000E+0
4.88633E+0	-8.80859E-2	2.20342E-3	9.61652E-4
4.89106E+0	-8.87695E-2	2.26964E-3	1.88537E-3
4.89565E+0	-8.93066E-2	2.36932E-3	2.22680E-3
4.89912E+0	-8.92578E-2	2.32468E-3	2.20342E-3
4.90566E+0	-8.98437E-2	2.49072E-3	2.40413E-3
4.91313E+0	-8.96973E-2	2.22680E-3	2.36932E-3
4.91714E+0	-8.93555E-2	8.37142E-4	2.24886E-3
4.92148E+0	-8.93066E-2	2.04469E-3	2.22680E-3
4.92715E+0	-8.85742E-2	2.15926E-3	1.70281E-3
4.93433E+0	-8.79395E-2	2.53813E-3	4.88281E-4
4.94116E+0	-8.77930E-2	3.28283E-3	6.87038E-4
4.94941E+0	-8.44727E-2	2.35556E-3	2.24886E-3
4.95444E+0	-8.26172E-2	2.30753E-3	1.33135E-3
4.95645E+0	-7.89551E-2	1.33135E-3	1.96970E-3
4.96113E+0	-7.54395E-2	1.37408E-3	2.63131E-3
4.96416E+0	-7.03125E-2	2.32468E-3	2.40413E-3
4.96509E+0	-6.87988E-2	1.75230E-3	1.40441E-3
4.96660E+0	-6.80664E-2	1.79909E-3	1.16545E-3
4.97266E+0	-6.30859E-2	2.40413E-3	2.74815E-3
4.97559E+0	-5.54199E-2	0.00000E+0	3.05484E-3
4.97920E+0	-4.86328E-2	2.15256E-3	2.49459E-3
4.98447E+0	-4.01367E-2	1.88537E-3	3.57804E-3
4.98872E+0	-2.99316E-2	2.26964E-3	3.71508E-3
4.99297E+0	-2.06055E-2	2.43597E-3	3.77456E-3
4.99521E+0	-1.16211E-2	6.87038E-4	3.00757E-3
4.99717E+0	-7.17773E-3	2.42209E-3	2.72836E-3
5.00015E+0	-3.17383E-3	1.29001E-3	2.72129E-3
5.00405E+0	2.63672E-3	1.84338E-3	3.76434E-3
5.00742E+0	1.01074E-2	2.45174E-3	3.12344E-3
5.01284E+0	1.79687E-2	2.36932E-3	4.49129E-3
5.01699E+0	2.73437E-2	2.45174E-3	4.04675E-3
5.02271E+0	3.46191E-2	2.34069E-3	3.87002E-3
5.02651E+0	4.24316E-2	2.42954E-3	5.75215E-3
5.02944E+0	4.81445E-2	8.37142E-4	6.28532E-3
5.03169E+0	5.11230E-2	2.45321E-3	5.70000E-3
5.03345E+0	5.35645E-2	1.75230E-3	5.02644E-3
5.03408E+0	5.47852E-2	6.87038E-4	4.42103E-3
5.03423E+0	5.68848E-2	4.88281E-4	3.20864E-3
5.03442E+0	5.72754E-2	1.06955E-3	3.38967E-3
5.03779E+0	5.81543E-2	2.15256E-3	3.47665E-3
5.03960E+0	5.88867E-2	1.53548E-3	3.59416E-3
5.04248E+0	5.90332E-2	2.24886E-3	3.61253E-3
5.04395E+0	5.99121E-2	0.00000E+0	3.52890E-3
5.04536E+0	6.08887E-2	2.22680E-3	3.76658E-3
5.05122E+0	6.09375E-2	2.45321E-3	4.07522E-3
5.05576E+0	6.24512E-2	2.42209E-3	3.88244E-3
5.06611E+0	6.49902E-2	5.39458E-3	4.37256E-3
5.07656E+0	6.78711E-2	2.28919E-3	4.13506E-3
5.07852E+0	6.97754E-2	1.33135E-3	3.62584E-3
5.08232E+0	7.04590E-2	1.70281E-3	3.12344E-3
5.08579E+0	7.80762E-2	2.42954E-3	5.07603E-3
5.08887E+0	8.12012E-2	1.96296E-3	5.08361E-3
5.09351E+0	8.78906E-2	1.75230E-3	4.22151E-3
5.09741E+0	9.11621E-2	1.06955E-3	4.44683E-3
5.09912E+0	9.77051E-2	2.24886E-3	5.21642E-3
5.10298E+0	1.05469E-1	1.40441E-3	5.19352E-3
5.10732E+0	1.15918E-1	1.54875E-3	5.66461E-3
5.11143E+0	1.25049E-1	1.88537E-3	6.31876E-3
5.11367E+0	1.34033E-1	2.20342E-3	5.30250E-3
5.11694E+0	1.43604E-1	1.06955E-3	6.01413E-3
5.12031E+0	1.52637E-1	2.35556E-3	5.74901E-3
5.12568E+0	1.64062E-1	2.15256E-3	6.97474E-3
5.12754E+0	1.73096E-1	1.59472E-3	6.52427E-3
5.13135E+0	1.81006E-1	1.47222E-3	7.05217E-3
5.13530E+0	1.88379E-1	2.22680E-3	6.55392E-3
5.13672E+0	1.92725E-1	0.00000E+0	5.94810E-3
5.13672E+0	1.96045E-1	0.00000E+0	6.41258E-3
5.13765E+0	1.99121E-1	1.92518E-3	6.78502E-3
5.14067E+0	2.01270E-1	1.92518E-3	6.92554E-3
5.14160E+0	2.04004E-1	0.00000E+0	6.96022E-3
5.14434E+0	2.06396E-1	2.43597E-3	6.75924E-3
5.14648E+0	2.09229E-1	0.00000E+0	6.45003E-3
5.14648E+0	2.08301E-1	0.00000E+0	6.73657E-3
5.14648E+0	2.08301E-1	0.00000E+0	6.55539E-3
5.14658E+0	2.08936E-1	6.87038E-4	6.70342E-3
5.14829E+0	2.08252E-1	2.36932E-3	6.56108E-3
5.15112E+0	2.07471E-1	1.06955E-3	6.92258E-3
5.15122E+0	2.10742E-1	8.37142E-4	6.75442E-3
5.15103E+0	2.11426E-1	1.25211E-3	6.85283E-3
5.15098E+0	2.10059E-1	1.33135E-3	6.93943E-3
5.15088E+0	2.09180E-1	1.47222E-3	6.78998E-3
5.15112E+0	2.09326E-1	1.06955E-3	6.75211E-3
5.15068E+0	2.11523E-1	1.70281E-3	6.97060E-3
5.15073E+0	2.08154E-1	1.65038E-3	6.82307E-3
5.15127E+0	2.11084E-1	6.87038E-4	7.00420E-3
5.15137E+0	2.15625E-1	0.00000E+0	6.89557E-3
5.15371E+0	2.10840E-1	2.45174E-3	6.45021E-3
5.15747E+0	2.14258E-1	2.12497E-3	8.19053E-3
5.16270E+0	2.23291E-1	2.39208E-3	6.90028E-3
5.16523E+0	2.14453E-1	1.79909E-3	6.53552E-3
5.16587E+0	2.19385E-1	8.37142E-4	7.05217E-3
5.16621E+0	2.21729E-1	9.61652E-4	6.51393E-3
5.16992E+0	2.21094E-1	1.96296E-3	6.73157E-3
5.17212E+0	2.20459E-1	2.12497E-3	6.74211E-3
5.17627E+0	2.20361E-1	1.47222E-3	6.89330E-3
5.18042E+0	2.18359E-1	1.06955E-3	6.58691E-3
5.18350E+0	2.14551E-1	2.42209E-3	6.79353E-3
5.18574E+0	2.09277E-1	9.61652E-4	6.76511E-3
5.18926E+0	2.05420E-1	2.09587E-3	6.73782E-3
5.19082E+0	2.02734E-1	1.33135E-3	6.71007E-3
5.19331E+0	2.01709E-1	2.41363E-3	7.03302E-3
5.19526E+0	2.04346E-1	4.88281E-4	6.84843E-3
5.19531E+0	2.01367E-1	0.00000E+0	6.69713E-3
5.19546E+0	1.97461E-1	8.37142E-4	6.18100E-3
5.19917E+0	1.94531E-1	1.99883E-3	5.58325E-3
5.20308E+0	1.94971E-1	2.41363E-3	5.85835E-3
5.20654E+0	1.97900E-1	2.24886E-3	6.34006E-3
5.21001E+0	1.96387E-1	4.88281E-4	6.45768E-3
5.21401E+0	1.93164E-1	1.84338E-3	5.90197E-3
5.21519E+0	1.91699E-1	1.25211E-3	5.83219E-3
5.21963E+0	1.91260E-1	9.76562E-4	5.55449E-3
5.22393E+0	1.89160E-1	1.83881E-3	5.95477E-3
5.22900E+0	1.86963E-1	1.47222E-3	5.94162E-3
5.23262E+0	1.82568E-1	2.35556E-3	5.96589E-3
5.23589E+0	1.78662E-1	2.26964E-3	6.28819E-3
5.23945E+0	1.75293E-1	9.61652E-4	5.99026E-3
5.24009E+0	1.74414E-1	1.84338E-3	6.01353E-3
5.24014E+0	1.72168E-1	1.88537E-3	5.66461E-3
5.24048E+0	1.71289E-1	2.12497E-3	5.62450E-3
5.24028E+0	1.70654E-1	1.99883E-3	5.86328E-3
5.24189E+0	1.71143E-1	2.44584E-3	5.78055E-3
5.24390E+0	1.71240E-1	1.06955E-3	5.73370E-3
5.24478E+0	1.68408E-1	1.65038E-3	5.57353E-3
5.24868E+0	1.67334E-1	1.59094E-3	5.32426E-3
5.25312E+0	1.68652E-1	1.79909E-3	5.52689E-3
5.25762E+0	1.65723E-1	4.76398E-3	5.92233E-3
5.26436E+0	1.62842E-1	1.70281E-3	6.33702E-3
5.26855E+0	1.59131E-1	6.94013E-4	6.01413E-3
5.27061E+0	1.57129E-1	2.42209E-3	5.21111E-3
5.27300E+0	1.58105E-1	1.40441E-3	5.75571E-3
5.27324E+0	1.58643E-1	9.61652E-4	5.86821E-3
5.27354E+0	1.57178E-1	6.87038E-4	5.36212E-3
5.27495E+0	1.57178E-1	2.26964E-3	5.27153E-3
5.27813E+0	1.56592E-1	9.61652E-4	5.11196E-3
5.27837E+0	1.56055E-1	4.88281E-4	5.23600E-3
5.27900E+0	1.56494E-1	1.70281E-3	4.92578E-3
5.28271E+0	1.56396E-1	1.47222E-3	5.16818E-3
5.28584E+0	1.54834E-1	2.44584E-3	4.72209E-3
5.28809E+0	1.53809E-1	0.00000E+0	4.83324E-3
5.28872E+0	1.53027E-1	1.65038E-3	4.91820E-3
5.29180E+0	1.52295E-1	2.09587E-3	4.89242E-3
5.29282E+0	1.51074E-1	8.37142E-4	4.48807E-3
5.29297E+0	1.50244E-1	0.00000E+0	4.85090E-3
5.29307E+0	1.49756E-1	6.87038E-4	4.60644E-3
5.29497E+0	1.49316E-1	2.41363E-3	5.06106E-3
5.29771E+0	1.47314E-1	8.37142E-4	5.19607E-3
5.29785E+0	1.47754E-1	0.00000E+0	4.98628E-3
5.30000E+0	1.48145E-1	2.43597E-3	4.81927E-3
5.30269E+0	1.47070E-1	4.88281E-4	4.87195E-3
5.30371E+0	1.43066E-1	1.96296E-3	5.53037E-3
5.30688E+0	1.39648E-1	1.75230E-3	5.23968E-3
5.30801E+0	1.39893E-1	1.33135E-3	5.43705E-3
5.31021E+0	1.43164E-1	2.44928E-3	5.75989E-3
5.31011E+0	1.44189E-1	2.45321E-3	5.61486E-3
5.31016E+0	1.43652E-1	2.45174E-3	5.55990E-3
5.31182E+0	1.42920E-1	1.70281E-3	5.54581E-3
5.31250E+0	1.40137E-1	0.00000E+0	5.74398E-3
5.31475E+0	1.38525E-1	2.44584E-3	5.17749E-3
5.31748E+0	1.34717E-1	6.87038E-4	5.10442E-3
5.32095E+0	1.28516E-1	2.17869E-3	5.32539E-3
5.32480E+0	1.21680E-1	2.45174E-3	5.27084E-3
5.32710E+0	1.15381E-1	4.88281E-4	4.63770E-3
5.32974E+0	1.10010E-1	2.44928E-3	4.67906E-3
5.33203E+0	1.05078E-1	0.00000E+0	4.93091E-3
5.33247E+0	1.00391E-1	1.40441E-3	5.01997E-3
5.33599E+0	9.60449E-2	1.92518E-3	3.99012E-3
5.33623E+0	9.39453E-2	1.70281E-3	3.74510E-3
5.33628E+0	9.29199E-2	1.65038E-3	3.82998E-3
5.33584E+0	9.22852E-2	2.03288E-3	3.83281E-3
5.33638E+0	9.23828E-2	1.53548E-3	3.65133E-3
5.33599E+0	9.17480E-2	1.92518E-3	4.23831E-3
5.33652E+0	8.98926E-2	1.33135E-3	4.11140E-3
5.33633E+0	8.90137E-2	1.59472E-3	4.32604E-3
5.33667E+0	8.66211E-2	1.06955E-3	4.14204E-3
5.33647E+0	8.53027E-2	1.40441E-3	4.57496E-3
5.33647E+0	8.47656E-2	1.40441E-3	4.78416E-3
5.33667E+0	8.47656E-2	1.06955E-3	4.36291E-3
5.33691E+0	8.31055E-2	0.00000E+0	4.44277E-3
5.33711E+0	7.86133E-2	9.61652E-4	4.41667E-3
5.34033E+0	7.43652E-2	2.24886E-3	3.79207E-3
5.34165E+0	6.85059E-2	8.37142E-4	4.07374E-3
5.34253E+0	6.58691E-2	1.75230E-3	3.95618E-3
5.34570E+0	6.14258E-2	1.96296E-3	3.93696E-3
5.34727E+0	5.65430E-2	1.59472E-3	4.11638E-3
5.35142E+0	4.69238E-2	8.37142E-4	6.68904E-3
5.35313E+0	3.72559E-2	2.28919E-3	4.02617E-3
5.35566E+0	3.21289E-2	1.79909E-3	3.41268E-3
5.35645E+0	2.77344E-2	0.00000E+0	2.76562E-3
5.35645E+0	2.42676E-2	0.00000E+0	3.56961E-3
5.35752E+0	1.87988E-2	2.03288E-3	3.42641E-3
5.36055E+0	1.38184E-2	1.79909E-3	3.40385E-3
5.36187E+0	9.52148E-3	1.53548E-3	2.53813E-3
5.36450E+0	4.10156E-3	2.34069E-3	3.65396E-3
5.36621E+0	-3.12500E-3	0.00000E+0	3.43659E-3
5.36694E+0	-9.13086E-3	1.75230E-3	2.46887E-3
5.37046E+0	-1.38184E-2	1.79036E-3	2.94894E-3
5.37417E+0	-2.03125E-2	2.36932E-3	3.23443E-3
5.37598E+0	-2.71973E-2	0.00000E+0	2.71065E-3
5.37715E+0	-3.38379E-2	2.09587E-3	3.34677E-3
5.38047E+0	-4.06738E-2	1.33135E-3	2.50759E-3
5.38096E+0	-4.43848E-2	6.87038E-4	2.09300E-3
5.38271E+0	-4.79004E-2	2.38199E-3	1.92518E-3
5.38535E+0	-5.04883E-2	1.33135E-3	2.32468E-3
5.38608E+0	-5.40039E-2	1.25211E-3	1.81242E-3
5.38809E+0	-5.68848E-2	2.45174E-3	2.34069E-3
5.39038E+0	-5.90820E-2	1.06955E-3	1.90063E-3
5.39058E+0	-6.20117E-2	4.88281E-4	2.24886E-3
5.39395E+0	-6.45996E-2	2.28919E-3	2.06520E-3
5.39614E+0	-6.81152E-2	1.65038E-3	1.06955E-3
5.40063E+0	-6.94336E-2	1.45163E-3	2.03288E-3
5.40459E+0	-7.29980E-2	1.70281E-3	1.60900E-3
5.40732E+0	-7.68555E-2	2.42209E-3	2.15256E-3
5.41147E+0	-7.81738E-2	2.17869E-3	4.88281E-4
5.41499E+0	-7.95410E-2	4.88281E-4	2.22680E-3
5.41699E+0	-8.25195E-2	2.40413E-3	1.47222E-3
5.41982E+0	-8.30078E-2	6.87038E-4	0.00000E+0
5.41992E+0	-8.30566E-2	0.00000E+0	4.88281E-4
5.42007E+0	-8.30566E-2	8.37142E-4	4.88281E-4
5.42090E+0	-8.33984E-2	1.96296E-3	1.33135E-3
5.42339E+0	-8.31055E-2	2.22680E-3	6.87038E-4
5.42505E+0	-8.33008E-2	1.06955E-3	1.16545E-3
5.42808E+0	-8.47168E-2	2.30753E-3	2.34069E-3
5.43047E+0	-8.61328E-2	1.79909E-3	2.35556E-3
5.43447E+0	-8.72559E-2	6.87038E-4	1.65038E-3
5.43589E+0	-8.78418E-2	2.17869E-3	4.88281E-4
5.43970E+0	-8.77441E-2	1.45163E-3	8.37142E-4
5.44375E+0	-8.77930E-2	1.59472E-3	6.87038E-4
5.44634E+0	-8.75488E-2	2.41363E-3	1.25211E-3
5.44883E+0	-8.72559E-2	1.33135E-3	1.65038E-3
5.44912E+0	-8.76465E-2	6.87038E-4	1.06955E-3
5.45547E+0	-8.75977E-2	4.71111E-3	1.16545E-3
5.45903E+0	-8.69629E-2	4.88281E-4	1.92518E-3
5.45923E+0	-8.61328E-2	1.06955E-3	2.35556E-3
5.46362E+0	-8.54492E-2	2.34069E-3	2.45371E-3
5.47031E+0	-8.34473E-2	2.28919E-3	1.40441E-3
5.47368E+0	-8.30566E-2	4.88281E-4	4.88281E-4
5.47422E+0	-8.30078E-2	1.59472E-3	0.00000E+0
5.47524E+0	-8.30078E-2	2.30753E-3	0.00000E+0
5.47710E+0	-8.29590E-2	2.22680E-3	4.88281E-4
5.48057E+0	-8.28613E-2	2.42209E-3	8.37142E-4
5.48779E+0	-8.02246E-2	2.24886E-3	2.42954E-3
5.49468E+0	-7.81738E-2	2.56832E-3	4.88281E-4
5.50151E+0	-7.77344E-2	3.12653E-3	1.33135E-3
5.51343E+0	-7.74902E-2	3.63115E-3	1.65038E-3
5.52344E+0	-7.81250E-2	3.67237E-3	0.00000E+0
5.53091E+0	-8.11523E-2	2.38956E-3	2.38199E-3
5.53735E+0	-8.31543E-2	2.00844E-3	8.37142E-4
5.54502E+0	-8.56445E-2	2.66812E-3	2.44584E-3
5.55225E+0	-8.78906E-2	2.35351E-3	0.00000E+0
5.55850E+0	-8.80371E-2	2.38199E-3	8.37142E-4
5.56543E+0	-8.88184E-2	2.08204E-3	1.92518E-3
5.57192E+0	-8.99902E-2	2.91609E-3	2.42954E-3
5.57617E+0	-9.08691E-2	0.00000E+0	2.39359E-3
5.58081E+0	-9.18945E-2	1.60900E-3	1.88537E-3
5.58604E+0	-9.20898E-2	2.07972E-3	1.70281E-3
5.59194E+0	-9.19434E-2	2.28656E-3	1.84338E-3
5.59595E+0	-9.21387E-2	1.06955E-3	1.65038E-3
5.60142E+0	-9.21387E-2	2.50759E-3	1.65038E-3
5.60762E+0	-9.20410E-2	2.53291E-3	1.75230E-3
5.61455E+0	-9.24316E-2	1.70281E-3	1.25211E-3
5.61709E+0	-9.16992E-2	2.38199E-3	2.03288E-3
5.62202E+0	-9.21387E-2	2.39359E-3	1.65038E-3
5.62720E+0	-9.19922E-2	2.44141E-3	1.79909E-3
5.63110E+0	-9.23340E-2	2.12497E-3	1.40441E-3
5.63472E+0	-9.23828E-2	4.88281E-4	1.33135E-3
5.63872E+0	-9.25293E-2	2.37338E-3	1.06955E-3
5.64409E+0	-9.26758E-2	1.84860E-3	6.87038E-4
5.65244E+0	-9.27246E-2	3.85036E-3	4.88281E-4
5.65601E+0	-9.27734E-2	2.34069E-3	0.00000E+0
5.65918E+0	-9.27734E-2	0.00000E+0	0.00000E+0
5.66074E+0	-9.27734E-2	2.28919E-3	0.00000E+0
5.66416E+0	-9.27734E-2	6.87038E-4	0.00000E+0
5.66792E+0	-9.27734E-2	2.11589E-3	0.00000E+0
5.67202E+0	-9.27734E-2	2.36932E-3	0.00000E+0
5.67598E+0	-9.27734E-2	2.43597E-3	0.00000E+0
5.67861E+0	-9.27734E-2	6.87038E-4	0.00000E+0
5.67974E+0	-9.27734E-2	1.99883E-3	0.00000E+0
5.68237E+0	-9.27734E-2	2.12497E-3	0.00000E+0
5.68291E+0	-9.27734E-2	1.70281E-3	0.00000E+0
5.68325E+0	-9.27734E-2	1.25211E-3	0.00000E+0
5.68296E+0	-9.27246E-2	1.65038E-3	4.88281E-4
5.68330E+0	-9.27734E-2	1.16545E-3	0.00000E+0
5.68271E+0	-9.27734E-2	1.88537E-3	0.00000E+0
5.68237E+0	-9.27734E-2	2.12497E-3	0.00000E+0
5.68281E+0	-9.27734E-2	1.79909E-3	0.00000E+0
5.68271E+0	-9.27734E-2	1.88537E-3	0.00000E+0
5.68286E+0	-9.28223E-2	1.75230E-3	4.88281E-4
5.68257E+0	-9.27734E-2	1.99883E-3	0.00000E+0
5.68301E+0	-9.27734E-2	1.59472E-3	0.00000E+0
5.68257E+0	-9.28223E-2	1.99883E-3	4.88281E-4
5.68306E+0	-9.27734E-2	1.53548E-3	0.00000E+0
5.68237E+0	-9.27734E-2	2.12497E-3	0.00000E+0
5.68276E+0	-9.27734E-2	1.84338E-3	0.00000E+0
5.68267E+0	-9.27734E-2	1.92518E-3	0.00000E+0
5.68271E+0	-9.27734E-2	1.88537E-3	0.00000E+0
5.68237E+0	-9.27734E-2	2.12497E-3	0.00000E+0
5.68286E+0	-9.27734E-2	1.75230E-3	0.00000E+0
5.68281E+0	-9.27734E-2	1.79909E-3	0.00000E+0
5.68262E+0	-9.27734E-2	1.96296E-3	0.00000E+0
5.68296E+0	-9.27734E-2	1.65038E-3	0.00000E+0
5.68281E+0	-9.27734E-2	1.79909E-3	0.00000E+0
5.68271E+0	-9.28711E-2	1.88537E-3	6.87038E-4
5.68286E+0	-9.27734E-2	1.75230E-3	0.00000E+0
5.68257E+0	-9.27734E-2	1.99883E-3	0.00000E+0
5.68296E+0	-9.27734E-2	1.65038E-3	0.00000E+0
5.68306E+0	-9.27734E-2	1.53548E-3	0.00000E+0
5.68291E+0	-9.27734E-2	1.70281E-3	0.00000E+0
5.68311E+0	-9.27734E-2	1.47222E-3	0.00000E+0
5.68325E+0	-9.27734E-2	1.25211E-3	0.00000E+0
5.68276E+0	-9.27734E-2	1.84338E-3	0.00000E+0
5.68296E+0	-9.27734E-2	1.65038E-3	0.00000E+0
5.68267E+0	-9.27734E-2	1.92518E-3	0.00000E+0
5.68262E+0	-9.27734E-2	1.96296E-3	0.00000E+0
5.68252E+0	-9.27734E-2	2.03288E-3	0.00000E+0
5.68276E+0	-9.27734E-2	1.84338E-3	0.00000E+0
5.68271E+0	-9.27734E-2	1.88537E-3	0.00000E+0
5.68237E+0	-9.27734E-2	2.12497E-3	0.00000E+0
5.68262E+0	-9.27734E-2	1.96296E-3	0.00000E+0
5.68252E+0	-9.27734E-2	2.03288E-3	0.00000E+0
5.68267E+0	-9.27734E-2	1.92518E-3	0.00000E+0
5.68252E+0	-9.27734E-2	2.03288E-3	0.00000E+0
5.68296E+0	-9.27734E-2	1.65038E-3	0.00000E+0
5.68301E+0	-9.27734E-2	1.59472E-3	0.00000E+0
5.68276E+0	-9.28223E-2	1.84338E-3	4.88281E-4
5.68257E+0	-9.27734E-2	1.99883E-3	0.00000E+0
5.68228E+0	-9.27734E-2	2.17869E-3	0.00000E+0
5.68271E+0	-9.27734E-2	1.88537E-3	0.00000E+0
5.68252E+0	-9.27734E-2	2.03288E-3	0.00000E+0
5.68271E+0	-9.28223E-2	1.88537E-3	4.88281E-4
5.68232E+0	-9.27734E-2	2.15256E-3	0.00000E+0
5.68232E+0	-9.27734E-2	2.15256E-3	0.00000E+0
5.68242E+0	-9.27734E-2	2.09587E-3	0.00000E+0
5.68237E+0	-9.27734E-2	2.12497E-3	0.00000E+0
5.68228E+0	-9.28223E-2	2.17869E-3	4.88281E-4
