5.20991E+0	2.70605E-1	4.88281E-4	7.67127E-3
5.20991E+0	2.69434E-1	4.88281E-4	7.38985E-3
5.20986E+0	2.68652E-1	6.87038E-4	7.53827E-3
5.20996E+0	2.67578E-1	0.00000E+0	7.66562E-3
5.20996E+0	2.67041E-1	0.00000E+0	7.74983E-3
5.20996E+0	2.65723E-1	0.00000E+0	7.73381E-3
5.20996E+0	2.64014E-1	0.00000E+0	7.61060E-3
5.20996E+0	2.63232E-1	0.00000E+0	7.41312E-3
5.20991E+0	2.62451E-1	4.88281E-4	7.35703E-3
5.20996E+0	2.62354E-1	0.00000E+0	7.50224E-3
5.20996E+0	2.61816E-1	0.00000E+0	7.43534E-3
5.20996E+0	2.61621E-1	0.00000E+0	7.35064E-3
5.20996E+0	2.60693E-1	0.00000E+0	7.81789E-3
5.20996E+0	2.60889E-1	0.00000E+0	7.48296E-3
5.20996E+0	2.60742E-1	0.00000E+0	7.57079E-3
5.20996E+0	2.59912E-1	0.00000E+0	7.53427E-3
5.20996E+0	2.58936E-1	0.00000E+0	7.61693E-3
5.20986E+0	2.58545E-1	6.87038E-4	7.42221E-3
5.20996E+0	2.57178E-1	0.00000E+0	8.30078E-3
5.20996E+0	2.55566E-1	0.00000E+0	8.56255E-3
5.20996E+0	2.54590E-1	0.00000E+0	8.29977E-3
5.20996E+0	2.52148E-1	0.00000E+0	9.24679E-3
5.20986E+0	2.51465E-1	6.87038E-4	8.59848E-3
5.20996E+0	2.49512E-1	0.00000E+0	9.16780E-3
5.20996E+0	2.48340E-1	0.00000E+0	9.38894E-3
5.20991E+0	2.47070E-1	4.88281E-4	9.25928E-3
5.20991E+0	2.47168E-1	4.88281E-4	9.33131E-3
5.20986E+0	2.46191E-1	6.87038E-4	9.08017E-3
5.20996E+0	2.45166E-1	0.00000E+0	9.49796E-3
5.20991E+0	2.43945E-1	4.88281E-4	9.38638E-3
5.20996E+0	2.44043E-1	0.00000E+0	9.66598E-3
5.20986E+0	2.41943E-1	6.87038E-4	9.42364E-3
5.20991E+0	2.39648E-1	4.88281E-4	9.11987E-3
5.20996E+0	2.40283E-1	0.00000E+0	9.26695E-3
5.20991E+0	2.40869E-1	4.88281E-4	9.31258E-3
5.20991E+0	2.41406E-1	4.88281E-4	9.34524E-3
5.20991E+0	2.40869E-1	4.88281E-4	9.12976E-3
5.20996E+0	2.40723E-1	0.00000E+0	9.40125E-3
5.20996E+0	2.40674E-1	0.00000E+0	9.26695E-3
5.20996E+0	2.38965E-1	0.00000E+0	9.12356E-3
5.20996E+0	2.37305E-1	0.00000E+0	9.12831E-3
5.20996E+0	2.37744E-1	0.00000E+0	8.82502E-3
5.20996E+0	2.33008E-1	0.00000E+0	7.91540E-3
5.20986E+0	2.30518E-1	6.87038E-4	6.59476E-3
5.20991E+0	2.32813E-1	4.88281E-4	7.59873E-3
5.20996E+0	2.36523E-1	0.00000E+0	8.50895E-3
5.20996E+0	2.36768E-1	0.00000E+0	8.62630E-3
5.20991E+0	2.38672E-1	4.88281E-4	8.73133E-3
5.20996E+0	2.39404E-1	0.00000E+0	9.14031E-3
5.20991E+0	2.37207E-1	4.88281E-4	8.56143E-3
5.20996E+0	2.35693E-1	0.00000E+0	8.17802E-3
5.20991E+0	2.36523E-1	4.88281E-4	8.75997E-3
5.20991E+0	2.34131E-1	4.88281E-4	8.10466E-3
5.20981E+0	2.36816E-1	8.37142E-4	8.51404E-3
5.20996E+0	2.34131E-1	0.00000E+0	7.67739E-3
5.20996E+0	2.33350E-1	0.00000E+0	7.54833E-3
5.20996E+0	2.33984E-1	0.00000E+0	7.36700E-3
5.20991E+0	2.33203E-1	4.88281E-4	7.63792E-3
5.20986E+0	2.32129E-1	6.87038E-4	7.45604E-3
5.20996E+0	2.30420E-1	0.00000E+0	6.75353E-3
5.20996E+0	2.30469E-1	0.00000E+0	6.51042E-3
5.20996E+0	2.30371E-1	0.00000E+0	6.67047E-3
5.20991E+0	2.28613E-1	4.88281E-4	6.70648E-3
5.20991E+0	2.29297E-1	4.88281E-4	6.58106E-3
5.20996E+0	2.28516E-1	0.00000E+0	6.39848E-3
5.20996E+0	2.26953E-1	0.00000E+0	6.74586E-3
5.20996E+0	2.26221E-1	0.00000E+0	6.65873E-3
5.20991E+0	2.26416E-1	4.88281E-4	6.78768E-3
5.20996E+0	2.27539E-1	0.00000E+0	6.76440E-3
5.20996E+0	2.28955E-1	0.00000E+0	6.61664E-3
5.20996E+0	2.28223E-1	0.00000E+0	6.75086E-3
5.20996E+0	2.28174E-1	0.00000E+0	6.50505E-3
5.20996E+0	2.28564E-1	0.00000E+0	6.46196E-3
5.20996E+0	2.28076E-1	0.00000E+0	6.88071E-3
5.20996E+0	2.27148E-1	0.00000E+0	6.67408E-3
5.20996E+0	2.26953E-1	0.00000E+0	7.05985E-3
5.20996E+0	2.27002E-1	0.00000E+0	6.45451E-3
5.20996E+0	2.25977E-1	0.00000E+0	6.58691E-3
5.20996E+0	2.26562E-1	0.00000E+0	6.97474E-3
5.20991E+0	2.26367E-1	4.88281E-4	6.74729E-3
5.20996E+0	2.26074E-1	0.00000E+0	6.63862E-3
5.20996E+0	2.26074E-1	0.00000E+0	6.52889E-3
5.20996E+0	2.25732E-1	0.00000E+0	6.90028E-3
5.20996E+0	2.25293E-1	0.00000E+0	6.72942E-3
5.20991E+0	2.25439E-1	4.88281E-4	6.80186E-3
5.20996E+0	2.25928E-1	0.00000E+0	6.68760E-3
5.20996E+0	2.25439E-1	0.00000E+0	6.97664E-3
5.20996E+0	2.26025E-1	0.00000E+0	6.59476E-3
5.20991E+0	2.25293E-1	4.88281E-4	6.69354E-3
5.20996E+0	2.25977E-1	0.00000E+0	6.51338E-3
5.20996E+0	2.25391E-1	0.00000E+0	6.53700E-3
5.20996E+0	2.25146E-1	0.00000E+0	6.72494E-3
5.20996E+0	2.25195E-1	0.00000E+0	6.66686E-3
5.20996E+0	2.24854E-1	0.00000E+0	6.77774E-3
5.20996E+0	2.24414E-1	0.00000E+0	6.58106E-3
5.20996E+0	2.23486E-1	0.00000E+0	6.50505E-3
5.20996E+0	2.23779E-1	0.00000E+0	6.69480E-3
5.20996E+0	2.24121E-1	0.00000E+0	6.88788E-3
5.20996E+0	2.24902E-1	0.00000E+0	6.65022E-3
5.20991E+0	2.24658E-1	4.88281E-4	6.81742E-3
5.20991E+0	2.24561E-1	4.88281E-4	6.63844E-3
5.20991E+0	2.23584E-1	4.88281E-4	6.55815E-3
5.20996E+0	2.23633E-1	0.00000E+0	6.54730E-3
5.20996E+0	2.23584E-1	0.00000E+0	6.88071E-3
5.20996E+0	2.22754E-1	0.00000E+0	6.72082E-3
5.20996E+0	2.22705E-1	0.00000E+0	6.61664E-3
5.20986E+0	2.21387E-1	6.87038E-4	6.55539E-3
5.20996E+0	2.20898E-1	0.00000E+0	6.66108E-3
5.20981E+0	2.20703E-1	8.37142E-4	6.62046E-3
5.20996E+0	2.20703E-1	0.00000E+0	6.87038E-3
5.20991E+0	2.20654E-1	4.88281E-4	6.82448E-3
5.20991E+0	2.20410E-1	4.88281E-4	6.72942E-3
5.20991E+0	2.19922E-1	4.88281E-4	6.86757E-3
5.20996E+0	2.19336E-1	0.00000E+0	6.75300E-3
5.20996E+0	2.19629E-1	0.00000E+0	6.90464E-3
5.20996E+0	2.19336E-1	0.00000E+0	6.89417E-3
5.20996E+0	2.19287E-1	0.00000E+0	6.87370E-3
5.20986E+0	2.19336E-1	6.87038E-4	6.75300E-3
5.20996E+0	2.19971E-1	0.00000E+0	6.84843E-3
5.20991E+0	2.19482E-1	4.88281E-4	6.77774E-3
5.20986E+0	2.19141E-1	6.87038E-4	6.88018E-3
5.20996E+0	2.19043E-1	0.00000E+0	6.80062E-3
5.20986E+0	2.18799E-1	6.87038E-4	6.75353E-3
5.20991E+0	2.18213E-1	4.88281E-4	6.57282E-3
5.20981E+0	2.17676E-1	8.37142E-4	6.69929E-3
5.20991E+0	2.17432E-1	4.88281E-4	6.56402E-3
5.20996E+0	2.17529E-1	0.00000E+0	6.56108E-3
5.20996E+0	2.16943E-1	0.00000E+0	6.62973E-3
5.20996E+0	2.17627E-1	0.00000E+0	6.66596E-3
5.20981E+0	2.18311E-1	8.37142E-4	6.70342E-3
5.20996E+0	2.17725E-1	0.00000E+0	6.80327E-3
5.20977E+0	2.16699E-1	9.61652E-4	6.50227E-3
5.20996E+0	2.17383E-1	0.00000E+0	6.45395E-3
5.20991E+0	2.17627E-1	4.88281E-4	6.55668E-3
5.20996E+0	2.18359E-1	0.00000E+0	6.76725E-3
5.20991E+0	2.18018E-1	4.88281E-4	6.63409E-3
5.20991E+0	2.17480E-1	4.88281E-4	6.52593E-3
5.20991E+0	2.16943E-1	4.88281E-4	6.73782E-3
5.20991E+0	2.17920E-1	4.88281E-4	6.64424E-3
5.20996E+0	2.18311E-1	0.00000E+0	6.84562E-3
5.20986E+0	2.18018E-1	6.87038E-4	6.91841E-3
5.20981E+0	2.17480E-1	8.37142E-4	6.74372E-3
5.20991E+0	2.17676E-1	4.88281E-4	6.59056E-3
5.20996E+0	2.17822E-1	0.00000E+0	6.58014E-3
5.20996E+0	2.16943E-1	0.00000E+0	6.59330E-3
5.20991E+0	2.18066E-1	4.88281E-4	6.77223E-3
5.20996E+0	2.20605E-1	0.00000E+0	6.48744E-3
5.20996E+0	2.20557E-1	0.00000E+0	6.58599E-3
5.20996E+0	2.19922E-1	0.00000E+0	6.72584E-3
5.20996E+0	2.19580E-1	0.00000E+0	6.74497E-3
5.20991E+0	2.20410E-1	4.88281E-4	6.83594E-3
5.20996E+0	2.20898E-1	0.00000E+0	6.83946E-3
5.20996E+0	2.19580E-1	0.00000E+0	6.99043E-3
5.20996E+0	2.19824E-1	0.00000E+0	6.61973E-3
5.20996E+0	2.18994E-1	0.00000E+0	6.81318E-3
5.20996E+0	2.18750E-1	0.00000E+0	6.51042E-3
5.20991E+0	2.18896E-1	4.88281E-4	6.90726E-3
5.20996E+0	2.19580E-1	0.00000E+0	6.95590E-3
5.20991E+0	2.20068E-1	4.88281E-4	6.94897E-3
5.20996E+0	2.20410E-1	0.00000E+0	6.80062E-3
5.20996E+0	2.20020E-1	0.00000E+0	6.89906E-3
5.20996E+0	2.19775E-1	0.00000E+0	6.85265E-3
5.20991E+0	2.17529E-1	4.88281E-4	6.45003E-3
5.20996E+0	2.17969E-1	0.00000E+0	7.06122E-3
5.20991E+0	2.15088E-1	4.88281E-4	6.48726E-3
5.20991E+0	2.17920E-1	4.88281E-4	6.53460E-3
5.20996E+0	2.17041E-1	0.00000E+0	6.84843E-3
5.20996E+0	2.18408E-1	0.00000E+0	6.68760E-3
5.20991E+0	2.19238E-1	4.88281E-4	6.88788E-3
5.20996E+0	2.20020E-1	0.00000E+0	6.68634E-3
5.20991E+0	2.20508E-1	4.88281E-4	6.78998E-3
5.20996E+0	2.19531E-1	0.00000E+0	6.97198E-3
5.20996E+0	2.18555E-1	0.00000E+0	6.83946E-3
5.20996E+0	2.18457E-1	0.00000E+0	6.78644E-3
5.20996E+0	2.18408E-1	0.00000E+0	6.72351E-3
5.20996E+0	2.17725E-1	0.00000E+0	6.66017E-3
5.20996E+0	2.18408E-1	0.00000E+0	6.90028E-3
5.20996E+0	2.19482E-1	0.00000E+0	6.88351E-3
5.20996E+0	2.17920E-1	0.00000E+0	6.89330E-3
5.20996E+0	2.18848E-1	0.00000E+0	6.74229E-3
5.20996E+0	2.18066E-1	0.00000E+0	6.80770E-3
5.20986E+0	2.17285E-1	6.87038E-4	6.60225E-3
5.20991E+0	2.16455E-1	4.88281E-4	6.73067E-3
5.20996E+0	2.14600E-1	0.00000E+0	6.56108E-3
5.20996E+0	2.16504E-1	0.00000E+0	6.87808E-3
5.20981E+0	2.18066E-1	8.37142E-4	6.73657E-3
5.20996E+0	2.18945E-1	0.00000E+0	6.68273E-3
5.20991E+0	2.18311E-1	4.88281E-4	6.66740E-3
5.20996E+0	2.15137E-1	0.00000E+0	6.57740E-3
5.20996E+0	2.14453E-1	0.00000E+0	6.46140E-3
5.20996E+0	2.15771E-1	0.00000E+0	6.71778E-3
5.20996E+0	2.14844E-1	0.00000E+0	6.69282E-3
5.20996E+0	2.14697E-1	0.00000E+0	6.63699E-3
5.20996E+0	2.13818E-1	0.00000E+0	6.44704E-3
5.20996E+0	2.13623E-1	0.00000E+0	6.41258E-3
5.20986E+0	2.13428E-1	6.87038E-4	6.48429E-3
5.20996E+0	2.13379E-1	0.00000E+0	6.34177E-3
5.20986E+0	2.13672E-1	6.87038E-4	6.44050E-3
5.20991E+0	2.13477E-1	4.88281E-4	6.40149E-3
5.20991E+0	2.14111E-1	4.88281E-4	6.74211E-3
5.20991E+0	2.14258E-1	4.88281E-4	6.37132E-3
5.20981E+0	2.13818E-1	8.37142E-4	6.77489E-3
5.20996E+0	2.13770E-1	0.00000E+0	6.26844E-3
5.20996E+0	2.16064E-1	0.00000E+0	6.81318E-3
5.20991E+0	2.16162E-1	4.88281E-4	6.61518E-3
5.20991E+0	2.17334E-1	4.88281E-4	6.78200E-3
5.20991E+0	2.15234E-1	4.88281E-4	6.82395E-3
5.20996E+0	2.13916E-1	0.00000E+0	6.46196E-3
5.20996E+0	2.10254E-1	0.00000E+0	6.61391E-3
5.20996E+0	2.09033E-1	0.00000E+0	6.46196E-3
5.20991E+0	2.06494E-1	4.88281E-4	6.52132E-3
5.20996E+0	2.05713E-1	0.00000E+0	6.60790E-3
5.20986E+0	2.07520E-1	6.87038E-4	6.74657E-3
5.20991E+0	2.05518E-1	4.88281E-4	6.58746E-3
5.20996E+0	2.04395E-1	0.00000E+0	6.90604E-3
5.20991E+0	2.06348E-1	4.88281E-4	6.57007E-3
5.20996E+0	2.05371E-1	0.00000E+0	6.61391E-3
5.20996E+0	2.07080E-1	0.00000E+0	6.76778E-3
5.20991E+0	2.07861E-1	4.88281E-4	6.13937E-3
5.20996E+0	2.06250E-1	0.00000E+0	6.58837E-3
5.20996E+0	2.06055E-1	0.00000E+0	6.54730E-3
5.20996E+0	2.05908E-1	0.00000E+0	6.76636E-3
5.20991E+0	2.05615E-1	4.88281E-4	6.58014E-3
5.20996E+0	2.04346E-1	0.00000E+0	6.59769E-3
5.20996E+0	2.04248E-1	0.00000E+0	6.69480E-3
5.20996E+0	2.04980E-1	0.00000E+0	6.86967E-3
5.20996E+0	2.03467E-1	0.00000E+0	6.90726E-3
5.20996E+0	2.03174E-1	0.00000E+0	7.00558E-3
5.20996E+0	2.05273E-1	0.00000E+0	6.68994E-3
5.20996E+0	2.06055E-1	0.00000E+0	6.62046E-3
5.20996E+0	2.02539E-1	0.00000E+0	6.67408E-3
5.20996E+0	2.01953E-1	0.00000E+0	6.71150E-3
5.20996E+0	2.03027E-1	0.00000E+0	6.66325E-3
5.20986E+0	2.03809E-1	6.87038E-4	6.60662E-3
5.20996E+0	2.04639E-1	0.00000E+0	6.76778E-3
5.20996E+0	2.04687E-1	0.00000E+0	6.85915E-3
5.20996E+0	2.04785E-1	0.00000E+0	6.54068E-3
