5.20674E+0	-9.27734E-2	2.32468E-3	0.00000E+0
5.20664E+0	-9.27734E-2	2.28919E-3	0.00000E+0
5.20703E+0	-9.28223E-2	2.40413E-3	4.88281E-4
5.20659E+0	-9.27734E-2	2.26964E-3	0.00000E+0
5.20693E+0	-9.29199E-2	2.38199E-3	8.37142E-4
5.20679E+0	-9.27734E-2	2.34069E-3	0.00000E+0
5.20635E+0	-9.29199E-2	2.15256E-3	8.37142E-4
5.20684E+0	-9.27734E-2	2.35556E-3	0.00000E+0
5.20664E+0	-9.28711E-2	2.28919E-3	6.87038E-4
5.20757E+0	-9.28711E-2	2.45321E-3	6.87038E-4
5.20718E+0	-9.28711E-2	2.42954E-3	6.87038E-4
5.20728E+0	-9.28223E-2	2.44141E-3	4.88281E-4
5.20669E+0	-9.27734E-2	2.30753E-3	0.00000E+0
5.20713E+0	-9.27734E-2	2.42209E-3	0.00000E+0
5.20674E+0	-9.28711E-2	2.32468E-3	6.87038E-4
5.20669E+0	-9.27734E-2	2.30753E-3	0.00000E+0
5.20630E+0	-9.28223E-2	2.12497E-3	4.88281E-4
5.20654E+0	-9.28711E-2	2.24886E-3	6.87038E-4
5.20654E+0	-9.28223E-2	2.24886E-3	4.88281E-4
5.20654E+0	-9.28223E-2	2.24886E-3	4.88281E-4
5.20703E+0	-9.28223E-2	2.40413E-3	4.88281E-4
5.20698E+0	-9.28223E-2	2.39359E-3	4.88281E-4
5.20688E+0	-9.27734E-2	2.36932E-3	0.00000E+0
5.20688E+0	-9.27734E-2	2.36932E-3	0.00000E+0
5.20698E+0	-9.28223E-2	2.39359E-3	4.88281E-4
5.20698E+0	-9.28223E-2	2.39359E-3	4.88281E-4
5.20718E+0	-9.28223E-2	2.42954E-3	4.88281E-4
5.20659E+0	-9.27734E-2	2.26964E-3	0.00000E+0
5.20703E+0	-9.27734E-2	2.40413E-3	0.00000E+0
5.20703E+0	-9.27734E-2	2.40413E-3	0.00000E+0
5.20698E+0	-9.27734E-2	2.39359E-3	0.00000E+0
5.20718E+0	-9.27734E-2	2.42954E-3	0.00000E+0
5.20659E+0	-9.29199E-2	2.26964E-3	8.37142E-4
5.20645E+0	-9.28711E-2	2.20342E-3	6.87038E-4
5.20679E+0	-9.27734E-2	2.34069E-3	0.00000E+0
5.20664E+0	-9.27734E-2	2.28919E-3	0.00000E+0
5.20640E+0	-9.28711E-2	2.17869E-3	6.87038E-4
5.20679E+0	-9.28223E-2	2.34069E-3	4.88281E-4
5.20674E+0	-9.28223E-2	2.32468E-3	4.88281E-4
5.20684E+0	-9.27734E-2	2.35556E-3	0.00000E+0
5.20669E+0	-9.28711E-2	2.30753E-3	6.87038E-4
5.20688E+0	-9.28223E-2	2.36932E-3	4.88281E-4
5.20684E+0	-9.27734E-2	2.35556E-3	0.00000E+0
5.20688E+0	-9.28223E-2	2.36932E-3	4.88281E-4
5.20693E+0	-9.28223E-2	2.38199E-3	4.88281E-4
5.20684E+0	-9.28223E-2	2.35556E-3	4.88281E-4
5.20669E+0	-9.28711E-2	2.30753E-3	6.87038E-4
5.20664E+0	-9.27734E-2	2.28919E-3	0.00000E+0
5.20693E+0	-9.28223E-2	2.38199E-3	4.88281E-4
5.20684E+0	-9.27734E-2	2.35556E-3	0.00000E+0
5.20703E+0	-9.28711E-2	2.40413E-3	6.87038E-4
5.20732E+0	-9.27734E-2	2.44584E-3	0.00000E+0
5.20742E+0	-9.28223E-2	2.45174E-3	4.88281E-4
5.20698E+0	-9.27734E-2	2.39359E-3	0.00000E+0
5.20762E+0	-9.27734E-2	2.45174E-3	0.00000E+0
5.20659E+0	-9.28223E-2	2.26964E-3	4.88281E-4
5.20688E+0	-9.28711E-2	2.36932E-3	6.87038E-4
5.20688E+0	-9.27734E-2	2.36932E-3	0.00000E+0
5.20688E+0	-9.28711E-2	2.36932E-3	6.87038E-4
5.20688E+0	-9.28711E-2	2.36932E-3	6.87038E-4
5.20664E+0	-9.28223E-2	2.28919E-3	4.88281E-4
5.20708E+0	-9.27734E-2	2.41363E-3	0.00000E+0
5.20645E+0	-9.28223E-2	2.20342E-3	4.88281E-4
5.20747E+0	-9.27734E-2	2.45321E-3	0.00000E+0
5.20698E+0	-9.28223E-2	2.39359E-3	4.88281E-4
5.20757E+0	-9.27734E-2	2.45321E-3	0.00000E+0
5.20718E+0	-9.28711E-2	2.42954E-3	6.87038E-4
5.20718E+0	-9.28223E-2	2.42954E-3	4.88281E-4
5.20674E+0	-9.29199E-2	2.32468E-3	8.37142E-4
5.20762E+0	-9.28711E-2	2.45174E-3	6.87038E-4
5.20698E+0	-9.27734E-2	2.39359E-3	0.00000E+0
5.20713E+0	-9.28223E-2	2.42209E-3	4.88281E-4
5.20718E+0	-9.28223E-2	2.42954E-3	4.88281E-4
5.20708E+0	-9.28223E-2	2.41363E-3	4.88281E-4
5.20742E+0	-9.28711E-2	2.45174E-3	6.87038E-4
5.20669E+0	-9.28711E-2	2.30753E-3	6.87038E-4
5.20723E+0	-9.28223E-2	2.43597E-3	4.88281E-4
5.20713E+0	-9.28711E-2	2.42209E-3	6.87038E-4
5.20664E+0	-9.28223E-2	2.28919E-3	4.88281E-4
5.20693E+0	-9.27734E-2	2.38199E-3	0.00000E+0
5.20674E+0	-9.28711E-2	2.32468E-3	6.87038E-4
5.20679E+0	-9.28711E-2	2.34069E-3	6.87038E-4
5.20684E+0	-9.29199E-2	2.35556E-3	8.37142E-4
5.20698E+0	-9.27734E-2	2.39359E-3	0.00000E+0
5.20737E+0	-9.29199E-2	2.44928E-3	8.37142E-4
5.20718E+0	-9.28223E-2	2.42954E-3	4.88281E-4
5.20757E+0	-9.27734E-2	2.45321E-3	0.00000E+0
5.20688E+0	-9.28223E-2	2.36932E-3	4.88281E-4
5.20742E+0	-9.27734E-2	2.45174E-3	0.00000E+0
5.20645E+0	-9.28223E-2	2.20342E-3	4.88281E-4
5.20703E+0	-9.27734E-2	2.40413E-3	0.00000E+0
5.20669E+0	-9.28223E-2	2.30753E-3	4.88281E-4
5.20669E+0	-9.28223E-2	2.30753E-3	4.88281E-4
5.20679E+0	-9.28223E-2	2.34069E-3	4.88281E-4
5.20679E+0	-9.27734E-2	2.34069E-3	0.00000E+0
5.20688E+0	-9.28223E-2	2.36932E-3	4.88281E-4
5.20693E+0	-9.28711E-2	2.38199E-3	6.87038E-4
5.20742E+0	-9.27734E-2	2.45174E-3	0.00000E+0
5.20703E+0	-9.28711E-2	2.40413E-3	6.87038E-4
5.20688E+0	-9.27734E-2	2.36932E-3	0.00000E+0
5.20698E+0	-9.28223E-2	2.39359E-3	4.88281E-4
5.20723E+0	-9.28711E-2	2.43597E-3	6.87038E-4
5.20708E+0	-9.28711E-2	2.41363E-3	6.87038E-4
5.20742E+0	-9.27734E-2	2.45174E-3	0.00000E+0
5.20713E+0	-9.28223E-2	2.42209E-3	4.88281E-4
5.20659E+0	-9.27734E-2	2.26964E-3	0.00000E+0
5.20708E+0	-9.28223E-2	2.41363E-3	4.88281E-4
5.20649E+0	-9.28223E-2	2.22680E-3	4.88281E-4
5.20718E+0	-9.28711E-2	2.42954E-3	6.87038E-4
5.20718E+0	-9.27734E-2	2.42954E-3	0.00000E+0
5.20669E+0	-9.28711E-2	2.30753E-3	6.87038E-4
5.20527E+0	-9.27734E-2	9.61652E-4	0.00000E+0
5.20508E+0	-9.27734E-2	0.00000E+0	0.00000E+0
5.20508E+0	-9.27734E-2	0.00000E+0	0.00000E+0
5.20508E+0	-9.27734E-2	0.00000E+0	0.00000E+0
5.20508E+0	-9.27734E-2	0.00000E+0	0.00000E+0
5.20513E+0	-9.27734E-2	4.88281E-4	0.00000E+0
5.20518E+0	-9.27734E-2	6.87038E-4	0.00000E+0
5.20508E+0	-9.27734E-2	0.00000E+0	0.00000E+0
5.20508E+0	-9.27734E-2	0.00000E+0	0.00000E+0
5.20508E+0	-9.27734E-2	0.00000E+0	0.00000E+0
5.20513E+0	-9.27734E-2	4.88281E-4	0.00000E+0
5.20513E+0	-9.27734E-2	4.88281E-4	0.00000E+0
5.20508E+0	-9.27734E-2	0.00000E+0	0.00000E+0
5.20508E+0	-9.27734E-2	0.00000E+0	0.00000E+0
5.20518E+0	-9.27734E-2	6.87038E-4	0.00000E+0
5.20508E+0	-9.27734E-2	0.00000E+0	0.00000E+0
5.20513E+0	-9.27734E-2	4.88281E-4	0.00000E+0
5.20513E+0	-9.27734E-2	4.88281E-4	0.00000E+0
5.20508E+0	-9.27734E-2	0.00000E+0	0.00000E+0
5.20518E+0	-9.27734E-2	6.87038E-4	0.00000E+0
5.20513E+0	-9.27734E-2	4.88281E-4	0.00000E+0
5.20518E+0	-9.27734E-2	6.87038E-4	0.00000E+0
5.20522E+0	-9.27734E-2	8.37142E-4	0.00000E+0
5.20522E+0	-9.27734E-2	8.37142E-4	0.00000E+0
5.20518E+0	-9.27246E-2	6.87038E-4	4.88281E-4
5.20508E+0	-9.27734E-2	0.00000E+0	0.00000E+0
5.20513E+0	-9.27734E-2	4.88281E-4	0.00000E+0
5.20513E+0	-9.27734E-2	4.88281E-4	0.00000E+0
5.20513E+0	-9.27734E-2	4.88281E-4	0.00000E+0
5.20508E+0	-9.27734E-2	0.00000E+0	0.00000E+0
5.20513E+0	-9.27734E-2	4.88281E-4	0.00000E+0
5.20508E+0	-9.27734E-2	0.00000E+0	0.00000E+0
5.20513E+0	-9.27734E-2	4.88281E-4	0.00000E+0
5.20513E+0	-9.27734E-2	4.88281E-4	0.00000E+0
5.20518E+0	-9.27734E-2	6.87038E-4	0.00000E+0
5.20513E+0	-9.27734E-2	4.88281E-4	0.00000E+0
5.20508E+0	-9.27734E-2	0.00000E+0	0.00000E+0
5.20508E+0	-9.28223E-2	0.00000E+0	4.88281E-4
5.20518E+0	-9.27734E-2	6.87038E-4	0.00000E+0
5.20522E+0	-9.28223E-2	8.37142E-4	4.88281E-4
5.20513E+0	-9.27734E-2	4.88281E-4	0.00000E+0
5.20508E+0	-9.27734E-2	0.00000E+0	0.00000E+0
5.20508E+0	-9.28223E-2	0.00000E+0	4.88281E-4
5.20508E+0	-9.27734E-2	0.00000E+0	0.00000E+0
5.20508E+0	-9.27734E-2	0.00000E+0	0.00000E+0
5.20513E+0	-9.27734E-2	4.88281E-4	0.00000E+0
5.20508E+0	-9.27734E-2	0.00000E+0	0.00000E+0
5.20513E+0	-9.27734E-2	4.88281E-4	0.00000E+0
5.20513E+0	-9.27734E-2	4.88281E-4	0.00000E+0
5.20518E+0	-9.27734E-2	6.87038E-4	0.00000E+0
5.20508E+0	-9.27734E-2	0.00000E+0	0.00000E+0
5.20522E+0	-9.27734E-2	8.37142E-4	0.00000E+0
5.20513E+0	-9.27734E-2	4.88281E-4	0.00000E+0
5.20508E+0	-9.27734E-2	0.00000E+0	0.00000E+0
5.20513E+0	-9.27734E-2	4.88281E-4	0.00000E+0
5.20518E+0	-9.27734E-2	6.87038E-4	0.00000E+0
5.20508E+0	-9.27734E-2	0.00000E+0	0.00000E+0
5.20508E+0	-9.27734E-2	0.00000E+0	0.00000E+0
5.20508E+0	-9.27734E-2	0.00000E+0	0.00000E+0
5.20508E+0	-9.27734E-2	0.00000E+0	0.00000E+0
5.20527E+0	-9.27734E-2	9.61652E-4	0.00000E+0
5.20508E+0	-9.27734E-2	0.00000E+0	0.00000E+0
5.20513E+0	-9.27734E-2	4.88281E-4	0.00000E+0
5.20513E+0	-9.27734E-2	4.88281E-4	0.00000E+0
5.20508E+0	-9.27734E-2	0.00000E+0	0.00000E+0
5.20527E+0	-9.27734E-2	9.61652E-4	0.00000E+0
5.20513E+0	-9.27734E-2	4.88281E-4	0.00000E+0
5.20518E+0	-9.27734E-2	6.87038E-4	0.00000E+0
5.20508E+0	-9.27734E-2	0.00000E+0	0.00000E+0
5.20508E+0	-9.27734E-2	0.00000E+0	0.00000E+0
5.20513E+0	-9.27734E-2	4.88281E-4	0.00000E+0
5.20513E+0	-9.27734E-2	4.88281E-4	0.00000E+0
5.20508E+0	-9.27246E-2	0.00000E+0	4.88281E-4
5.20518E+0	-9.27734E-2	6.87038E-4	0.00000E+0
5.20508E+0	-9.27734E-2	0.00000E+0	0.00000E+0
5.20513E+0	-9.27734E-2	4.88281E-4	0.00000E+0
5.20513E+0	-9.27734E-2	4.88281E-4	0.00000E+0
5.20508E+0	-9.27734E-2	0.00000E+0	0.00000E+0
5.20513E+0	-9.27734E-2	4.88281E-4	0.00000E+0
5.20513E+0	-9.27734E-2	4.88281E-4	0.00000E+0
5.20513E+0	-9.27734E-2	4.88281E-4	0.00000E+0
5.20513E+0	-9.27734E-2	4.88281E-4	0.00000E+0
5.20508E+0	-9.27734E-2	0.00000E+0	0.00000E+0
5.20508E+0	-9.27734E-2	0.00000E+0	0.00000E+0
5.20513E+0	-9.27734E-2	4.88281E-4	0.00000E+0
5.20513E+0	-9.27734E-2	4.88281E-4	0.00000E+0
5.20508E+0	-9.27734E-2	0.00000E+0	0.00000E+0
5.20518E+0	-9.27734E-2	6.87038E-4	0.00000E+0
5.20513E+0	-9.27734E-2	4.88281E-4	0.00000E+0
5.20508E+0	-9.27734E-2	0.00000E+0	0.00000E+0
5.20513E+0	-9.27734E-2	4.88281E-4	0.00000E+0
5.20513E+0	-9.27734E-2	4.88281E-4	0.00000E+0
5.20522E+0	-9.27734E-2	8.37142E-4	0.00000E+0
5.20513E+0	-9.27734E-2	4.88281E-4	0.00000E+0
5.20508E+0	-9.27734E-2	0.00000E+0	0.00000E+0
5.20508E+0	-9.27734E-2	0.00000E+0	0.00000E+0
5.20513E+0	-9.27734E-2	4.88281E-4	0.00000E+0
5.20508E+0	-9.27734E-2	0.00000E+0	0.00000E+0
5.20508E+0	-9.27734E-2	0.00000E+0	0.00000E+0
5.20508E+0	-9.27734E-2	0.00000E+0	0.00000E+0
5.20513E+0	-9.27734E-2	4.88281E-4	0.00000E+0
5.20518E+0	-9.27734E-2	6.87038E-4	0.00000E+0
5.20518E+0	-9.27734E-2	6.87038E-4	0.00000E+0
5.20508E+0	-9.27734E-2	0.00000E+0	0.00000E+0
5.20508E+0	-9.27734E-2	0.00000E+0	0.00000E+0
5.20513E+0	-9.27734E-2	4.88281E-4	0.00000E+0
5.20508E+0	-9.27734E-2	0.00000E+0	0.00000E+0
5.20508E+0	-9.27734E-2	0.00000E+0	0.00000E+0
5.20513E+0	-9.27734E-2	4.88281E-4	0.00000E+0
5.20508E+0	-9.27734E-2	0.00000E+0	0.00000E+0
5.20513E+0	-9.27734E-2	4.88281E-4	0.00000E+0
5.20508E+0	-9.27734E-2	0.00000E+0	0.00000E+0
5.20513E+0	-9.27734E-2	4.88281E-4	0.00000E+0
5.20513E+0	-9.27734E-2	4.88281E-4	0.00000E+0
5.20513E+0	-9.27734E-2	4.88281E-4	0.00000E+0
5.20513E+0	-9.27734E-2	4.88281E-4	0.00000E+0
5.20508E+0	-9.27734E-2	0.00000E+0	0.00000E+0
5.20508E+0	-9.27734E-2	0.00000E+0	0.00000E+0
5.20508E+0	-9.27734E-2	0.00000E+0	0.00000E+0
5.20508E+0	-9.27734E-2	0.00000E+0	0.00000E+0
5.20518E+0	-9.27734E-2	6.87038E-4	0.00000E+0
5.20508E+0	-9.27734E-2	0.00000E+0	0.00000E+0
5.20508E+0	-9.27734E-2	0.00000E+0	0.00000E+0
5.20513E+0	-9.27734E-2	4.88281E-4	0.00000E+0
5.20513E+0	-9.27734E-2	4.88281E-4	0.00000E+0
5.20513E+0	-9.27734E-2	4.88281E-4	0.00000E+0
5.20513E+0	-9.27734E-2	4.88281E-4	0.00000E+0
5.20508E+0	-9.27734E-2	0.00000E+0	0.00000E+0
5.20513E+0	-9.27734E-2	4.88281E-4	0.00000E+0
5.20513E+0	-9.27734E-2	4.88281E-4	0.00000E+0
5.20518E+0	-9.27734E-2	6.87038E-4	0.00000E+0
5.20513E+0	-9.27734E-2	4.88281E-4	0.00000E+0
5.20508E+0	-9.27734E-2	0.00000E+0	0.00000E+0
5.20508E+0	-9.27734E-2	0.00000E+0	0.00000E+0
5.20513E+0	-9.27734E-2	4.88281E-4	0.00000E+0
5.20518E+0	-9.27734E-2	6.87038E-4	0.00000E+0
5.20508E+0	-9.27734E-2	0.00000E+0	0.00000E+0
5.20518E+0	-9.27734E-2	6.87038E-4	0.00000E+0
5.20508E+0	-9.27734E-2	0.00000E+0	0.00000E+0
5.20513E+0	-9.27734E-2	4.88281E-4	0.00000E+0
5.20508E+0	-9.27734E-2	0.00000E+0	0.00000E+0
5.20508E+0	-9.27246E-2	0.00000E+0	4.88281E-4
5.20518E+0	-9.27734E-2	6.87038E-4	6.94013E-4
5.20513E+0	-9.27734E-2	4.88281E-4	0.00000E+0
5.20513E+0	-9.27734E-2	4.88281E-4	0.00000E+0
5.20513E+0	-9.27734E-2	4.88281E-4	0.00000E+0
5.20508E+0	-9.27734E-2	0.00000E+0	0.00000E+0
5.20518E+0	-9.27734E-2	6.87038E-4	0.00000E+0
5.20513E+0	-9.27734E-2	4.88281E-4	0.00000E+0
5.20527E+0	-9.27734E-2	9.61652E-4	0.00000E+0
5.20513E+0	-9.27734E-2	4.88281E-4	0.00000E+0
5.20518E+0	-9.28223E-2	6.87038E-4	4.88281E-4
5.20508E+0	-9.27734E-2	0.00000E+0	0.00000E+0
5.20513E+0	-9.28223E-2	4.88281E-4	4.88281E-4
5.20508E+0	-9.28223E-2	0.00000E+0	4.88281E-4
5.20513E+0	-9.27734E-2	4.88281E-4	0.00000E+0
5.20513E+0	-9.27734E-2	4.88281E-4	0.00000E+0
5.20513E+0	-9.27734E-2	4.88281E-4	0.00000E+0
5.20518E+0	-9.27734E-2	6.87038E-4	0.00000E+0
5.20508E+0	-9.27734E-2	0.00000E+0	0.00000E+0
5.20518E+0	-9.27734E-2	6.87038E-4	0.00000E+0
5.20513E+0	-9.27734E-2	4.88281E-4	0.00000E+0
5.20513E+0	-9.27734E-2	4.88281E-4	0.00000E+0
5.20513E+0	-9.27734E-2	4.88281E-4	0.00000E+0
5.20513E+0	-9.27734E-2	4.88281E-4	0.00000E+0
5.20518E+0	-9.27734E-2	6.87038E-4	0.00000E+0
5.20527E+0	-9.27734E-2	9.61652E-4	0.00000E+0
5.20518E+0	-9.27734E-2	6.87038E-4	0.00000E+0
5.20518E+0	-9.27734E-2	6.87038E-4	0.00000E+0
5.20518E+0	-9.27734E-2	6.87038E-4	0.00000E+0
5.20508E+0	-9.27734E-2	0.00000E+0	0.00000E+0
5.20518E+0	-9.27734E-2	6.87038E-4	0.00000E+0
5.20518E+0	-9.27734E-2	6.87038E-4	0.00000E+0
5.20522E+0	-9.27734E-2	8.37142E-4	0.00000E+0
5.20518E+0	-9.27734E-2	6.87038E-4	0.00000E+0
5.20518E+0	-9.27734E-2	6.87038E-4	0.00000E+0
5.20508E+0	-9.27734E-2	0.00000E+0	0.00000E+0
5.20518E+0	-9.27734E-2	6.87038E-4	0.00000E+0
5.20518E+0	-9.27734E-2	6.87038E-4	0.00000E+0
5.20513E+0	-9.27734E-2	4.88281E-4	0.00000E+0
5.20508E+0	-9.27734E-2	0.00000E+0	0.00000E+0
5.20513E+0	-9.27734E-2	4.88281E-4	0.00000E+0
5.20518E+0	-9.27734E-2	6.87038E-4	0.00000E+0
5.20508E+0	-9.28223E-2	0.00000E+0	4.88281E-4
5.20508E+0	-9.27734E-2	0.00000E+0	0.00000E+0
5.20508E+0	-9.27734E-2	0.00000E+0	0.00000E+0
5.20508E+0	-9.27734E-2	0.00000E+0	0.00000E+0
5.21504E+0	-9.27734E-2	9.61652E-4	0.00000E+0
5.21519E+0	-9.27734E-2	1.25211E-3	0.00000E+0
5.21489E+0	-9.27734E-2	4.88281E-4	0.00000E+0
5.21499E+0	-9.27734E-2	8.37142E-4	0.00000E+0
5.21499E+0	-9.27734E-2	8.37142E-4	0.00000E+0
5.21514E+0	-9.27734E-2	1.16545E-3	0.00000E+0
5.21494E+0	-9.28223E-2	6.87038E-4	4.88281E-4
5.21514E+0	-9.28223E-2	1.16545E-3	4.88281E-4
5.21504E+0	-9.28223E-2	9.61652E-4	4.88281E-4
5.21499E+0	-9.27734E-2	8.37142E-4	0.00000E+0
5.21533E+0	-9.27734E-2	1.47222E-3	0.00000E+0
5.21514E+0	-9.27734E-2	1.16545E-3	0.00000E+0
5.21519E+0	-9.27734E-2	1.25211E-3	0.00000E+0
5.21499E+0	-9.27734E-2	8.37142E-4	0.00000E+0
5.21504E+0	-9.27734E-2	9.61652E-4	0.00000E+0
5.21494E+0	-9.27734E-2	6.87038E-4	0.00000E+0
5.21494E+0	-9.28223E-2	6.87038E-4	4.88281E-4
5.21519E+0	-9.28223E-2	1.25211E-3	4.88281E-4
5.21484E+0	-9.27734E-2	0.00000E+0	0.00000E+0
5.21504E+0	-9.27734E-2	9.61652E-4	0.00000E+0
5.21519E+0	-9.27734E-2	1.25211E-3	0.00000E+0
5.21533E+0	-9.28223E-2	1.47222E-3	4.88281E-4
5.21504E+0	-9.28223E-2	9.61652E-4	4.88281E-4
5.21533E+0	-9.27734E-2	1.47222E-3	0.00000E+0
5.21533E+0	-9.27734E-2	1.47222E-3	0.00000E+0
5.21528E+0	-9.27734E-2	1.40441E-3	0.00000E+0
5.21548E+0	-9.27734E-2	1.65038E-3	0.00000E+0
5.21499E+0	-9.27734E-2	8.37142E-4	0.00000E+0
5.21499E+0	-9.28223E-2	8.37142E-4	4.88281E-4
5.21514E+0	-9.27734E-2	1.16545E-3	0.00000E+0
5.21528E+0	-9.28223E-2	1.40441E-3	4.88281E-4
5.21519E+0	-9.27734E-2	1.25211E-3	0.00000E+0
5.21509E+0	-9.27734E-2	1.06955E-3	0.00000E+0
5.21509E+0	-9.28223E-2	1.06955E-3	4.88281E-4
5.21519E+0	-9.28223E-2	1.25211E-3	4.88281E-4
5.21533E+0	-9.28223E-2	1.47222E-3	4.88281E-4
5.21519E+0	-9.27734E-2	1.25211E-3	0.00000E+0
5.21514E+0	-9.28223E-2	1.16545E-3	4.88281E-4
5.21494E+0	-9.28223E-2	6.87038E-4	4.88281E-4
5.21509E+0	-9.27734E-2	1.06955E-3	0.00000E+0
5.21494E+0	-9.27734E-2	6.87038E-4	0.00000E+0
5.21504E+0	-9.27734E-2	9.61652E-4	0.00000E+0
5.21499E+0	-9.27734E-2	8.37142E-4	0.00000E+0
5.21523E+0	-9.28223E-2	1.33135E-3	4.88281E-4
5.21519E+0	-9.27734E-2	1.25211E-3	0.00000E+0
5.21528E+0	-9.27734E-2	1.40441E-3	0.00000E+0
5.21509E+0	-9.28223E-2	1.06955E-3	4.88281E-4
5.21509E+0	-9.28223E-2	1.06955E-3	4.88281E-4
5.21489E+0	-9.27734E-2	4.88281E-4	0.00000E+0
5.21494E+0	-9.27734E-2	6.87038E-4	0.00000E+0
5.21523E+0	-9.27734E-2	1.33135E-3	0.00000E+0
5.21514E+0	-9.27734E-2	1.16545E-3	0.00000E+0
5.21519E+0	-9.27734E-2	1.25211E-3	0.00000E+0
5.21504E+0	-9.27734E-2	9.61652E-4	0.00000E+0
5.21504E+0	-9.27734E-2	9.61652E-4	0.00000E+0
5.21519E+0	-9.28223E-2	1.25211E-3	4.88281E-4
5.21509E+0	-9.27734E-2	1.06955E-3	0.00000E+0
5.21504E+0	-9.27734E-2	9.61652E-4	0.00000E+0
5.21504E+0	-9.27734E-2	9.61652E-4	0.00000E+0
5.21523E+0	-9.27734E-2	1.33135E-3	0.00000E+0
5.21509E+0	-9.28223E-2	1.06955E-3	4.88281E-4
5.21519E+0	-9.27734E-2	1.25211E-3	0.00000E+0
5.21509E+0	-9.27734E-2	1.06955E-3	0.00000E+0
5.21504E+0	-9.27734E-2	9.61652E-4	0.00000E+0
5.21504E+0	-9.27734E-2	9.61652E-4	0.00000E+0
5.21504E+0	-9.27734E-2	9.61652E-4	0.00000E+0
5.21489E+0	-9.27734E-2	4.88281E-4	0.00000E+0
5.21494E+0	-9.27734E-2	6.87038E-4	0.00000E+0
5.21489E+0	-9.28223E-2	4.88281E-4	4.88281E-4
5.21499E+0	-9.28223E-2	8.37142E-4	4.88281E-4
5.21494E+0	-9.27734E-2	6.87038E-4	0.00000E+0
5.21499E+0	-9.27734E-2	8.37142E-4	0.00000E+0
5.21494E+0	-9.27734E-2	6.87038E-4	0.00000E+0
5.21494E+0	-9.27734E-2	6.87038E-4	0.00000E+0
5.21499E+0	-9.27734E-2	8.37142E-4	0.00000E+0
5.21519E+0	-9.27734E-2	1.25211E-3	0.00000E+0
5.21509E+0	-9.27734E-2	1.06955E-3	0.00000E+0
5.21499E+0	-9.27734E-2	8.37142E-4	0.00000E+0
5.21504E+0	-9.27734E-2	9.61652E-4	0.00000E+0
5.21509E+0	-9.27734E-2	1.06955E-3	0.00000E+0
5.21499E+0	-9.27734E-2	8.37142E-4	0.00000E+0
5.21484E+0	-9.27734E-2	0.00000E+0	0.00000E+0
5.21484E+0	-9.27734E-2	0.00000E+0	0.00000E+0
5.21494E+0	-9.28223E-2	6.87038E-4	4.88281E-4
5.21489E+0	-9.27734E-2	4.88281E-4	0.00000E+0
5.21499E+0	-9.28223E-2	8.37142E-4	4.88281E-4
5.21514E+0	-9.27734E-2	1.16545E-3	0.00000E+0
5.21519E+0	-9.27734E-2	1.25211E-3	0.00000E+0
5.21519E+0	-9.28223E-2	1.25211E-3	4.88281E-4
5.21514E+0	-9.28223E-2	1.16545E-3	4.88281E-4
5.21519E+0	-9.27734E-2	1.25211E-3	0.00000E+0
5.21489E+0	-9.27734E-2	4.88281E-4	0.00000E+0
5.21504E+0	-9.27734E-2	9.61652E-4	0.00000E+0
5.21509E+0	-9.27734E-2	1.06955E-3	0.00000E+0
5.21509E+0	-9.28223E-2	1.06955E-3	4.88281E-4
5.21504E+0	-9.27734E-2	9.61652E-4	0.00000E+0
5.21494E+0	-9.27734E-2	6.87038E-4	0.00000E+0
5.21489E+0	-9.27734E-2	4.88281E-4	0.00000E+0
5.21504E+0	-9.27734E-2	9.61652E-4	0.00000E+0
5.21523E+0	-9.27734E-2	1.33135E-3	0.00000E+0
5.21499E+0	-9.27734E-2	8.37142E-4	0.00000E+0
5.21499E+0	-9.27734E-2	8.37142E-4	0.00000E+0
5.21494E+0	-9.27734E-2	6.87038E-4	0.00000E+0
5.21494E+0	-9.27734E-2	6.87038E-4	0.00000E+0
5.21494E+0	-9.28223E-2	6.87038E-4	4.88281E-4
5.21509E+0	-9.28223E-2	1.06955E-3	4.88281E-4
5.21494E+0	-9.27734E-2	6.87038E-4	0.00000E+0
5.21484E+0	-9.27734E-2	0.00000E+0	0.00000E+0
5.21499E+0	-9.28711E-2	8.37142E-4	6.87038E-4
5.21489E+0	-9.27734E-2	4.88281E-4	0.00000E+0
5.21489E+0	-9.27734E-2	4.88281E-4	0.00000E+0
5.21489E+0	-9.27734E-2	4.88281E-4	0.00000E+0
5.21509E+0	-9.27734E-2	1.06955E-3	0.00000E+0
5.21504E+0	-9.27734E-2	9.61652E-4	0.00000E+0
5.21504E+0	-9.27734E-2	9.61652E-4	0.00000E+0
