4.74702E+0	-9.43359E-2	1.92518E-3	2.28919E-3
4.74717E+0	-9.47266E-2	2.03288E-3	2.40413E-3
4.74741E+0	-9.42871E-2	2.17869E-3	2.26964E-3
4.74678E+0	-9.44824E-2	1.70281E-3	2.34069E-3
4.74712E+0	-9.39453E-2	1.99883E-3	2.09587E-3
4.74731E+0	-9.40918E-2	2.12497E-3	2.17869E-3
4.74697E+0	-9.39941E-2	1.88537E-3	2.12497E-3
4.74697E+0	-9.36523E-2	1.88537E-3	1.88537E-3
4.74663E+0	-9.40918E-2	1.53548E-3	2.17869E-3
4.74663E+0	-9.44336E-2	1.53548E-3	2.32468E-3
4.74702E+0	-9.39453E-2	1.92518E-3	2.09587E-3
4.74678E+0	-9.40918E-2	1.70281E-3	2.17869E-3
4.74697E+0	-9.36035E-2	1.88537E-3	1.84338E-3
4.74707E+0	-9.41406E-2	1.96296E-3	2.20342E-3
4.74668E+0	-9.35547E-2	1.59472E-3	1.79909E-3
4.74658E+0	-9.41406E-2	1.47222E-3	2.20342E-3
4.74688E+0	-9.40918E-2	1.79909E-3	2.17869E-3
4.74712E+0	-9.40430E-2	1.99883E-3	2.15256E-3
4.74707E+0	-9.34570E-2	1.96296E-3	1.70281E-3
4.74702E+0	-9.37988E-2	1.92518E-3	1.99883E-3
4.74653E+0	-9.38965E-2	1.40441E-3	2.06520E-3
4.74658E+0	-9.37012E-2	1.47222E-3	1.92518E-3
4.74668E+0	-9.37988E-2	1.59472E-3	1.99883E-3
4.74683E+0	-9.38477E-2	1.75230E-3	2.03288E-3
4.74697E+0	-9.33594E-2	1.88537E-3	1.59472E-3
4.74712E+0	-9.36035E-2	1.99883E-3	1.84338E-3
4.74727E+0	-9.38477E-2	2.09587E-3	2.03288E-3
4.74692E+0	-9.37500E-2	1.84338E-3	1.96296E-3
4.74648E+0	-9.37500E-2	1.33135E-3	1.96296E-3
4.74688E+0	-9.38965E-2	1.79909E-3	2.06520E-3
4.74707E+0	-9.38477E-2	1.96296E-3	2.03288E-3
4.74697E+0	-9.37012E-2	1.88537E-3	1.92518E-3
4.74683E+0	-9.36035E-2	1.75230E-3	1.84338E-3
4.74683E+0	-9.37012E-2	1.75230E-3	1.92518E-3
4.74712E+0	-9.37012E-2	1.99883E-3	1.92518E-3
4.74717E+0	-9.36523E-2	2.03288E-3	1.88537E-3
4.74771E+0	-9.37988E-2	2.30753E-3	1.99883E-3
4.74834E+0	-9.35059E-2	2.44584E-3	1.75230E-3
4.74824E+0	-9.33594E-2	2.43597E-3	1.59472E-3
4.75054E+0	-9.37500E-2	1.40441E-3	1.96296E-3
4.75444E+0	-9.36523E-2	2.22680E-3	1.88537E-3
4.75586E+0	-9.34570E-2	0.00000E+0	1.70281E-3
4.75586E+0	-9.37988E-2	0.00000E+0	1.99883E-3
4.75586E+0	-9.36523E-2	0.00000E+0	1.88537E-3
4.75811E+0	-9.37012E-2	2.44584E-3	1.92518E-3
4.76060E+0	-9.31641E-2	8.37142E-4	1.33135E-3
4.76123E+0	-9.35059E-2	1.47222E-3	1.75230E-3
4.76494E+0	-9.37500E-2	1.70281E-3	1.96296E-3
4.76572E+0	-9.37012E-2	6.87038E-4	1.92518E-3
4.76567E+0	-9.37500E-2	4.88281E-4	1.96296E-3
4.76748E+0	-9.38477E-2	2.38199E-3	2.03288E-3
4.77065E+0	-9.35547E-2	1.08741E-3	1.79909E-3
4.77261E+0	-9.36035E-2	2.42954E-3	1.84338E-3
4.77402E+0	-9.36035E-2	2.20342E-3	1.84338E-3
4.77539E+0	-9.35547E-2	0.00000E+0	1.79909E-3
4.77539E+0	-9.34570E-2	0.00000E+0	1.70281E-3
4.77563E+0	-9.38477E-2	1.06955E-3	2.03288E-3
4.77983E+0	-9.35059E-2	1.40441E-3	1.75230E-3
4.78027E+0	-9.35547E-2	0.00000E+0	1.79909E-3
4.78081E+0	-9.35547E-2	1.53548E-3	1.79909E-3
4.78228E+0	-9.34570E-2	2.41363E-3	1.70281E-3
4.78481E+0	-9.35547E-2	1.25211E-3	1.79909E-3
4.78472E+0	-9.34570E-2	1.40441E-3	1.70281E-3
4.78584E+0	-9.38965E-2	1.70281E-3	2.06520E-3
4.78818E+0	-9.35059E-2	2.38199E-3	1.75230E-3
4.78911E+0	-9.37500E-2	1.92518E-3	1.96296E-3
4.78857E+0	-9.37012E-2	2.24886E-3	1.92518E-3
4.78911E+0	-9.34570E-2	1.92518E-3	1.70281E-3
4.78877E+0	-9.33105E-2	2.15256E-3	1.53548E-3
4.79004E+0	-9.35059E-2	1.20207E-3	1.75230E-3
4.79453E+0	-9.34570E-2	1.33135E-3	1.70281E-3
4.79492E+0	-9.35547E-2	0.00000E+0	1.79909E-3
4.79707E+0	-9.37012E-2	2.43597E-3	1.92518E-3
4.79971E+0	-9.36523E-2	6.87038E-4	1.88537E-3
4.80312E+0	-9.35059E-2	2.28919E-3	1.75230E-3
4.80474E+0	-9.37500E-2	4.88281E-4	1.96296E-3
4.80547E+0	-9.37012E-2	1.79909E-3	1.92518E-3
4.80884E+0	-9.35059E-2	1.88473E-3	1.75230E-3
4.80986E+0	-9.36523E-2	1.16545E-3	1.88537E-3
4.81274E+0	-9.35547E-2	2.34069E-3	1.79909E-3
4.81445E+0	-9.37500E-2	0.00000E+0	1.96296E-3
4.81445E+0	-9.37500E-2	0.00000E+0	1.96296E-3
4.81465E+0	-9.35547E-2	9.61652E-4	1.79909E-3
4.81777E+0	-9.35547E-2	2.28919E-3	1.79909E-3
4.81904E+0	-9.34570E-2	1.16545E-3	1.70281E-3
4.81929E+0	-9.35547E-2	4.88281E-4	1.79909E-3
4.81934E+0	-9.37012E-2	0.00000E+0	1.92518E-3
4.81934E+0	-9.36035E-2	0.00000E+0	1.84338E-3
4.81934E+0	-9.34570E-2	0.00000E+0	1.70281E-3
4.81934E+0	-9.37012E-2	0.00000E+0	1.92518E-3
4.81943E+0	-9.35059E-2	6.87038E-4	1.75230E-3
4.82236E+0	-9.36523E-2	2.38199E-3	1.88537E-3
4.82456E+0	-9.35547E-2	1.25211E-3	1.79909E-3
4.82817E+0	-9.37500E-2	1.92518E-3	1.96296E-3
4.82910E+0	-9.33594E-2	0.00000E+0	1.59472E-3
4.82915E+0	-9.36523E-2	4.88281E-4	1.88537E-3
4.83228E+0	-9.34570E-2	2.34069E-3	1.70281E-3
4.83433E+0	-9.34082E-2	1.25211E-3	1.65038E-3
4.83491E+0	-9.32129E-2	1.92518E-3	1.40441E-3
4.83643E+0	-9.30664E-2	2.45371E-3	1.16545E-3
4.83955E+0	-9.36035E-2	1.70281E-3	1.84338E-3
4.84360E+0	-9.34082E-2	8.37142E-4	1.65038E-3
4.84370E+0	-9.35547E-2	4.88281E-4	1.79909E-3
4.84375E+0	-9.32617E-2	0.00000E+0	1.47222E-3
4.84375E+0	-9.32617E-2	0.00000E+0	1.47222E-3
4.84619E+0	-9.31152E-2	2.45371E-3	1.25211E-3
4.84868E+0	-9.32617E-2	4.88281E-4	1.47222E-3
4.84883E+0	-9.32129E-2	9.61652E-4	1.40441E-3
4.84907E+0	-9.29688E-2	1.40441E-3	9.61652E-4
4.84888E+0	-9.32617E-2	1.06955E-3	1.47222E-3
4.84971E+0	-9.32129E-2	2.03288E-3	1.40441E-3
4.84966E+0	-9.32617E-2	1.99883E-3	1.47222E-3
4.85249E+0	-9.30664E-2	1.99883E-3	1.16545E-3
4.85371E+0	-9.33105E-2	9.61652E-4	1.53548E-3
4.85625E+0	-9.31152E-2	2.43597E-3	1.25211E-3
4.85771E+0	-9.29199E-2	1.70281E-3	8.37142E-4
4.85835E+0	-9.34082E-2	4.88281E-4	1.65038E-3
4.86025E+0	-9.30176E-2	2.38199E-3	1.06955E-3
4.86226E+0	-9.32129E-2	1.99883E-3	1.40441E-3
4.86294E+0	-9.28711E-2	1.25211E-3	6.87038E-4
4.86323E+0	-9.30176E-2	4.88281E-4	1.06955E-3
4.86562E+0	-9.32129E-2	2.45174E-3	1.40441E-3
4.86670E+0	-9.29688E-2	2.24886E-3	9.61652E-4
4.86758E+0	-9.31152E-2	1.59472E-3	1.25211E-3
4.86943E+0	-9.30664E-2	3.30076E-3	1.16545E-3
4.87197E+0	-9.32129E-2	4.78718E-3	1.40441E-3
4.87637E+0	-9.34570E-2	3.59817E-3	1.70281E-3
4.87793E+0	-9.32617E-2	0.00000E+0	1.47222E-3
4.87969E+0	-9.35059E-2	2.35556E-3	1.75230E-3
4.88145E+0	-9.31152E-2	2.20342E-3	1.25211E-3
4.88262E+0	-9.32617E-2	9.61652E-4	1.47222E-3
4.88311E+0	-9.32617E-2	1.16545E-3	1.47222E-3
4.88652E+0	-9.34570E-2	2.09587E-3	1.70281E-3
4.88770E+0	-9.32617E-2	0.00000E+0	1.47222E-3
4.88818E+0	-9.35547E-2	1.47222E-3	1.79909E-3
4.89116E+0	-9.33105E-2	2.22680E-3	1.53548E-3
4.89253E+0	-9.34570E-2	4.88281E-4	1.70281E-3
4.89297E+0	-9.33594E-2	1.33135E-3	1.59472E-3
4.89692E+0	-9.34082E-2	1.53548E-3	1.65038E-3
4.89746E+0	-9.36035E-2	0.00000E+0	1.84338E-3
4.89746E+0	-9.33105E-2	0.00000E+0	1.53548E-3
4.89746E+0	-9.36523E-2	0.00000E+0	1.88537E-3
4.89746E+0	-9.35547E-2	0.00000E+0	1.79909E-3
4.89756E+0	-9.36035E-2	6.87038E-4	1.84338E-3
4.89746E+0	-9.33594E-2	0.00000E+0	1.59472E-3
4.89746E+0	-9.34570E-2	0.00000E+0	1.70281E-3
4.89751E+0	-9.35059E-2	4.88281E-4	1.75230E-3
4.90024E+0	-9.37500E-2	2.42954E-3	1.96296E-3
4.90234E+0	-9.36035E-2	0.00000E+0	1.84338E-3
4.90239E+0	-9.35059E-2	4.88281E-4	1.75230E-3
4.90381E+0	-9.33594E-2	2.24886E-3	1.59472E-3
4.90723E+0	-9.36523E-2	0.00000E+0	1.88537E-3
4.90723E+0	-9.33105E-2	0.00000E+0	1.53548E-3
4.90723E+0	-9.34570E-2	0.00000E+0	1.70281E-3
4.90723E+0	-9.33594E-2	0.00000E+0	1.59472E-3
4.90728E+0	-9.38477E-2	4.88281E-4	2.03288E-3
4.90723E+0	-9.33594E-2	0.00000E+0	1.59472E-3
4.90728E+0	-9.36523E-2	4.88281E-4	1.88537E-3
4.90737E+0	-9.34570E-2	8.37142E-4	1.70281E-3
4.91108E+0	-9.35059E-2	1.99883E-3	1.75230E-3
4.91157E+0	-9.37012E-2	1.53548E-3	1.92518E-3
4.91167E+0	-9.36035E-2	1.40441E-3	1.84338E-3
4.91162E+0	-9.32617E-2	1.47222E-3	1.47222E-3
4.91143E+0	-9.33105E-2	1.70281E-3	1.53548E-3
4.91196E+0	-9.35547E-2	8.37142E-4	1.79909E-3
4.91484E+0	-9.36035E-2	2.43597E-3	1.84338E-3
4.91699E+0	-9.33594E-2	0.00000E+0	1.59472E-3
4.91699E+0	-9.35547E-2	0.00000E+0	1.79909E-3
4.91753E+0	-9.34570E-2	1.53548E-3	1.70281E-3
4.92183E+0	-9.36523E-2	4.88281E-4	1.88537E-3
4.92188E+0	-9.31152E-2	0.00000E+0	1.25211E-3
4.92188E+0	-9.36523E-2	0.00000E+0	1.88537E-3
4.92188E+0	-9.36523E-2	0.00000E+0	1.88537E-3
4.92183E+0	-9.37500E-2	4.88281E-4	1.96296E-3
4.92192E+0	-9.33594E-2	4.88281E-4	1.59472E-3
4.92334E+0	-9.33594E-2	2.24886E-3	1.59472E-3
4.92656E+0	-9.36035E-2	9.61652E-4	1.84338E-3
4.92793E+0	-9.34570E-2	2.09587E-3	1.70281E-3
4.93149E+0	-9.35059E-2	8.37142E-4	1.75230E-3
4.93169E+0	-9.38477E-2	4.88281E-4	2.03288E-3
4.93574E+0	-9.33594E-2	1.79909E-3	1.59472E-3
4.93652E+0	-9.33105E-2	0.00000E+0	1.53548E-3
4.93657E+0	-9.31641E-2	4.88281E-4	1.33135E-3
4.94019E+0	-9.31641E-2	2.12497E-3	1.33135E-3
4.94463E+0	-9.31152E-2	2.32468E-3	1.25211E-3
4.94639E+0	-9.30664E-2	6.87038E-4	1.16545E-3
4.94819E+0	-9.28711E-2	2.39359E-3	6.87038E-4
4.95068E+0	-9.28711E-2	1.47222E-3	6.87038E-4
4.95117E+0	-9.28711E-2	0.00000E+0	6.87038E-4
4.95127E+0	-9.28223E-2	6.87038E-4	4.88281E-4
4.95474E+0	-9.27734E-2	2.17869E-3	0.00000E+0
4.95605E+0	-9.27246E-2	0.00000E+0	4.88281E-4
4.95708E+0	-9.27734E-2	1.99883E-3	0.00000E+0
4.95972E+0	-9.24316E-2	2.12497E-3	1.25211E-3
4.96328E+0	-9.24316E-2	2.45174E-3	1.25211E-3
4.96582E+0	-9.10645E-2	0.00000E+0	2.34069E-3
4.96582E+0	-9.13086E-2	0.00000E+0	2.24886E-3
4.96826E+0	-9.02344E-2	2.45371E-3	2.45174E-3
4.97026E+0	-8.98437E-2	1.40441E-3	2.40413E-3
4.97095E+0	-8.97461E-2	1.06955E-3	2.38199E-3
4.97441E+0	-8.91602E-2	2.09587E-3	2.15256E-3
4.97559E+0	-8.85742E-2	0.00000E+0	1.70281E-3
4.97700E+0	-8.81348E-2	2.22680E-3	1.06955E-3
4.98091E+0	-8.80371E-2	1.56653E-3	8.37142E-4
4.98423E+0	-8.80371E-2	2.06520E-3	8.37142E-4
4.98535E+0	-8.82813E-2	6.94013E-4	1.33135E-3
4.98721E+0	-8.81348E-2	2.38199E-3	1.06955E-3
4.98979E+0	-8.81836E-2	1.40441E-3	1.16545E-3
4.99023E+0	-8.79883E-2	0.00000E+0	6.87038E-4
4.99175E+0	-8.81348E-2	2.26964E-3	1.06955E-3
4.99502E+0	-8.81836E-2	6.87038E-4	1.16545E-3
4.99746E+0	-8.85254E-2	2.45174E-3	1.65038E-3
5.00000E+0	-8.92090E-2	6.94013E-4	2.17869E-3
5.00166E+0	-8.91602E-2	2.32468E-3	2.15256E-3
5.00552E+0	-9.03320E-2	1.65038E-3	2.45371E-3
5.00947E+0	-9.19434E-2	1.35644E-3	1.84338E-3
5.01338E+0	-9.27246E-2	2.15256E-3	4.88281E-4
5.01479E+0	-9.27734E-2	8.37142E-4	0.00000E+0
5.01880E+0	-9.27734E-2	1.75230E-3	0.00000E+0
5.02002E+0	-9.27734E-2	1.47222E-3	0.00000E+0
5.02354E+0	-9.27734E-2	1.88537E-3	0.00000E+0
5.02490E+0	-9.28223E-2	1.47222E-3	4.88281E-4
5.03003E+0	-9.29199E-2	2.12497E-3	8.37142E-4
5.03560E+0	-9.28223E-2	2.22680E-3	4.88281E-4
5.04199E+0	-9.28711E-2	2.40413E-3	6.87038E-4
5.04414E+0	-9.30664E-2	9.61652E-4	1.16545E-3
5.04722E+0	-9.29688E-2	2.30753E-3	9.61652E-4
5.04922E+0	-9.29688E-2	1.33135E-3	9.61652E-4
5.05107E+0	-9.28223E-2	2.44584E-3	4.88281E-4
5.05244E+0	-9.28711E-2	2.15256E-3	6.87038E-4
5.05474E+0	-9.29688E-2	1.99883E-3	9.61652E-4
5.06035E+0	-9.27734E-2	2.45567E-3	0.00000E+0
5.06826E+0	-9.14551E-2	4.90643E-3	2.17869E-3
5.07427E+0	-8.80859E-2	1.99883E-3	9.61652E-4
5.07813E+0	-8.42773E-2	0.00000E+0	2.15256E-3
5.08237E+0	-7.62207E-2	2.56456E-3	3.53163E-3
5.08833E+0	-5.97656E-2	1.84860E-3	6.51485E-3
5.09238E+0	-4.04297E-2	1.65402E-3	5.85115E-3
5.09551E+0	-2.29492E-2	2.43597E-3	5.35335E-3
5.09771E+0	-2.83203E-3	8.48571E-4	7.79584E-3
5.10156E+0	2.14844E-2	1.96296E-3	6.79991E-3
5.10371E+0	4.46289E-2	2.09587E-3	9.33750E-3
5.10688E+0	6.62109E-2	1.53548E-3	5.73643E-3
5.10747E+0	7.95410E-2	4.88281E-4	5.69323E-3
5.10962E+0	9.77539E-2	2.44141E-3	7.44181E-3
5.11230E+0	1.19336E-1	0.00000E+0	6.91649E-3
5.11240E+0	1.32910E-1	6.87038E-4	6.34481E-3
5.11328E+0	1.44824E-1	1.96296E-3	5.93858E-3
5.11436E+0	1.52637E-1	2.42209E-3	5.17587E-3
5.11455E+0	1.49707E-1	2.44584E-3	5.51817E-3
5.11426E+0	1.56055E-1	2.40413E-3	8.69374E-3
5.11475E+0	1.57959E-1	2.45371E-3	6.33702E-3
5.11475E+0	1.53809E-1	2.45371E-3	4.88281E-3
5.11421E+0	1.53613E-1	2.39359E-3	5.11973E-3
5.11475E+0	1.58984E-1	2.45371E-3	6.21984E-3
5.11416E+0	1.63232E-1	2.38199E-3	5.85835E-3
5.11548E+0	1.65869E-1	2.34069E-3	5.94810E-3
5.11719E+0	1.82715E-1	0.00000E+0	1.10647E-2
5.11787E+0	2.15186E-1	1.70281E-3	9.26591E-3
5.12104E+0	2.31348E-1	2.11589E-3	9.12251E-3
5.12715E+0	2.80811E-1	2.68072E-3	2.06403E-2
5.13340E+0	3.33350E-1	2.39208E-3	1.40673E-2
5.13662E+0	3.57520E-1	6.87038E-4	1.07869E-2
5.13672E+0	3.70605E-1	0.00000E+0	1.06277E-2
5.13672E+0	3.85840E-1	0.00000E+0	1.04789E-2
5.13672E+0	3.96680E-1	0.00000E+0	9.76858E-3
5.13677E+0	3.98584E-1	4.88281E-4	9.37958E-3
5.13672E+0	3.99023E-1	0.00000E+0	9.98703E-3
5.13672E+0	4.02539E-1	0.00000E+0	1.00888E-2
5.13672E+0	4.05469E-1	0.00000E+0	1.03154E-2
5.13672E+0	4.07568E-1	0.00000E+0	1.04668E-2
5.13672E+0	4.10547E-1	0.00000E+0	1.04259E-2
5.13999E+0	4.19482E-1	2.30753E-3	1.15318E-2
5.14165E+0	4.31152E-1	4.88281E-4	1.29559E-2
5.14331E+0	4.41064E-1	2.34069E-3	1.25893E-2
5.14380E+0	4.44238E-1	2.44141E-3	1.27211E-2
5.14648E+0	4.52246E-1	1.20207E-3	1.27740E-2
5.14907E+0	4.61865E-1	2.44928E-3	1.11063E-2
5.15098E+0	4.67725E-1	1.33135E-3	1.06003E-2
5.15117E+0	4.71338E-1	9.61652E-4	1.06493E-2
5.15161E+0	4.77539E-1	1.06955E-3	1.14038E-2
5.15591E+0	4.87207E-1	1.25211E-3	1.15628E-2
5.15625E+0	4.93652E-1	0.00000E+0	1.18491E-2
5.15645E+0	4.97510E-1	9.61652E-4	1.15901E-2
5.16016E+0	5.03809E-1	1.96296E-3	1.19075E-2
5.16401E+0	5.11963E-1	2.41363E-3	1.20081E-2
5.16602E+0	5.18018E-1	0.00000E+0	1.20426E-2
5.16602E+0	5.23193E-1	0.00000E+0	1.16208E-2
5.16680E+0	5.27393E-1	1.79909E-3	1.20705E-2
5.16987E+0	5.32275E-1	1.99883E-3	1.21699E-2
5.17090E+0	5.36963E-1	0.00000E+0	1.20697E-2
5.17090E+0	5.40918E-1	0.00000E+0	1.20122E-2
5.17217E+0	5.44775E-1	2.15256E-3	1.22637E-2
5.17441E+0	5.48145E-1	2.20342E-3	1.18312E-2
5.17578E+0	5.52393E-1	0.00000E+0	1.23498E-2
5.17651E+0	5.56299E-1	1.75230E-3	1.22441E-2
5.17817E+0	5.59180E-1	2.45321E-3	1.23073E-2
5.18037E+0	5.62207E-1	1.16545E-3	1.27785E-2
5.18169E+0	5.66260E-1	1.99883E-3	1.26542E-2
5.18486E+0	5.69727E-1	1.70281E-3	1.29258E-2
5.18545E+0	5.71875E-1	6.87038E-4	1.29146E-2
5.18545E+0	5.73535E-1	6.87038E-4	1.32304E-2
5.18564E+0	5.75342E-1	6.87038E-4	1.27980E-2
5.18687E+0	5.77441E-1	2.17869E-3	1.27898E-2
5.18906E+0	5.79248E-1	2.20342E-3	1.27716E-2
5.19048E+0	5.81787E-1	4.88281E-4	1.26145E-2
5.19277E+0	5.83887E-1	2.45174E-3	1.30242E-2
5.19531E+0	5.86523E-1	0.00000E+0	1.28022E-2
5.19531E+0	5.89990E-1	0.00000E+0	1.30772E-2
5.19761E+0	5.92676E-1	2.44928E-3	1.27551E-2
5.20098E+0	5.95801E-1	1.79909E-3	1.29463E-2
5.20459E+0	5.98584E-1	1.47222E-3	1.32608E-2
5.20503E+0	6.00049E-1	4.88281E-4	1.27573E-2
5.20513E+0	6.01709E-1	4.88281E-4	1.26808E-2
5.20728E+0	6.03369E-1	2.44141E-3	1.29885E-2
5.20977E+0	6.04639E-1	9.61652E-4	1.31323E-2
5.20996E+0	6.05859E-1	0.00000E+0	1.30519E-2
5.21099E+0	6.06494E-1	1.99883E-3	1.27648E-2
5.21460E+0	6.07764E-1	1.06955E-3	1.34834E-2
5.21621E+0	6.08496E-1	2.20342E-3	1.32005E-2
5.21963E+0	6.08740E-1	6.87038E-4	1.33686E-2
5.21973E+0	6.08447E-1	0.00000E+0	1.30189E-2
5.21973E+0	6.07422E-1	0.00000E+0	1.28907E-2
5.22158E+0	6.08008E-1	2.38199E-3	1.33763E-2
5.22554E+0	6.06396E-1	1.92518E-3	1.27535E-2
5.22920E+0	6.05273E-1	1.16545E-3	1.32576E-2
5.22964E+0	6.04346E-1	8.37142E-4	1.28506E-2
5.23047E+0	6.03076E-1	1.96296E-3	1.30853E-2
5.23315E+0	6.01855E-1	2.12497E-3	1.28462E-2
5.23423E+0	6.00977E-1	8.37142E-4	1.28473E-2
5.23667E+0	5.98926E-1	2.44928E-3	1.27823E-2
5.24204E+0	5.94873E-1	2.42954E-3	1.33325E-2
5.24453E+0	5.92139E-1	1.33135E-3	1.30182E-2
5.24761E+0	5.89844E-1	2.22680E-3	1.30578E-2
5.24775E+0	5.88232E-1	2.15256E-3	1.29365E-2
5.24810E+0	5.87012E-1	1.92518E-3	1.28079E-2
5.24902E+0	5.86084E-1	9.81482E-4	1.27111E-2
5.25210E+0	5.85156E-1	2.36932E-3	1.26402E-2
5.25391E+0	5.83789E-1	0.00000E+0	1.25752E-2
5.25391E+0	5.82373E-1	0.00000E+0	1.26618E-2
5.25391E+0	5.81543E-1	0.00000E+0	1.29001E-2
5.25391E+0	5.81689E-1	0.00000E+0	1.29774E-2
5.25498E+0	5.80566E-1	3.07096E-3	1.27120E-2
5.26172E+0	5.77588E-1	3.92593E-3	1.23428E-2
5.26382E+0	5.74609E-1	8.37142E-4	1.23347E-2
5.26792E+0	5.70410E-1	1.65038E-3	1.28229E-2
5.26855E+0	5.67676E-1	0.00000E+0	1.27332E-2
5.26855E+0	5.66455E-1	0.00000E+0	1.23662E-2
5.26885E+0	5.64404E-1	1.16545E-3	1.23584E-2
5.27285E+0	5.62158E-1	1.59472E-3	1.23498E-2
5.27637E+0	5.56689E-1	2.40413E-3	1.20306E-2
5.27842E+0	5.48926E-1	6.87038E-4	1.20842E-2
5.28052E+0	5.41797E-1	2.44141E-3	1.19789E-2
5.28071E+0	5.37793E-1	2.45321E-3	1.24926E-2
5.28076E+0	5.34863E-1	2.45371E-3	1.26154E-2
5.28018E+0	5.32813E-1	2.38199E-3	1.22249E-2
5.28081E+0	5.31250E-1	2.45321E-3	1.25307E-2
5.28311E+0	5.27832E-1	6.87038E-4	1.20706E-2
5.28330E+0	5.22217E-1	6.87038E-4	1.18059E-2
5.28491E+0	5.18262E-1	2.34069E-3	1.18800E-2
5.28809E+0	5.15332E-1	6.94013E-4	1.22276E-2
5.29033E+0	5.07861E-1	2.44584E-3	1.15401E-2
5.29287E+0	5.03564E-1	6.87038E-4	1.14807E-2
5.29312E+0	5.00000E-1	8.37142E-4	1.14670E-2
5.29736E+0	4.92578E-1	1.47222E-3	1.17015E-2
5.29785E+0	4.82324E-1	0.00000E+0	1.12031E-2
5.29805E+0	4.74609E-1	9.61652E-4	1.10389E-2
5.29854E+0	4.70166E-1	1.70281E-3	1.06230E-2
5.30190E+0	4.64746E-1	1.84338E-3	1.07601E-2
5.30269E+0	4.50391E-1	4.88281E-4	1.29303E-2
5.30312E+0	4.36328E-1	1.33135E-3	1.32685E-2
5.30693E+0	4.20947E-1	1.70281E-3	1.12613E-2
5.30776E+0	4.12256E-1	8.37142E-4	1.04392E-2
5.31069E+0	4.05859E-1	2.36932E-3	1.04398E-2
5.31230E+0	3.99609E-1	9.61652E-4	9.78336E-3
5.31333E+0	3.83301E-1	1.84338E-3	1.24052E-2
5.31729E+0	3.44580E-1	6.87038E-4	1.43453E-2
5.31743E+0	3.17773E-1	4.88281E-4	9.19875E-3
5.31738E+0	3.06396E-1	0.00000E+0	8.33899E-3
5.31899E+0	2.91504E-1	2.30753E-3	9.55371E-3
5.32246E+0	2.68896E-1	1.37408E-3	1.03465E-2
5.32646E+0	2.40039E-1	1.70281E-3	1.09452E-2
5.32715E+0	2.25342E-1	0.00000E+0	6.70630E-3
5.32710E+0	2.19482E-1	4.88281E-4	6.84843E-3
5.32715E+0	2.09033E-1	0.00000E+0	7.43258E-3
5.32725E+0	1.95117E-1	6.87038E-4	7.10880E-3
5.32720E+0	1.75293E-1	4.88281E-4	7.32833E-3
5.32725E+0	1.68262E-1	6.87038E-4	5.48314E-3
5.32720E+0	1.71436E-1	4.88281E-4	5.67629E-3
5.32979E+0	1.65820E-1	2.44584E-3	7.40743E-3
5.33384E+0	1.34766E-1	2.36932E-3	1.26455E-2
5.33691E+0	9.74609E-2	0.00000E+0	1.02686E-2
5.33691E+0	7.39258E-2	0.00000E+0	5.68159E-3
5.33691E+0	6.04004E-2	0.00000E+0	4.53265E-3
5.33779E+0	4.58008E-2	1.88537E-3	7.40287E-3
5.34131E+0	2.79785E-2	1.47222E-3	4.69960E-3
5.34180E+0	1.49414E-2	0.00000E+0	4.69781E-3
5.34185E+0	5.95703E-3	4.88281E-4	3.77456E-3
5.34370E+0	-5.46875E-3	2.39359E-3	4.51268E-3
5.34741E+0	-2.35840E-2	1.88473E-3	5.89114E-3
5.35103E+0	-3.96484E-2	1.53548E-3	3.55779E-3
5.35156E+0	-4.51172E-2	0.00000E+0	2.09587E-3
5.35239E+0	-5.06836E-2	1.84338E-3	2.75690E-3
5.35615E+0	-6.01074E-2	1.16545E-3	3.23257E-3
5.35703E+0	-4.79492E-2	1.59472E-3	1.44478E-2
5.36074E+0	-7.07031E-2	1.59472E-3	2.81738E-3
5.36333E+0	-7.74414E-2	2.41363E-3	1.70281E-3
5.36626E+0	-7.96875E-2	4.88281E-4	2.28919E-3
5.36641E+0	-8.28125E-2	9.61652E-4	9.61652E-4
5.36748E+0	-8.30566E-2	2.15256E-3	4.88281E-4
5.37007E+0	-8.35937E-2	1.99883E-3	1.59472E-3
5.37075E+0	-8.56445E-2	1.25211E-3	2.44584E-3
5.37104E+0	-8.66699E-2	4.88281E-4	2.12497E-3
5.37261E+0	-8.77441E-2	2.26964E-3	8.37142E-4
5.37563E+0	-8.78906E-2	1.25211E-3	0.00000E+0
5.37598E+0	-8.79395E-2	0.00000E+0	4.88281E-4
5.37598E+0	-8.79395E-2	0.00000E+0	4.88281E-4
5.37632E+0	-8.80859E-2	1.25211E-3	9.61652E-4
5.38096E+0	-8.87207E-2	1.96051E-3	1.84338E-3
5.38550E+0	-8.95508E-2	1.06955E-3	2.32468E-3
5.38569E+0	-9.06738E-2	4.88281E-4	2.42954E-3
5.38574E+0	-9.11621E-2	0.00000E+0	2.30753E-3
5.38574E+0	-9.19434E-2	0.00000E+0	1.84338E-3
5.38574E+0	-9.22363E-2	0.00000E+0	1.53548E-3
5.38574E+0	-9.24316E-2	0.00000E+0	1.25211E-3
5.38613E+0	-9.26270E-2	1.33135E-3	8.37142E-4
5.38872E+0	-9.25781E-2	2.39359E-3	9.61652E-4
5.39038E+0	-9.25781E-2	1.06955E-3	9.61652E-4
5.39019E+0	-9.27734E-2	1.40441E-3	0.00000E+0
5.39028E+0	-9.27734E-2	1.25211E-3	0.00000E+0
5.39077E+0	-9.27734E-2	8.37142E-4	0.00000E+0
5.39526E+0	-9.27734E-2	1.06955E-3	0.00000E+0
5.39692E+0	-9.27734E-2	2.22680E-3	0.00000E+0
5.39751E+0	-9.27734E-2	2.41363E-3	0.00000E+0
5.39736E+0	-9.27734E-2	2.38199E-3	0.00000E+0
5.39775E+0	-9.27734E-2	2.44584E-3	0.00000E+0
5.39824E+0	-9.27734E-2	2.43597E-3	0.00000E+0
5.40029E+0	-9.28711E-2	9.76562E-4	6.87038E-4
5.40439E+0	-9.27734E-2	1.88537E-3	0.00000E+0
5.40527E+0	-9.27734E-2	0.00000E+0	0.00000E+0
5.40562E+0	-9.27734E-2	1.25211E-3	0.00000E+0
5.40576E+0	-9.27734E-2	1.47222E-3	0.00000E+0
5.40552E+0	-9.28223E-2	1.06955E-3	4.88281E-4
5.40596E+0	-9.27734E-2	1.70281E-3	0.00000E+0
5.40640E+0	-9.27734E-2	2.06520E-3	0.00000E+0
5.41006E+0	-9.28223E-2	9.76562E-4	4.88281E-4
5.41016E+0	-9.28223E-2	0.00000E+0	4.88281E-4
5.41016E+0	-9.28711E-2	0.00000E+0	6.87038E-4
5.41016E+0	-9.28223E-2	0.00000E+0	4.88281E-4
5.41016E+0	-9.28711E-2	0.00000E+0	6.87038E-4
5.41021E+0	-9.27734E-2	4.88281E-4	0.00000E+0
5.41016E+0	-9.29199E-2	0.00000E+0	8.37142E-4
5.41021E+0	-9.29688E-2	4.88281E-4	9.61652E-4
5.41016E+0	-9.28223E-2	0.00000E+0	4.88281E-4
5.41021E+0	-9.29199E-2	4.88281E-4	8.37142E-4
5.41016E+0	-9.29199E-2	0.00000E+0	8.37142E-4
5.41011E+0	-9.28711E-2	4.88281E-4	6.87038E-4
5.41016E+0	-9.29199E-2	0.00000E+0	8.37142E-4
5.41016E+0	-9.29199E-2	0.00000E+0	8.37142E-4
5.41162E+0	-9.31641E-2	2.24886E-3	1.33135E-3
5.41499E+0	-9.29199E-2	4.88281E-4	8.37142E-4
5.41670E+0	-9.29199E-2	2.32468E-3	8.37142E-4
5.42300E+0	-9.28223E-2	2.65681E-3	4.88281E-4
5.43203E+0	-9.27246E-2	2.73057E-3	4.88281E-4
5.43887E+0	-9.27246E-2	3.34857E-3	4.88281E-4
5.44536E+0	-9.24316E-2	1.99883E-3	1.25211E-3
5.44937E+0	-9.23828E-2	2.24403E-3	1.33135E-3
5.45879E+0	-9.20898E-2	1.37408E-3	1.70281E-3
5.45957E+0	-9.18945E-2	1.59472E-3	1.88537E-3
5.46558E+0	-9.14551E-2	2.34069E-3	2.17869E-3
5.47158E+0	-9.19922E-2	2.42209E-3	1.79909E-3
5.47378E+0	-9.23340E-2	8.37142E-4	1.40441E-3
5.47383E+0	-9.23828E-2	9.61652E-4	1.33135E-3
5.47554E+0	-9.21875E-2	2.39359E-3	1.59472E-3
5.47983E+0	-9.24316E-2	2.17869E-3	1.25211E-3
5.48311E+0	-9.26270E-2	1.16545E-3	8.37142E-4
5.48296E+0	-9.26270E-2	1.40441E-3	8.37142E-4
5.48325E+0	-9.25781E-2	8.37142E-4	9.61652E-4
5.48315E+0	-9.26758E-2	1.06955E-3	6.87038E-4
5.48306E+0	-9.27246E-2	1.25211E-3	4.88281E-4
5.48296E+0	-9.26758E-2	1.40441E-3	6.87038E-4
5.48335E+0	-9.27246E-2	4.88281E-4	4.88281E-4
5.48647E+0	-9.27734E-2	2.36932E-3	0.00000E+0
5.48828E+0	-9.26270E-2	0.00000E+0	8.37142E-4
5.49009E+0	-9.27246E-2	2.36932E-3	4.88281E-4
5.49292E+0	-9.27734E-2	1.06955E-3	0.00000E+0
5.49316E+0	-9.27734E-2	6.94013E-4	0.00000E+0
5.49727E+0	-9.27734E-2	1.79909E-3	0.00000E+0
5.50146E+0	-9.28223E-2	2.24886E-3	4.88281E-4
5.50273E+0	-9.28223E-2	9.61652E-4	4.88281E-4
5.50288E+0	-9.28223E-2	4.88281E-4	4.88281E-4
5.50317E+0	-9.28711E-2	1.06955E-3	6.87038E-4
5.50762E+0	-9.27734E-2	1.53939E-3	0.00000E+0
5.50845E+0	-9.29199E-2	1.65038E-3	8.37142E-4
5.50840E+0	-9.28223E-2	1.59472E-3	4.88281E-4
5.51001E+0	-9.28711E-2	2.44141E-3	6.87038E-4
5.51118E+0	-9.28711E-2	2.26964E-3	6.87038E-4
5.51221E+0	-9.29199E-2	1.47222E-3	8.37142E-4
5.51279E+0	-9.29688E-2	6.87038E-4	9.61652E-4
5.51528E+0	-9.29199E-2	2.44928E-3	8.37142E-4
5.51758E+0	-9.28711E-2	0.00000E+0	6.87038E-4
5.51758E+0	-9.30664E-2	0.00000E+0	1.16545E-3
5.52051E+0	-9.30176E-2	2.50230E-3	1.06955E-3
5.52588E+0	-9.29688E-2	2.24886E-3	9.61652E-4
5.52827E+0	-9.30176E-2	1.92518E-3	1.06955E-3
5.53052E+0	-9.29688E-2	2.34069E-3	9.61652E-4
5.53193E+0	-9.29199E-2	1.16545E-3	8.37142E-4
5.53223E+0	-9.30664E-2	0.00000E+0	1.16545E-3
5.53325E+0	-9.29688E-2	1.99883E-3	9.61652E-4
5.53662E+0	-9.29688E-2	1.47222E-3	9.61652E-4
5.53711E+0	-9.29688E-2	0.00000E+0	9.61652E-4
5.53867E+0	-9.28711E-2	2.28919E-3	6.87038E-4
5.54180E+0	-9.30664E-2	9.61652E-4	1.16545E-3
5.54199E+0	-9.29688E-2	0.00000E+0	9.61652E-4
5.54341E+0	-9.29688E-2	2.22680E-3	9.61652E-4
5.54668E+0	-9.30176E-2	9.61652E-4	1.06955E-3
5.55000E+0	-9.29199E-2	2.35556E-3	8.37142E-4
5.55186E+0	-9.28223E-2	6.87038E-4	4.88281E-4
5.55220E+0	-9.29199E-2	1.40441E-3	8.37142E-4
5.55273E+0	-9.29199E-2	1.96296E-3	8.37142E-4
5.55439E+0	-9.28711E-2	2.44584E-3	6.87038E-4
5.55664E+0	-9.29199E-2	0.00000E+0	8.37142E-4
5.55674E+0	-9.28223E-2	6.87038E-4	4.88281E-4
5.55815E+0	-9.30664E-2	2.26964E-3	1.16545E-3
5.55879E+0	-9.29688E-2	2.43597E-3	9.61652E-4
5.56016E+0	-9.29199E-2	2.20342E-3	8.37142E-4
5.56016E+0	-9.28711E-2	2.20342E-3	6.87038E-4
5.56030E+0	-9.27734E-2	2.12497E-3	0.00000E+0
5.56050E+0	-9.30176E-2	1.99883E-3	1.06955E-3
5.56084E+0	-9.29199E-2	1.70281E-3	8.37142E-4
5.56162E+0	-9.28711E-2	9.76562E-4	6.87038E-4
5.56323E+0	-9.28223E-2	2.34069E-3	4.88281E-4
5.56318E+0	-9.29199E-2	2.32468E-3	8.37142E-4
5.56426E+0	-9.28711E-2	2.43597E-3	6.87038E-4
5.56650E+0	-9.29199E-2	6.87038E-4	8.37142E-4
5.56929E+0	-9.29199E-2	2.41363E-3	8.37142E-4
5.57012E+0	-9.29199E-2	2.09587E-3	8.37142E-4
5.57129E+0	-9.28223E-2	0.00000E+0	4.88281E-4
5.57246E+0	-9.28223E-2	2.09587E-3	4.88281E-4
5.57612E+0	-9.28223E-2	4.88281E-4	4.88281E-4
5.57969E+0	-9.29199E-2	2.20342E-3	8.37142E-4
5.58257E+0	-9.27734E-2	2.37338E-3	0.00000E+0
5.58477E+0	-9.27734E-2	2.09587E-3	0.00000E+0
5.58647E+0	-9.28711E-2	1.53548E-3	6.87038E-4
5.59033E+0	-9.27734E-2	1.47222E-3	0.00000E+0
5.59082E+0	-9.27734E-2	0.00000E+0	0.00000E+0
5.59116E+0	-9.27734E-2	1.25211E-3	0.00000E+0
5.59502E+0	-9.27734E-2	1.70281E-3	0.00000E+0
5.59619E+0	-9.27734E-2	1.47222E-3	0.00000E+0
5.60068E+0	-9.29199E-2	1.38455E-3	8.37142E-4
5.60518E+0	-9.28711E-2	1.16545E-3	6.87038E-4
5.60635E+0	-9.30176E-2	1.88537E-3	1.06955E-3
5.60986E+0	-9.28711E-2	1.47222E-3	6.87038E-4
5.61069E+0	-9.29688E-2	1.25211E-3	9.61652E-4
5.61270E+0	-9.28711E-2	2.45174E-3	6.87038E-4
5.61519E+0	-9.28711E-2	4.88281E-4	6.87038E-4
5.61577E+0	-9.28223E-2	1.53548E-3	4.88281E-4
5.61992E+0	-9.27734E-2	9.61652E-4	0.00000E+0
5.62295E+0	-9.28223E-2	2.42209E-3	4.88281E-4
5.62568E+0	-9.28223E-2	1.70281E-3	4.88281E-4
5.62954E+0	-9.28711E-2	1.25211E-3	6.87038E-4
5.63003E+0	-9.29199E-2	8.37142E-4	8.37142E-4
5.63032E+0	-9.29199E-2	1.40441E-3	8.37142E-4
5.63301E+0	-9.29688E-2	2.35556E-3	9.61652E-4
5.63467E+0	-9.28223E-2	6.87038E-4	4.88281E-4
5.63872E+0	-9.30176E-2	3.00075E-3	1.06955E-3
5.64746E+0	-9.29199E-2	4.49772E-3	8.37142E-4
5.65430E+0	-9.29199E-2	0.00000E+0	8.37142E-4
5.65430E+0	-9.28223E-2	0.00000E+0	4.88281E-4
5.65488E+0	-9.29688E-2	1.59472E-3	9.61652E-4
5.65718E+0	-9.28223E-2	2.41363E-3	4.88281E-4
5.65918E+0	-9.27734E-2	0.00000E+0	0.00000E+0
5.66074E+0	-9.29199E-2	2.28919E-3	8.37142E-4
5.66333E+0	-9.28711E-2	1.75230E-3	6.87038E-4
5.66348E+0	-9.29199E-2	1.59472E-3	8.37142E-4
5.66401E+0	-9.29199E-2	4.88281E-4	8.37142E-4
5.66636E+0	-9.28711E-2	2.44928E-3	6.87038E-4
5.66885E+0	-9.29199E-2	6.87038E-4	8.37142E-4
5.66895E+0	-9.27734E-2	0.00000E+0	0.00000E+0
5.67031E+0	-9.28223E-2	2.20342E-3	4.88281E-4
5.67363E+0	-9.29688E-2	9.61652E-4	9.61652E-4
5.67383E+0	-9.28711E-2	0.00000E+0	6.87038E-4
5.67383E+0	-9.29688E-2	0.00000E+0	9.61652E-4
5.67407E+0	-9.28711E-2	1.06955E-3	6.87038E-4
5.67622E+0	-9.28223E-2	2.45321E-3	4.88281E-4
5.67842E+0	-9.30664E-2	1.16545E-3	1.16545E-3
5.67871E+0	-9.29199E-2	0.00000E+0	8.37142E-4
5.67871E+0	-9.28223E-2	0.00000E+0	4.88281E-4
5.67871E+0	-9.28223E-2	0.00000E+0	4.88281E-4
5.67905E+0	-9.28223E-2	1.25211E-3	4.88281E-4
5.67998E+0	-9.28223E-2	2.15256E-3	4.88281E-4
5.68008E+0	-9.29199E-2	2.20342E-3	8.37142E-4
5.68032E+0	-9.28223E-2	2.30753E-3	4.88281E-4
5.67983E+0	-9.29199E-2	2.06520E-3	8.37142E-4
5.68037E+0	-9.28711E-2	2.32468E-3	6.87038E-4
5.68027E+0	-9.29199E-2	2.28919E-3	8.37142E-4
5.68022E+0	-9.28223E-2	2.26964E-3	4.88281E-4
5.68057E+0	-9.28711E-2	2.38199E-3	6.87038E-4
5.68071E+0	-9.28223E-2	2.41363E-3	4.88281E-4
5.68125E+0	-9.28223E-2	2.45174E-3	4.88281E-4
5.68140E+0	-9.27734E-2	2.44141E-3	0.00000E+0
5.68198E+0	-9.28711E-2	2.30753E-3	6.87038E-4
5.68203E+0	-9.28223E-2	2.28919E-3	4.88281E-4
5.68223E+0	-9.29199E-2	2.20342E-3	8.37142E-4
5.68247E+0	-9.27734E-2	2.06520E-3	0.00000E+0
5.68213E+0	-9.29199E-2	2.24886E-3	8.37142E-4
5.68247E+0	-9.29199E-2	2.06520E-3	8.37142E-4
5.68223E+0	-9.28223E-2	2.20342E-3	4.88281E-4
5.68242E+0	-9.28711E-2	2.09587E-3	6.87038E-4
5.68213E+0	-9.28223E-2	2.24886E-3	4.88281E-4
5.68164E+0	-9.28711E-2	2.40413E-3	6.87038E-4
5.68203E+0	-9.29199E-2	2.28919E-3	8.37142E-4
5.68223E+0	-9.28711E-2	2.20342E-3	6.87038E-4
5.68218E+0	-9.28223E-2	2.22680E-3	4.88281E-4
5.68271E+0	-9.29199E-2	1.88537E-3	8.37142E-4
5.68203E+0	-9.28223E-2	2.28919E-3	4.88281E-4
5.68242E+0	-9.27734E-2	2.09587E-3	0.00000E+0
5.68218E+0	-9.28711E-2	2.22680E-3	6.87038E-4
5.68179E+0	-9.29688E-2	2.36932E-3	9.61652E-4
5.68198E+0	-9.27734E-2	2.30753E-3	0.00000E+0
