4.75527E+0	-8.79395E-2	1.59472E-3	4.88281E-4
4.75532E+0	-8.80859E-2	1.53548E-3	9.61652E-4
4.75493E+0	-8.81348E-2	1.92518E-3	1.06955E-3
4.75557E+0	-8.88672E-2	1.16545E-3	1.96296E-3
4.75503E+0	-8.94531E-2	1.84338E-3	2.28919E-3
4.75522E+0	-9.04785E-2	1.65038E-3	2.44928E-3
4.75527E+0	-9.08691E-2	1.59472E-3	2.39359E-3
4.75537E+0	-9.16016E-2	1.47222E-3	2.09587E-3
4.75498E+0	-9.19434E-2	1.88537E-3	1.84338E-3
4.75498E+0	-9.22363E-2	1.88537E-3	1.53548E-3
4.75522E+0	-9.23340E-2	1.65038E-3	1.40441E-3
4.75513E+0	-9.26758E-2	1.75230E-3	6.87038E-4
4.75488E+0	-9.26270E-2	1.96296E-3	8.37142E-4
4.75542E+0	-9.26270E-2	1.40441E-3	8.37142E-4
4.75522E+0	-9.27734E-2	1.65038E-3	0.00000E+0
4.75532E+0	-9.27246E-2	1.53548E-3	4.88281E-4
4.75493E+0	-9.27734E-2	1.92518E-3	0.00000E+0
4.75503E+0	-9.27246E-2	1.84338E-3	4.88281E-4
4.75508E+0	-9.27734E-2	1.79909E-3	0.00000E+0
4.75537E+0	-9.27734E-2	1.47222E-3	0.00000E+0
4.75518E+0	-9.27734E-2	1.70281E-3	0.00000E+0
4.75518E+0	-9.27734E-2	1.70281E-3	0.00000E+0
4.75508E+0	-9.27734E-2	1.79909E-3	0.00000E+0
4.75522E+0	-9.27734E-2	1.65038E-3	0.00000E+0
4.75522E+0	-9.27734E-2	1.65038E-3	0.00000E+0
4.75503E+0	-9.27734E-2	1.84338E-3	0.00000E+0
4.75537E+0	-9.27734E-2	1.47222E-3	0.00000E+0
4.75493E+0	-9.27734E-2	1.92518E-3	0.00000E+0
4.75537E+0	-9.27734E-2	1.47222E-3	0.00000E+0
4.75503E+0	-9.27734E-2	1.84338E-3	0.00000E+0
4.75513E+0	-9.27734E-2	1.75230E-3	0.00000E+0
4.75518E+0	-9.27734E-2	1.70281E-3	0.00000E+0
4.75571E+0	-9.27734E-2	8.37142E-4	0.00000E+0
4.75586E+0	-9.27734E-2	0.00000E+0	0.00000E+0
4.75762E+0	-9.27734E-2	2.35556E-3	0.00000E+0
4.76079E+0	-9.27734E-2	1.62686E-3	0.00000E+0
4.76504E+0	-9.27734E-2	1.59472E-3	0.00000E+0
4.76563E+0	-9.27246E-2	0.00000E+0	4.88281E-4
4.76597E+0	-9.27734E-2	1.25211E-3	0.00000E+0
4.77007E+0	-9.27734E-2	1.40441E-3	0.00000E+0
4.77300E+0	-9.27734E-2	2.45321E-3	0.00000E+0
4.77529E+0	-9.27246E-2	6.87038E-4	4.88281E-4
4.77539E+0	-9.27734E-2	0.00000E+0	0.00000E+0
4.77603E+0	-9.27734E-2	1.65038E-3	0.00000E+0
4.78013E+0	-9.27734E-2	8.37142E-4	0.00000E+0
4.78257E+0	-9.27734E-2	2.44928E-3	0.00000E+0
4.78506E+0	-9.27734E-2	6.87038E-4	0.00000E+0
4.78516E+0	-9.27734E-2	0.00000E+0	0.00000E+0
4.78530E+0	-9.27734E-2	8.37142E-4	0.00000E+0
4.78813E+0	-9.27734E-2	2.39359E-3	0.00000E+0
4.79048E+0	-9.28711E-2	1.40441E-3	6.87038E-4
4.79287E+0	-9.29199E-2	2.42209E-3	8.37142E-4
4.79492E+0	-9.28711E-2	0.00000E+0	6.87038E-4
4.79824E+0	-9.28711E-2	2.28919E-3	6.87038E-4
4.80068E+0	-9.28711E-2	1.88537E-3	6.87038E-4
4.80039E+0	-9.30664E-2	1.59472E-3	1.16545E-3
4.80054E+0	-9.29199E-2	1.75230E-3	8.37142E-4
4.80073E+0	-9.28711E-2	1.92518E-3	6.87038E-4
4.80059E+0	-9.29199E-2	1.79909E-3	8.37142E-4
4.80034E+0	-9.29199E-2	1.53548E-3	8.37142E-4
4.80054E+0	-9.29688E-2	1.75230E-3	9.61652E-4
4.80073E+0	-9.30664E-2	1.92518E-3	1.16545E-3
4.80054E+0	-9.28711E-2	1.75230E-3	6.87038E-4
4.80161E+0	-9.29199E-2	2.36932E-3	8.37142E-4
4.80137E+0	-9.28711E-2	2.28919E-3	6.87038E-4
4.80103E+0	-9.29199E-2	2.12497E-3	8.37142E-4
4.80098E+0	-9.29688E-2	2.09587E-3	9.61652E-4
4.80103E+0	-9.30664E-2	2.12497E-3	1.16545E-3
4.80093E+0	-9.29199E-2	2.06520E-3	8.37142E-4
4.80117E+0	-9.29688E-2	2.20342E-3	9.61652E-4
4.80088E+0	-9.29199E-2	2.03288E-3	8.37142E-4
4.80122E+0	-9.28223E-2	2.22680E-3	4.88281E-4
4.80425E+0	-9.31641E-2	1.40441E-3	1.33135E-3
4.80498E+0	-9.28711E-2	1.16545E-3	6.87038E-4
4.80508E+0	-9.29199E-2	1.33135E-3	8.37142E-4
4.80669E+0	-9.30176E-2	2.41363E-3	1.06955E-3
4.80923E+0	-9.31152E-2	1.25211E-3	1.25211E-3
4.81216E+0	-9.29688E-2	2.44928E-3	9.61652E-4
4.81445E+0	-9.29688E-2	0.00000E+0	9.61652E-4
4.81445E+0	-9.30176E-2	0.00000E+0	1.06955E-3
4.81450E+0	-9.30176E-2	4.88281E-4	1.06955E-3
4.81514E+0	-9.31152E-2	1.70281E-3	1.25211E-3
4.81899E+0	-9.29688E-2	1.25211E-3	9.61652E-4
4.82246E+0	-9.28223E-2	2.35556E-3	4.88281E-4
4.82427E+0	-9.27734E-2	4.88281E-4	0.00000E+0
4.82495E+0	-9.27734E-2	1.75230E-3	0.00000E+0
4.82559E+0	-9.28223E-2	2.20342E-3	4.88281E-4
4.82729E+0	-9.27734E-2	2.36932E-3	0.00000E+0
4.82886E+0	-9.28223E-2	1.06955E-3	4.88281E-4
4.82910E+0	-9.27734E-2	0.00000E+0	0.00000E+0
4.83110E+0	-9.20410E-2	2.41363E-3	1.75230E-3
4.83364E+0	-8.90137E-2	1.25211E-3	2.06520E-3
4.83398E+0	-8.78906E-2	0.00000E+0	0.00000E+0
4.83398E+0	-8.78906E-2	0.00000E+0	0.00000E+0
4.83398E+0	-8.78906E-2	0.00000E+0	0.00000E+0
4.83398E+0	-8.78906E-2	0.00000E+0	0.00000E+0
4.83413E+0	-8.75977E-2	8.37142E-4	1.16545E-3
4.83799E+0	-8.30078E-2	1.88537E-3	2.08204E-3
4.84097E+0	-7.58789E-2	2.42954E-3	2.81225E-3
4.84380E+0	-6.67969E-2	4.88281E-4	3.01556E-3
4.84668E+0	-5.38574E-2	2.40413E-3	5.26055E-3
4.85186E+0	-2.99316E-2	2.32468E-3	1.02389E-2
4.85669E+0	8.93555E-3	2.34069E-3	1.00345E-2
4.85830E+0	3.23242E-2	6.87038E-4	6.00151E-3
4.86177E+0	6.21094E-2	2.26964E-3	1.00111E-2
4.86318E+0	7.87598E-2	6.87038E-4	4.47921E-3
4.86338E+0	8.77930E-2	6.87038E-4	7.97300E-3
4.86733E+0	1.18408E-1	1.84338E-3	1.05109E-2
4.86826E+0	1.49463E-1	9.76562E-4	9.98257E-3
4.87227E+0	1.75830E-1	4.84419E-3	8.62630E-3
4.87422E+0	1.88721E-1	4.76398E-3	7.15793E-3
4.87686E+0	1.96387E-1	3.07096E-3	6.45768E-3
4.87798E+0	2.19727E-1	4.88281E-4	1.27593E-2
4.87886E+0	2.51416E-1	1.92518E-3	1.09402E-2
4.88174E+0	2.66113E-1	2.03288E-3	9.32408E-3
4.88350E+0	2.85693E-1	1.83881E-3	1.01879E-2
4.88721E+0	3.04492E-1	1.47222E-3	9.24679E-3
4.88965E+0	3.23437E-1	2.40413E-3	1.22807E-2
4.89453E+0	3.52148E-1	2.40413E-3	1.16396E-2
4.89692E+0	3.67871E-1	1.53548E-3	1.01814E-2
4.89731E+0	3.73682E-1	8.37142E-4	1.02811E-2
4.89746E+0	3.81982E-1	0.00000E+0	1.04990E-2
4.89751E+0	3.94482E-1	4.88281E-4	1.05091E-2
4.89771E+0	3.99365E-1	1.06955E-3	1.00403E-2
4.89756E+0	4.01611E-1	6.87038E-4	1.00901E-2
4.89785E+0	4.04443E-1	1.33135E-3	9.88950E-3
4.89897E+0	4.06787E-1	2.26964E-3	1.01927E-2
4.90103E+0	4.11133E-1	2.17869E-3	1.09073E-2
4.90293E+0	4.22119E-1	1.59472E-3	1.21477E-2
4.90674E+0	4.35937E-1	1.47222E-3	1.33691E-2
4.90723E+0	4.46631E-1	0.00000E+0	1.33938E-2
4.90879E+0	4.57324E-1	2.28919E-3	1.18027E-2
4.91006E+0	4.62305E-1	2.42209E-3	1.07936E-2
4.91050E+0	4.65674E-1	2.30753E-3	1.05858E-2
4.91079E+0	4.68018E-1	2.17869E-3	1.04880E-2
4.91060E+0	4.70508E-1	2.26964E-3	1.07408E-2
4.91108E+0	4.72510E-1	1.99883E-3	1.08820E-2
4.91763E+0	4.82471E-1	3.37543E-3	1.26015E-2
4.92871E+0	5.01611E-1	2.94445E-3	1.32565E-2
4.93604E+0	5.17627E-1	1.47222E-3	1.21699E-2
4.93647E+0	5.24023E-1	4.88281E-4	1.20182E-2
4.93652E+0	5.27197E-1	0.00000E+0	1.19090E-2
4.93652E+0	5.30225E-1	0.00000E+0	1.21818E-2
4.93652E+0	5.32764E-1	0.00000E+0	1.23155E-2
4.93652E+0	5.35352E-1	0.00000E+0	1.23472E-2
4.93877E+0	5.39795E-1	2.44584E-3	1.24802E-2
4.94536E+0	5.46729E-1	2.26964E-3	1.24624E-2
4.95156E+0	5.53760E-1	2.15926E-3	1.23389E-2
4.95337E+0	5.58154E-1	2.44141E-3	1.20945E-2
4.95361E+0	5.60156E-1	2.45371E-3	1.18812E-2
4.95337E+0	5.61865E-1	2.44141E-3	1.21453E-2
4.95327E+0	5.62500E-1	2.42954E-3	1.22979E-2
4.95381E+0	5.64063E-1	2.44584E-3	1.19701E-2
4.95596E+0	5.65625E-1	6.87038E-4	1.22532E-2
4.95605E+0	5.67236E-1	0.00000E+0	1.26275E-2
4.95605E+0	5.69385E-1	0.00000E+0	1.23350E-2
4.95610E+0	5.69482E-1	4.88281E-4	1.27149E-2
4.95630E+0	5.69824E-1	1.06955E-3	1.25978E-2
4.95664E+0	5.70947E-1	1.59472E-3	1.27641E-2
4.95845E+0	5.71973E-1	2.45321E-3	1.28724E-2
4.96060E+0	5.72314E-1	1.25211E-3	1.25748E-2
4.96826E+0	5.75537E-1	4.13506E-3	1.28468E-2
4.97559E+0	5.78418E-1	0.00000E+0	1.27860E-2
4.97559E+0	5.80908E-1	0.00000E+0	1.28243E-2
4.97559E+0	5.81055E-1	0.00000E+0	1.27025E-2
4.97598E+0	5.81934E-1	1.33135E-3	1.28604E-2
4.98232E+0	5.83203E-1	2.66812E-3	1.28967E-2
4.98535E+0	5.83984E-1	0.00000E+0	1.29652E-2
4.98545E+0	5.84521E-1	6.87038E-4	1.30078E-2
4.98555E+0	5.84766E-1	9.61652E-4	1.29116E-2
4.98560E+0	5.85254E-1	1.06955E-3	1.27596E-2
4.98809E+0	5.85059E-1	2.43597E-3	1.26146E-2
4.99014E+0	5.84326E-1	6.87038E-4	1.27603E-2
4.99048E+0	5.84473E-1	1.06955E-3	1.25595E-2
4.99395E+0	5.83496E-1	2.09587E-3	1.29373E-2
4.99521E+0	5.82178E-1	6.87038E-4	1.28318E-2
4.99897E+0	5.81250E-1	2.11589E-3	1.28705E-2
5.00142E+0	5.79150E-1	2.22680E-3	1.25671E-2
5.00386E+0	5.78467E-1	1.99883E-3	1.26161E-2
5.00454E+0	5.77881E-1	1.25211E-3	1.28603E-2
5.00488E+0	5.76562E-1	0.00000E+0	1.26775E-2
5.00752E+0	5.73682E-1	2.44584E-3	1.28251E-2
5.01162E+0	5.70605E-1	2.38199E-3	1.27029E-2
5.01504E+0	5.65723E-1	1.33135E-3	1.23764E-2
5.01821E+0	5.61230E-1	2.17869E-3	1.22355E-2
5.01948E+0	5.57959E-1	4.88281E-4	1.22755E-2
5.02192E+0	5.54785E-1	2.45321E-3	1.22347E-2
5.02446E+0	5.49072E-1	4.88281E-4	1.24027E-2
5.02710E+0	5.44971E-1	2.44141E-3	1.18977E-2
5.02925E+0	5.39697E-1	4.88281E-4	1.20498E-2
5.03203E+0	5.33838E-1	2.43597E-3	1.27225E-2
5.03428E+0	5.26416E-1	6.87038E-4	1.23506E-2
5.03657E+0	5.19092E-1	2.45321E-3	1.17715E-2
5.03794E+0	5.14551E-1	2.06520E-3	1.16499E-2
5.03921E+0	5.09863E-1	1.08741E-3	1.15753E-2
5.04287E+0	5.02002E-1	2.03288E-3	1.15025E-2
5.04487E+0	4.93213E-1	1.92518E-3	1.19704E-2
5.04917E+0	4.82324E-1	1.59094E-3	1.15836E-2
5.05322E+0	4.70752E-1	1.47222E-3	1.13210E-2
5.05371E+0	4.59033E-1	0.00000E+0	1.22291E-2
5.05688E+0	4.44434E-1	2.34069E-3	1.32041E-2
5.05859E+0	4.31201E-1	0.00000E+0	1.24863E-2
5.05859E+0	4.27637E-1	0.00000E+0	1.21834E-2
5.05854E+0	4.26660E-1	4.88281E-4	1.22544E-2
5.05859E+0	4.26807E-1	0.00000E+0	1.19220E-2
5.05850E+0	4.27441E-1	6.87038E-4	1.23647E-2
5.05859E+0	4.27197E-1	0.00000E+0	1.21699E-2
5.05996E+0	4.24707E-1	2.20342E-3	1.16126E-2
5.07178E+0	3.94873E-1	5.70190E-3	1.85920E-2
5.08320E+0	3.10693E-1	3.39428E-3	2.84347E-2
5.08901E+0	2.21826E-1	2.06520E-3	2.00815E-2
5.09126E+0	1.80859E-1	2.26964E-3	9.12620E-3
5.09272E+0	1.62158E-1	4.88281E-4	7.01931E-3
5.09341E+0	1.41699E-1	1.65038E-3	8.26953E-3
5.09639E+0	1.21582E-1	2.15256E-3	6.41727E-3
5.09775E+0	9.79004E-2	6.87038E-4	1.06475E-2
5.10146E+0	6.33301E-2	2.03288E-3	1.03511E-2
5.10317E+0	3.04199E-2	1.65038E-3	7.24088E-3
5.10576E+0	1.43555E-2	2.32468E-3	3.91487E-3
5.10864E+0	-1.95312E-3	2.12497E-3	7.31188E-3
5.11304E+0	-2.51953E-2	1.88473E-3	6.86055E-3
5.11826E+0	-4.61426E-2	2.03288E-3	5.34773E-3
5.12500E+0	-5.94727E-2	2.40413E-3	3.35575E-3
5.12700E+0	-6.59668E-2	4.88281E-4	2.45321E-3
5.12720E+0	-6.83594E-2	1.06955E-3	0.00000E+0
5.13130E+0	-6.96777E-2	2.18311E-3	2.17869E-3
5.13628E+0	-7.37305E-2	1.40441E-3	1.47222E-3
5.13677E+0	-7.63672E-2	4.88281E-4	2.35556E-3
5.13701E+0	-7.81250E-2	1.16545E-3	0.00000E+0
5.13696E+0	-7.81250E-2	1.06955E-3	0.00000E+0
5.13828E+0	-7.94922E-2	2.28919E-3	2.20342E-3
5.14136E+0	-8.19824E-2	1.75230E-3	1.99883E-3
5.14766E+0	-8.29590E-2	2.78644E-3	4.88281E-4
5.15146E+0	-8.30078E-2	6.87038E-4	0.00000E+0
5.15200E+0	-8.31543E-2	1.65038E-3	8.37142E-4
5.15244E+0	-8.44238E-2	2.03288E-3	2.22680E-3
5.15371E+0	-8.59863E-2	2.45174E-3	2.39359E-3
5.15410E+0	-8.76465E-2	2.43597E-3	1.06955E-3
5.15596E+0	-8.77930E-2	1.16545E-3	6.87038E-4
5.15845E+0	-8.78906E-2	2.44141E-3	0.00000E+0
5.16460E+0	-8.78906E-2	2.22680E-3	0.00000E+0
5.16680E+0	-8.78906E-2	1.79909E-3	0.00000E+0
5.16763E+0	-8.79395E-2	2.30753E-3	4.88281E-4
5.16743E+0	-8.79883E-2	2.22680E-3	6.87038E-4
5.16826E+0	-8.83789E-2	2.44584E-3	1.47222E-3
5.17056E+0	-8.82324E-2	1.25211E-3	1.25211E-3
5.17236E+0	-8.89160E-2	2.24886E-3	1.99883E-3
5.17583E+0	-9.00391E-2	4.88281E-4	2.43597E-3
5.17900E+0	-8.99902E-2	2.32468E-3	2.42954E-3
5.18203E+0	-9.03809E-2	2.20342E-3	2.45321E-3
5.18525E+0	-9.16992E-2	1.16545E-3	2.03288E-3
5.18569E+0	-9.16504E-2	8.37142E-4	2.06520E-3
5.18940E+0	-9.21387E-2	1.99883E-3	1.65038E-3
5.19370E+0	-9.17480E-2	2.30753E-3	1.99883E-3
5.19531E+0	-9.15527E-2	0.00000E+0	2.12497E-3
5.19863E+0	-9.17969E-2	2.28919E-3	1.96296E-3
5.20068E+0	-9.17480E-2	1.62760E-3	1.99883E-3
5.20420E+0	-9.15527E-2	1.88537E-3	2.12497E-3
5.20645E+0	-9.19434E-2	2.20342E-3	1.84338E-3
5.21279E+0	-9.12109E-2	2.42209E-3	2.28919E-3
5.21968E+0	-9.07715E-2	3.06428E-3	2.41363E-3
5.22578E+0	-9.05762E-2	2.09587E-3	2.44141E-3
5.22661E+0	-9.03809E-2	2.41363E-3	2.45321E-3
5.22617E+0	-9.04297E-2	2.28919E-3	2.45174E-3
5.22822E+0	-9.05273E-2	2.15256E-3	2.44584E-3
5.22949E+0	-9.08691E-2	0.00000E+0	2.39359E-3
5.23350E+0	-9.13574E-2	1.88537E-3	2.22680E-3
5.23442E+0	-9.18457E-2	4.88281E-4	1.92518E-3
5.23442E+0	-9.21387E-2	4.88281E-4	1.65038E-3
5.23447E+0	-9.21875E-2	6.87038E-4	1.59472E-3
5.23438E+0	-9.23828E-2	0.00000E+0	1.33135E-3
5.23442E+0	-9.26270E-2	4.88281E-4	8.37142E-4
5.23442E+0	-9.26758E-2	4.88281E-4	6.87038E-4
5.23452E+0	-9.27246E-2	8.37142E-4	4.88281E-4
5.23643E+0	-9.26270E-2	2.42209E-3	8.37142E-4
5.24175E+0	-9.25293E-2	2.45321E-3	1.06955E-3
5.24697E+0	-9.24805E-2	2.42209E-3	1.16545E-3
5.25278E+0	-9.22852E-2	2.06520E-3	1.47222E-3
5.26006E+0	-9.24805E-2	4.73864E-3	1.16545E-3
5.26367E+0	-9.26758E-2	0.00000E+0	6.87038E-4
5.26367E+0	-9.26758E-2	0.00000E+0	6.87038E-4
5.26367E+0	-9.27246E-2	0.00000E+0	4.88281E-4
5.26367E+0	-9.26270E-2	0.00000E+0	8.37142E-4
5.26460E+0	-9.26758E-2	1.92518E-3	6.87038E-4
5.26885E+0	-9.27246E-2	1.16545E-3	4.88281E-4
5.27319E+0	-9.27734E-2	1.45163E-3	0.00000E+0
5.27646E+0	-9.27734E-2	2.38199E-3	0.00000E+0
5.27754E+0	-9.27734E-2	1.79909E-3	0.00000E+0
5.27710E+0	-9.27734E-2	2.12497E-3	0.00000E+0
5.27656E+0	-9.27734E-2	2.35556E-3	0.00000E+0
5.27710E+0	-9.27734E-2	2.12497E-3	0.00000E+0
5.27695E+0	-9.27734E-2	2.20342E-3	0.00000E+0
5.27715E+0	-9.27246E-2	2.09587E-3	4.88281E-4
5.27729E+0	-9.27734E-2	1.99883E-3	0.00000E+0
5.27686E+0	-9.27734E-2	2.24886E-3	0.00000E+0
5.27759E+0	-9.27734E-2	1.75230E-3	0.00000E+0
5.27769E+0	-9.27734E-2	1.65038E-3	0.00000E+0
5.27759E+0	-9.27734E-2	1.75230E-3	0.00000E+0
5.27778E+0	-9.27734E-2	1.53548E-3	0.00000E+0
5.27847E+0	-9.27246E-2	8.37142E-4	4.88281E-4
5.28672E+0	-9.28223E-2	3.47561E-3	4.88281E-4
5.29458E+0	-9.28223E-2	2.30753E-3	4.88281E-4
5.29785E+0	-9.29688E-2	0.00000E+0	9.61652E-4
5.29805E+0	-9.28223E-2	9.61652E-4	4.88281E-4
5.30225E+0	-9.28223E-2	1.76939E-3	4.88281E-4
5.30723E+0	-9.27734E-2	2.04469E-3	0.00000E+0
5.31211E+0	-9.28223E-2	1.33135E-3	4.88281E-4
5.31587E+0	-9.30176E-2	2.26964E-3	1.06955E-3
5.32124E+0	-9.27734E-2	2.33244E-3	0.00000E+0
5.32642E+0	-9.28711E-2	1.75230E-3	6.87038E-4
5.32715E+0	-9.28223E-2	0.00000E+0	4.88281E-4
5.32729E+0	-9.29688E-2	8.37142E-4	9.61652E-4
5.33223E+0	-9.28711E-2	1.95312E-3	6.87038E-4
5.33677E+0	-9.29688E-2	8.37142E-4	9.61652E-4
5.33691E+0	-9.30176E-2	0.00000E+0	1.06955E-3
5.33691E+0	-9.29688E-2	0.00000E+0	9.61652E-4
5.33691E+0	-9.28711E-2	0.00000E+0	6.87038E-4
5.33691E+0	-9.27734E-2	0.00000E+0	0.00000E+0
5.33691E+0	-9.28223E-2	0.00000E+0	4.88281E-4
5.33691E+0	-9.27734E-2	0.00000E+0	0.00000E+0
5.33691E+0	-9.29688E-2	0.00000E+0	9.61652E-4
5.33691E+0	-9.29688E-2	0.00000E+0	9.61652E-4
5.33691E+0	-9.28711E-2	0.00000E+0	6.87038E-4
5.33691E+0	-9.28223E-2	0.00000E+0	4.88281E-4
5.33691E+0	-9.28223E-2	0.00000E+0	4.88281E-4
5.33691E+0	-9.28223E-2	0.00000E+0	4.88281E-4
5.33965E+0	-9.27734E-2	2.43597E-3	0.00000E+0
5.34170E+0	-9.28711E-2	6.87038E-4	6.87038E-4
5.34395E+0	-9.28223E-2	2.43597E-3	4.88281E-4
5.34648E+0	-9.29199E-2	9.61652E-4	8.37142E-4
5.34668E+0	-9.28711E-2	0.00000E+0	6.87038E-4
5.34810E+0	-9.30664E-2	2.22680E-3	1.16545E-3
5.35151E+0	-9.28223E-2	1.29745E-3	4.88281E-4
5.35498E+0	-9.28711E-2	2.24886E-3	6.87038E-4
5.35645E+0	-9.27734E-2	0.00000E+0	0.00000E+0
5.35645E+0	-9.28711E-2	0.00000E+0	6.87038E-4
5.35884E+0	-9.28223E-2	2.45321E-3	4.88281E-4
5.36323E+0	-9.28223E-2	2.39359E-3	4.88281E-4
5.36616E+0	-9.28711E-2	4.88281E-4	6.87038E-4
5.36641E+0	-9.29199E-2	9.61652E-4	8.37142E-4
5.36885E+0	-9.29199E-2	2.44584E-3	8.37142E-4
5.37109E+0	-9.27734E-2	0.00000E+0	0.00000E+0
5.37158E+0	-9.28223E-2	1.47222E-3	4.88281E-4
5.37217E+0	-9.28223E-2	2.03288E-3	4.88281E-4
5.37393E+0	-9.28711E-2	2.42209E-3	6.87038E-4
5.37495E+0	-9.28223E-2	1.99883E-3	4.88281E-4
5.37598E+0	-9.28711E-2	0.00000E+0	6.87038E-4
5.37842E+0	-9.28223E-2	2.45371E-3	4.88281E-4
5.38086E+0	-9.28711E-2	0.00000E+0	6.87038E-4
5.38086E+0	-9.27734E-2	0.00000E+0	0.00000E+0
5.38086E+0	-9.28223E-2	0.00000E+0	4.88281E-4
5.38086E+0	-9.28711E-2	0.00000E+0	6.87038E-4
5.38086E+0	-9.28223E-2	0.00000E+0	4.88281E-4
5.38086E+0	-9.27734E-2	0.00000E+0	0.00000E+0
5.38174E+0	-9.27734E-2	1.88537E-3	0.00000E+0
5.38330E+0	-9.27734E-2	2.45371E-3	0.00000E+0
5.38359E+0	-9.28223E-2	2.43597E-3	4.88281E-4
5.38369E+0	-9.27734E-2	2.42209E-3	0.00000E+0
5.38340E+0	-9.27734E-2	2.45174E-3	0.00000E+0
5.38354E+0	-9.27734E-2	2.44141E-3	0.00000E+0
5.38315E+0	-9.27734E-2	2.44928E-3	0.00000E+0
5.38330E+0	-9.28223E-2	2.45371E-3	4.88281E-4
5.38394E+0	-9.27734E-2	2.36932E-3	0.00000E+0
5.38530E+0	-9.28223E-2	1.40441E-3	4.88281E-4
5.38574E+0	-9.27734E-2	0.00000E+0	0.00000E+0
5.38599E+0	-9.28711E-2	1.06955E-3	6.87038E-4
5.38994E+0	-9.28223E-2	1.70281E-3	4.88281E-4
5.39150E+0	-9.27734E-2	1.88537E-3	0.00000E+0
5.39414E+0	-9.27734E-2	2.20342E-3	0.00000E+0
5.39482E+0	-9.27734E-2	1.70281E-3	0.00000E+0
5.39600E+0	-9.28223E-2	1.47222E-3	4.88281E-4
5.40068E+0	-9.29199E-2	2.17482E-3	8.37142E-4
5.40513E+0	-9.28223E-2	8.37142E-4	4.88281E-4
5.40718E+0	-9.28223E-2	2.39359E-3	4.88281E-4
5.41016E+0	-9.28223E-2	9.81482E-4	4.88281E-4
5.41357E+0	-9.29199E-2	2.24886E-3	8.37142E-4
5.41470E+0	-9.27734E-2	1.25211E-3	0.00000E+0
5.41465E+0	-9.29688E-2	1.33135E-3	9.61652E-4
5.41475E+0	-9.29199E-2	1.16545E-3	8.37142E-4
5.41494E+0	-9.27734E-2	6.87038E-4	0.00000E+0
5.41523E+0	-9.28223E-2	9.61652E-4	4.88281E-4
5.41802E+0	-9.28711E-2	2.39359E-3	6.87038E-4
5.41772E+0	-9.28223E-2	2.44141E-3	4.88281E-4
5.41738E+0	-9.28223E-2	2.45174E-3	4.88281E-4
5.41743E+0	-9.29688E-2	2.45321E-3	9.61652E-4
5.41758E+0	-9.28711E-2	2.45174E-3	6.87038E-4
5.41885E+0	-9.28223E-2	2.03288E-3	4.88281E-4
5.42295E+0	-9.28711E-2	2.38199E-3	6.87038E-4
5.42720E+0	-9.29688E-2	2.45321E-3	9.61652E-4
5.43042E+0	-9.28711E-2	2.00844E-3	6.87038E-4
5.43608E+0	-9.29199E-2	2.26964E-3	8.37142E-4
5.44468E+0	-9.28223E-2	2.62030E-3	4.88281E-4
5.45537E+0	-9.28711E-2	4.73864E-3	6.87038E-4
5.45898E+0	-9.29199E-2	0.00000E+0	8.37142E-4
5.45898E+0	-9.31641E-2	0.00000E+0	1.33135E-3
5.45937E+0	-9.29688E-2	1.33135E-3	9.61652E-4
5.46377E+0	-9.28711E-2	1.54875E-3	6.87038E-4
5.46919E+0	-9.29199E-2	2.09300E-3	8.37142E-4
5.47363E+0	-9.28223E-2	6.94013E-4	4.88281E-4
5.47588E+0	-9.28223E-2	2.44584E-3	4.88281E-4
5.47871E+0	-9.28223E-2	9.61652E-4	4.88281E-4
5.48179E+0	-9.29199E-2	2.30753E-3	8.37142E-4
5.48452E+0	-9.28223E-2	2.06520E-3	4.88281E-4
5.48804E+0	-9.29199E-2	1.06955E-3	8.37142E-4
5.48838E+0	-9.27734E-2	6.87038E-4	0.00000E+0
5.49062E+0	-9.28711E-2	2.45174E-3	6.87038E-4
5.49277E+0	-9.28223E-2	1.33135E-3	4.88281E-4
5.49414E+0	-9.29688E-2	1.96296E-3	9.61652E-4
5.49839E+0	-9.27734E-2	1.59094E-3	0.00000E+0
5.50288E+0	-9.28711E-2	1.47141E-3	6.87038E-4
5.50708E+0	-9.30176E-2	1.75230E-3	1.06955E-3
5.51035E+0	-9.28711E-2	2.45174E-3	6.87038E-4
5.51289E+0	-9.29688E-2	9.61652E-4	9.61652E-4
5.51631E+0	-9.28223E-2	2.15256E-3	4.88281E-4
5.51758E+0	-9.28223E-2	0.00000E+0	4.88281E-4
5.52046E+0	-9.29688E-2	2.41363E-3	9.61652E-4
5.52363E+0	-9.29199E-2	2.09587E-3	8.37142E-4
5.52632E+0	-9.28223E-2	1.99883E-3	4.88281E-4
5.52656E+0	-9.28711E-2	1.79909E-3	6.87038E-4
5.52734E+0	-9.28711E-2	0.00000E+0	6.87038E-4
5.53003E+0	-9.29199E-2	2.44141E-3	8.37142E-4
5.53223E+0	-9.29688E-2	0.00000E+0	9.61652E-4
5.53223E+0	-9.29199E-2	0.00000E+0	8.37142E-4
5.53237E+0	-9.29199E-2	8.37142E-4	8.37142E-4
5.53618E+0	-9.29199E-2	1.92518E-3	8.37142E-4
5.53828E+0	-9.29199E-2	2.09587E-3	8.37142E-4
5.54185E+0	-9.29199E-2	1.08741E-3	8.37142E-4
5.54419E+0	-9.28223E-2	2.44141E-3	4.88281E-4
5.54771E+0	-9.29199E-2	2.08839E-3	8.37142E-4
5.55259E+0	-9.29688E-2	2.08839E-3	9.61652E-4
5.55708E+0	-9.29688E-2	1.40441E-3	9.61652E-4
5.56143E+0	-9.28711E-2	6.87038E-4	6.87038E-4
5.56338E+0	-9.28711E-2	2.38199E-3	6.87038E-4
5.56631E+0	-9.28711E-2	1.19805E-3	6.87038E-4
5.57197E+0	-9.30176E-2	2.59861E-3	1.06955E-3
5.57627E+0	-9.27734E-2	6.87038E-4	0.00000E+0
5.58018E+0	-9.29688E-2	1.88537E-3	9.61652E-4
5.58174E+0	-9.30176E-2	1.70281E-3	1.06955E-3
5.58267E+0	-9.29199E-2	2.30753E-3	8.37142E-4
5.58428E+0	-9.28223E-2	2.32468E-3	4.88281E-4
5.58628E+0	-9.28711E-2	1.43159E-3	6.87038E-4
5.59146E+0	-9.30176E-2	2.15647E-3	1.06955E-3
5.59565E+0	-9.28223E-2	4.88281E-4	4.88281E-4
5.59585E+0	-9.29199E-2	8.37142E-4	8.37142E-4
5.59995E+0	-9.28223E-2	2.56456E-3	4.88281E-4
5.60547E+0	-9.28711E-2	9.81482E-4	6.87038E-4
5.60938E+0	-9.28223E-2	1.96296E-3	4.88281E-4
5.61304E+0	-9.28711E-2	2.53813E-3	6.87038E-4
5.61523E+0	-9.29688E-2	0.00000E+0	9.61652E-4
5.61680E+0	-9.29199E-2	2.28919E-3	8.37142E-4
5.62021E+0	-9.29199E-2	6.87038E-4	8.37142E-4
5.62368E+0	-9.29199E-2	2.17869E-3	8.37142E-4
5.62554E+0	-9.30176E-2	1.53548E-3	1.06955E-3
5.62944E+0	-9.29688E-2	1.40441E-3	9.61652E-4
5.62993E+0	-9.28711E-2	4.88281E-4	6.87038E-4
5.63364E+0	-9.28711E-2	2.06520E-3	6.87038E-4
5.63486E+0	-9.29199E-2	6.87038E-4	8.37142E-4
5.63848E+0	-9.28711E-2	2.09587E-3	6.87038E-4
5.64297E+0	-9.31152E-2	2.28919E-3	1.25211E-3
5.65107E+0	-9.30176E-2	4.61505E-3	1.06955E-3
5.65835E+0	-9.28223E-2	1.84338E-3	4.88281E-4
5.66025E+0	-9.29199E-2	2.03288E-3	8.37142E-4
5.66348E+0	-9.28223E-2	1.59472E-3	4.88281E-4
5.66411E+0	-9.27734E-2	4.88281E-4	0.00000E+0
5.66646E+0	-9.27734E-2	2.45321E-3	0.00000E+0
5.66904E+0	-9.30176E-2	6.87038E-4	1.06955E-3
5.67236E+0	-9.28223E-2	2.24886E-3	4.88281E-4
5.67529E+0	-9.29688E-2	2.24886E-3	9.61652E-4
5.67871E+0	-9.27734E-2	0.00000E+0	0.00000E+0
5.67871E+0	-9.28223E-2	0.00000E+0	4.88281E-4
5.67876E+0	-9.27734E-2	4.88281E-4	0.00000E+0
5.67871E+0	-9.28223E-2	0.00000E+0	4.88281E-4
5.67871E+0	-9.27734E-2	0.00000E+0	0.00000E+0
5.67871E+0	-9.27734E-2	0.00000E+0	0.00000E+0
5.67871E+0	-9.27734E-2	0.00000E+0	0.00000E+0
5.67871E+0	-9.28711E-2	0.00000E+0	6.87038E-4
5.67871E+0	-9.27734E-2	0.00000E+0	0.00000E+0
5.67871E+0	-9.27734E-2	0.00000E+0	0.00000E+0
5.67871E+0	-9.30176E-2	0.00000E+0	1.06955E-3
5.67871E+0	-9.28711E-2	0.00000E+0	6.87038E-4
5.67871E+0	-9.28223E-2	0.00000E+0	4.88281E-4
5.67871E+0	-9.28223E-2	0.00000E+0	4.88281E-4
5.67871E+0	-9.27734E-2	0.00000E+0	0.00000E+0
5.67871E+0	-9.27734E-2	0.00000E+0	0.00000E+0
5.67871E+0	-9.28223E-2	0.00000E+0	4.88281E-4
5.67871E+0	-9.28223E-2	0.00000E+0	4.88281E-4
5.67871E+0	-9.27734E-2	0.00000E+0	0.00000E+0
5.67871E+0	-9.27734E-2	0.00000E+0	0.00000E+0
5.67871E+0	-9.27734E-2	0.00000E+0	0.00000E+0
5.67871E+0	-9.28711E-2	0.00000E+0	6.87038E-4
5.67871E+0	-9.27734E-2	0.00000E+0	0.00000E+0
5.67871E+0	-9.28711E-2	0.00000E+0	6.87038E-4
5.67871E+0	-9.28223E-2	0.00000E+0	4.88281E-4
5.67871E+0	-9.28711E-2	0.00000E+0	6.87038E-4
5.67871E+0	-9.27734E-2	0.00000E+0	0.00000E+0
5.67871E+0	-9.28223E-2	0.00000E+0	4.88281E-4
5.67871E+0	-9.28223E-2	0.00000E+0	4.88281E-4
5.67871E+0	-9.28223E-2	0.00000E+0	4.88281E-4
5.67871E+0	-9.29688E-2	0.00000E+0	9.61652E-4
5.67871E+0	-9.28223E-2	0.00000E+0	4.88281E-4
5.67871E+0	-9.27734E-2	0.00000E+0	0.00000E+0
5.67871E+0	-9.27734E-2	0.00000E+0	0.00000E+0
5.67871E+0	-9.29199E-2	0.00000E+0	8.37142E-4
5.67871E+0	-9.28223E-2	0.00000E+0	4.88281E-4
5.67871E+0	-9.28223E-2	0.00000E+0	4.88281E-4
5.67871E+0	-9.27734E-2	0.00000E+0	0.00000E+0
5.67871E+0	-9.29199E-2	0.00000E+0	8.37142E-4
5.67876E+0	-9.28223E-2	4.88281E-4	4.88281E-4
5.67871E+0	-9.30176E-2	0.00000E+0	1.06955E-3
5.67871E+0	-9.27734E-2	0.00000E+0	0.00000E+0
5.67871E+0	-9.28223E-2	0.00000E+0	4.88281E-4
5.67871E+0	-9.28223E-2	0.00000E+0	4.88281E-4
5.67871E+0	-9.28223E-2	0.00000E+0	4.88281E-4
5.67871E+0	-9.27734E-2	0.00000E+0	0.00000E+0
5.67871E+0	-9.27734E-2	0.00000E+0	0.00000E+0
5.67871E+0	-9.28223E-2	0.00000E+0	4.88281E-4
5.67871E+0	-9.27734E-2	0.00000E+0	0.00000E+0
5.67871E+0	-9.27734E-2	0.00000E+0	0.00000E+0
5.67871E+0	-9.27734E-2	0.00000E+0	0.00000E+0
5.67871E+0	-9.27734E-2	0.00000E+0	0.00000E+0
5.67871E+0	-9.27734E-2	0.00000E+0	0.00000E+0
5.67871E+0	-9.27734E-2	0.00000E+0	0.00000E+0
5.67871E+0	-9.28223E-2	0.00000E+0	4.88281E-4
