4.75586E+0	-9.28711E-2	0.00000E+0	6.87038E-4
4.75586E+0	-9.28223E-2	0.00000E+0	4.88281E-4
4.75586E+0	-9.28223E-2	0.00000E+0	4.88281E-4
4.75586E+0	-9.27734E-2	0.00000E+0	0.00000E+0
4.75591E+0	-9.28223E-2	4.88281E-4	4.88281E-4
4.75586E+0	-9.27734E-2	0.00000E+0	0.00000E+0
4.75586E+0	-9.28223E-2	0.00000E+0	4.88281E-4
4.75586E+0	-9.27734E-2	0.00000E+0	0.00000E+0
4.75586E+0	-9.27734E-2	0.00000E+0	0.00000E+0
4.75596E+0	-9.29688E-2	6.87038E-4	9.61652E-4
4.75586E+0	-9.28223E-2	0.00000E+0	4.88281E-4
4.75596E+0	-9.28223E-2	6.87038E-4	4.88281E-4
4.75586E+0	-9.28223E-2	0.00000E+0	4.88281E-4
4.75586E+0	-9.28223E-2	0.00000E+0	4.88281E-4
4.75596E+0	-9.29199E-2	6.87038E-4	8.37142E-4
4.75586E+0	-9.28711E-2	0.00000E+0	6.87038E-4
4.75586E+0	-9.28223E-2	0.00000E+0	4.88281E-4
4.75586E+0	-9.28223E-2	0.00000E+0	4.88281E-4
4.75586E+0	-9.27734E-2	0.00000E+0	0.00000E+0
4.75586E+0	-9.27734E-2	0.00000E+0	0.00000E+0
4.75586E+0	-9.28223E-2	0.00000E+0	4.88281E-4
4.75596E+0	-9.27734E-2	6.87038E-4	0.00000E+0
4.75586E+0	-9.27734E-2	0.00000E+0	0.00000E+0
4.75586E+0	-9.27734E-2	0.00000E+0	0.00000E+0
4.75586E+0	-9.27734E-2	0.00000E+0	0.00000E+0
4.75605E+0	-9.27734E-2	9.61652E-4	0.00000E+0
4.75918E+0	-9.28711E-2	2.28919E-3	6.87038E-4
4.76299E+0	-9.27734E-2	2.44584E-3	0.00000E+0
4.76558E+0	-9.28223E-2	4.88281E-4	4.88281E-4
4.77017E+0	-9.27734E-2	1.99400E-3	0.00000E+0
4.77524E+0	-9.28223E-2	8.37142E-4	4.88281E-4
4.78071E+0	-9.27734E-2	2.86947E-3	0.00000E+0
4.79009E+0	-9.28223E-2	3.70469E-3	4.88281E-4
4.80034E+0	-9.28711E-2	3.73060E-3	6.87038E-4
4.80933E+0	-9.27734E-2	3.69688E-3	0.00000E+0
4.81602E+0	-9.27734E-2	2.28919E-3	0.00000E+0
4.82568E+0	-9.28223E-2	3.21800E-3	4.88281E-4
4.83320E+0	-9.27734E-2	1.92831E-3	0.00000E+0
4.83989E+0	-9.28711E-2	3.27696E-3	6.87038E-4
4.84839E+0	-9.28223E-2	3.35539E-3	4.88281E-4
4.85684E+0	-9.27734E-2	2.67713E-3	0.00000E+0
4.86509E+0	-9.27734E-2	2.91609E-3	0.00000E+0
4.87681E+0	-9.28223E-2	4.03812E-3	4.88281E-4
4.88745E+0	-9.28223E-2	3.42641E-3	4.88281E-4
4.89902E+0	-9.28223E-2	3.79365E-3	4.88281E-4
4.91392E+0	-9.28223E-2	4.25872E-3	4.88281E-4
4.93057E+0	-9.28711E-2	4.88676E-3	6.87038E-4
4.94561E+0	-9.27734E-2	5.00556E-3	0.00000E+0
4.96099E+0	-9.29199E-2	4.62938E-3	8.37142E-4
4.97627E+0	-9.28223E-2	3.92716E-3	4.88281E-4
4.99233E+0	-9.27734E-2	4.82102E-3	0.00000E+0
5.00723E+0	-9.28223E-2	2.90160E-3	4.88281E-4
5.01089E+0	-9.28223E-2	2.06520E-3	4.88281E-4
5.01133E+0	-9.28711E-2	2.28919E-3	6.87038E-4
5.01108E+0	-9.27734E-2	2.17869E-3	0.00000E+0
5.01167E+0	-9.28223E-2	2.39359E-3	4.88281E-4
5.01177E+0	-9.27734E-2	2.41363E-3	0.00000E+0
5.01123E+0	-9.27734E-2	2.24886E-3	0.00000E+0
5.01162E+0	-9.28223E-2	2.38199E-3	4.88281E-4
5.01284E+0	-9.27734E-2	2.36932E-3	0.00000E+0
5.01479E+0	-9.27734E-2	8.37142E-4	0.00000E+0
5.02207E+0	-9.28223E-2	3.29053E-3	4.88281E-4
5.03169E+0	-9.29199E-2	2.45321E-3	8.37142E-4
5.03408E+0	-9.28711E-2	6.87038E-4	6.87038E-4
5.03745E+0	-9.28223E-2	3.47388E-3	4.88281E-4
5.05137E+0	-9.28223E-2	4.62860E-3	4.88281E-4
5.07217E+0	-9.27734E-2	7.71510E-3	0.00000E+0
5.09224E+0	-9.27734E-2	4.80300E-3	0.00000E+0
5.10386E+0	-9.28223E-2	3.45999E-3	4.88281E-4
5.11250E+0	-9.28223E-2	3.17430E-3	4.88281E-4
5.12192E+0	-9.27734E-2	3.95374E-3	0.00000E+0
5.13315E+0	-9.27734E-2	3.24446E-3	0.00000E+0
5.14014E+0	-9.28223E-2	2.64272E-3	4.88281E-4
5.14829E+0	-9.27734E-2	2.99754E-3	0.00000E+0
5.15371E+0	-9.28711E-2	2.45174E-3	6.87038E-4
5.16084E+0	-9.28223E-2	3.45755E-3	4.88281E-4
5.16958E+0	-9.28223E-2	2.93256E-3	4.88281E-4
5.17754E+0	-9.27734E-2	2.45567E-3	0.00000E+0
5.18496E+0	-9.28223E-2	3.41973E-3	4.88281E-4
5.19517E+0	-9.28223E-2	2.89953E-3	4.88281E-4
5.20547E+0	-9.27734E-2	3.23145E-3	0.00000E+0
5.21309E+0	-9.28223E-2	2.35556E-3	4.88281E-4
5.22227E+0	-9.28223E-2	3.83155E-3	4.88281E-4
5.23442E+0	-9.28223E-2	3.83250E-3	4.88281E-4
5.24722E+0	-9.28711E-2	3.44604E-3	6.87038E-4
5.25767E+0	-9.27734E-2	4.85090E-3	0.00000E+0
5.26973E+0	-9.28223E-2	3.26407E-3	4.88281E-4
5.27837E+0	-9.28711E-2	2.81867E-3	6.87038E-4
5.28965E+0	-9.27734E-2	3.39144E-3	0.00000E+0
5.29976E+0	-9.28223E-2	2.58700E-3	4.88281E-4
5.30728E+0	-9.28223E-2	2.71065E-3	4.88281E-4
5.31372E+0	-9.27734E-2	2.44141E-3	0.00000E+0
5.32095E+0	-9.27734E-2	3.38967E-3	0.00000E+0
5.32896E+0	-9.27734E-2	2.36932E-3	0.00000E+0
5.33389E+0	-9.27734E-2	2.38199E-3	0.00000E+0
5.33921E+0	-9.27734E-2	2.44928E-3	0.00000E+0
5.34648E+0	-9.27734E-2	2.49459E-3	0.00000E+0
5.35278E+0	-9.27734E-2	2.12497E-3	0.00000E+0
5.35669E+0	-9.27734E-2	1.06955E-3	0.00000E+0
5.36348E+0	-9.28223E-2	2.80367E-3	4.88281E-4
5.37163E+0	-9.27734E-2	3.32076E-3	0.00000E+0
5.37754E+0	-9.28223E-2	2.28919E-3	4.88281E-4
5.38340E+0	-9.27734E-2	2.54808E-3	0.00000E+0
5.39097E+0	-9.28711E-2	2.71065E-3	6.87038E-4
5.39814E+0	-9.28711E-2	2.81225E-3	6.87038E-4
5.40566E+0	-9.27734E-2	2.26805E-3	0.00000E+0
5.41440E+0	-9.27734E-2	2.99754E-3	0.00000E+0
5.42456E+0	-9.28223E-2	3.63115E-3	4.88281E-4
5.43354E+0	-9.27734E-2	1.99883E-3	0.00000E+0
5.43979E+0	-9.27734E-2	2.88287E-3	0.00000E+0
5.44507E+0	-9.27734E-2	1.75230E-3	0.00000E+0
5.45527E+0	-9.27734E-2	4.76398E-3	0.00000E+0
5.46274E+0	-9.27734E-2	3.38967E-3	0.00000E+0
5.47310E+0	-9.27734E-2	3.17241E-3	0.00000E+0
5.48101E+0	-9.28223E-2	2.73189E-3	4.88281E-4
5.48896E+0	-9.28223E-2	2.30387E-3	4.88281E-4
5.49326E+0	-9.28711E-2	6.87038E-4	6.87038E-4
5.49702E+0	-9.27734E-2	1.99883E-3	0.00000E+0
5.49893E+0	-9.28223E-2	1.88537E-3	4.88281E-4
5.50522E+0	-9.27734E-2	2.44928E-3	0.00000E+0
5.51416E+0	-9.27734E-2	3.14228E-3	0.00000E+0
5.51855E+0	-9.28223E-2	1.96296E-3	4.88281E-4
5.52339E+0	-9.28223E-2	2.37338E-3	4.88281E-4
5.52764E+0	-9.27734E-2	1.16545E-3	0.00000E+0
5.53242E+0	-9.27734E-2	1.53939E-3	0.00000E+0
5.53726E+0	-9.27734E-2	1.62093E-3	0.00000E+0
5.54253E+0	-9.27734E-2	2.06986E-3	0.00000E+0
5.54917E+0	-9.27734E-2	2.44928E-3	0.00000E+0
5.55303E+0	-9.27734E-2	2.15256E-3	0.00000E+0
5.55654E+0	-9.27734E-2	6.87038E-4	0.00000E+0
5.55664E+0	-9.27734E-2	0.00000E+0	0.00000E+0
5.55952E+0	-9.27734E-2	2.41363E-3	0.00000E+0
5.56504E+0	-9.27734E-2	2.50999E-3	0.00000E+0
5.57314E+0	-9.27734E-2	2.84291E-3	0.00000E+0
5.57866E+0	-9.28711E-2	2.45321E-3	6.87038E-4
5.58320E+0	-9.28223E-2	2.43597E-3	4.88281E-4
5.58726E+0	-9.28223E-2	2.17869E-3	4.88281E-4
5.59287E+0	-9.27734E-2	2.42209E-3	0.00000E+0
5.59756E+0	-9.27734E-2	2.38199E-3	0.00000E+0
5.60464E+0	-9.28223E-2	2.30753E-3	4.88281E-4
5.61318E+0	-9.28223E-2	3.03943E-3	4.88281E-4
5.62075E+0	-9.27734E-2	3.07683E-3	0.00000E+0
5.62754E+0	-9.27734E-2	2.45174E-3	0.00000E+0
5.62983E+0	-9.28223E-2	4.88281E-4	4.88281E-4
5.63115E+0	-9.27734E-2	2.15256E-3	0.00000E+0
5.63462E+0	-9.28223E-2	8.37142E-4	4.88281E-4
5.63867E+0	-9.28223E-2	2.08204E-3	4.88281E-4
5.64194E+0	-9.29688E-2	2.44928E-3	9.61652E-4
5.64321E+0	-9.27734E-2	2.17869E-3	0.00000E+0
5.64375E+0	-9.27734E-2	1.79909E-3	0.00000E+0
5.64453E+0	-9.28223E-2	0.00000E+0	4.88281E-4
5.65225E+0	-9.28711E-2	3.99766E-3	6.87038E-4
5.65771E+0	-9.27734E-2	2.24886E-3	0.00000E+0
5.65952E+0	-9.27734E-2	1.25211E-3	0.00000E+0
5.66372E+0	-9.27734E-2	1.43159E-3	0.00000E+0
5.67021E+0	-9.27734E-2	2.82933E-3	0.00000E+0
5.67729E+0	-9.27734E-2	2.22680E-3	0.00000E+0
5.68188E+0	-9.27734E-2	2.34069E-3	0.00000E+0
5.68389E+0	-9.27734E-2	1.16545E-3	0.00000E+0
5.68633E+0	-9.27734E-2	2.43597E-3	0.00000E+0
5.69077E+0	-9.27734E-2	2.44928E-3	0.00000E+0
5.69771E+0	-9.27734E-2	1.53548E-3	0.00000E+0
5.70332E+0	-9.27734E-2	2.29339E-3	0.00000E+0
5.70801E+0	-9.28223E-2	6.94013E-4	4.88281E-4
5.71089E+0	-9.27734E-2	2.41363E-3	0.00000E+0
5.71455E+0	-9.27734E-2	2.32468E-3	0.00000E+0
5.71821E+0	-9.27734E-2	1.40441E-3	0.00000E+0
5.72271E+0	-9.28223E-2	1.90000E-3	4.88281E-4
5.72788E+0	-9.27734E-2	1.73573E-3	0.00000E+0
5.73364E+0	-9.28223E-2	2.34069E-3	4.88281E-4
5.73730E+0	-9.27734E-2	0.00000E+0	0.00000E+0
5.74048E+0	-9.27734E-2	2.34069E-3	0.00000E+0
5.74497E+0	-9.28223E-2	2.42954E-3	4.88281E-4
5.74707E+0	-9.27734E-2	6.94013E-4	0.00000E+0
5.75039E+0	-9.27734E-2	2.49072E-3	0.00000E+0
5.75674E+0	-9.27734E-2	1.38455E-3	0.00000E+0
5.76406E+0	-9.27734E-2	2.54808E-3	0.00000E+0
5.76846E+0	-9.28223E-2	2.38199E-3	4.88281E-4
5.77129E+0	-9.28223E-2	1.18593E-3	4.88281E-4
5.77520E+0	-9.27734E-2	2.09587E-3	0.00000E+0
5.78325E+0	-9.27734E-2	4.60853E-3	0.00000E+0
5.79473E+0	-9.27734E-2	2.60786E-3	0.00000E+0
5.80059E+0	-9.27734E-2	1.95312E-3	0.00000E+0
5.80464E+0	-9.27734E-2	1.99883E-3	0.00000E+0
5.80615E+0	-9.27734E-2	1.47222E-3	0.00000E+0
5.81108E+0	-9.27734E-2	2.06986E-3	0.00000E+0
5.81553E+0	-9.28223E-2	6.87038E-4	4.88281E-4
5.81948E+0	-9.27734E-2	1.84338E-3	0.00000E+0
5.82344E+0	-9.27734E-2	2.55185E-3	0.00000E+0
5.83203E+0	-9.27734E-2	3.02513E-3	0.00000E+0
5.84370E+0	-9.28223E-2	6.18003E-3	4.88281E-4
5.85605E+0	-9.28223E-2	3.09439E-3	4.88281E-4
5.85938E+0	-9.27734E-2	0.00000E+0	0.00000E+0
5.85991E+0	-9.28223E-2	1.53548E-3	4.88281E-4
5.86304E+0	-9.27734E-2	2.12497E-3	0.00000E+0
5.86553E+0	-9.28223E-2	2.15256E-3	4.88281E-4
5.86899E+0	-9.27734E-2	8.37142E-4	0.00000E+0
5.87051E+0	-9.27734E-2	2.20342E-3	0.00000E+0
5.87637E+0	-9.27734E-2	2.45174E-3	0.00000E+0
5.87974E+0	-9.28711E-2	1.84338E-3	6.87038E-4
5.88359E+0	-9.27734E-2	1.53939E-3	0.00000E+0
5.88525E+0	-9.27734E-2	2.24886E-3	0.00000E+0
5.88833E+0	-9.27734E-2	1.25211E-3	0.00000E+0
5.89209E+0	-9.28223E-2	2.54997E-3	4.88281E-4
5.89819E+0	-9.27734E-2	1.45163E-3	0.00000E+0
5.90366E+0	-9.27734E-2	2.11133E-3	0.00000E+0
5.90835E+0	-9.27734E-2	1.46484E-3	0.00000E+0
5.91338E+0	-9.27734E-2	2.17482E-3	0.00000E+0
5.91836E+0	-9.26758E-2	1.79372E-3	6.87038E-4
5.92456E+0	-9.20898E-2	2.80839E-3	1.70281E-3
5.92925E+0	-8.97949E-2	2.26964E-3	2.39359E-3
5.93623E+0	-8.82813E-2	2.15256E-3	1.33135E-3
5.94160E+0	-8.78906E-2	2.04940E-3	0.00000E+0
5.94600E+0	-8.78906E-2	2.15256E-3	0.00000E+0
5.94604E+0	-8.75000E-2	2.12497E-3	1.33135E-3
5.94668E+0	-8.70605E-2	1.59472E-3	1.84338E-3
5.94727E+0	-8.63770E-2	0.00000E+0	2.26964E-3
5.95146E+0	-8.52539E-2	1.70281E-3	2.44584E-3
5.95581E+0	-8.31055E-2	2.12497E-3	6.87038E-4
5.95972E+0	-8.22754E-2	2.44141E-3	1.75230E-3
5.96123E+0	-7.97363E-2	1.70281E-3	2.30753E-3
5.96377E+0	-7.89551E-2	2.57627E-3	1.84338E-3
5.97056E+0	-7.74902E-2	3.09245E-3	1.65038E-3
5.97764E+0	-7.15332E-2	2.03288E-3	2.53813E-3
5.98145E+0	-6.74316E-2	0.00000E+0	1.92518E-3
5.98145E+0	-6.51367E-2	0.00000E+0	2.32468E-3
5.98145E+0	-6.45020E-2	0.00000E+0	1.99883E-3
5.98359E+0	-6.36230E-2	2.43597E-3	1.46484E-3
5.98823E+0	-6.04980E-2	2.39359E-3	2.58700E-3
5.99409E+0	-5.40039E-2	2.41363E-3	2.92969E-3
5.99648E+0	-4.81445E-2	1.33135E-3	2.30387E-3
5.99932E+0	-4.43359E-2	2.32468E-3	1.65402E-3
6.00073E+0	-4.32129E-2	1.27498E-3	1.75230E-3
6.00356E+0	-4.14551E-2	2.44928E-3	2.45321E-3
6.00605E+0	-3.74512E-2	9.61652E-4	2.40963E-3
6.01040E+0	-3.13965E-2	1.43159E-3	2.79809E-3
6.01382E+0	-2.68066E-2	2.36932E-3	2.45321E-3
6.01558E+0	-2.37305E-2	4.88281E-4	2.19685E-3
6.01563E+0	-2.16797E-2	0.00000E+0	2.80367E-3
6.01860E+0	-1.44043E-2	2.39359E-3	3.42641E-3
6.02065E+0	-9.52148E-3	8.37142E-4	1.88473E-3
6.02393E+0	-6.44531E-3	2.24886E-3	2.93462E-3
6.02534E+0	-4.19922E-3	4.88281E-4	2.94608E-3
6.02832E+0	-2.97852E-3	2.40413E-3	2.85264E-3
6.03574E+0	4.78516E-3	4.87195E-3	4.49665E-3
6.04004E+0	1.57227E-2	0.00000E+0	4.36622E-3
6.04053E+0	1.97754E-2	1.47222E-3	3.49599E-3
6.04194E+0	1.91406E-2	2.39359E-3	3.51694E-3
6.04653E+0	2.65137E-2	2.60185E-3	4.72005E-3
6.05269E+0	4.76562E-2	2.60555E-3	9.21026E-3
6.05898E+0	6.71875E-2	1.59472E-3	5.33623E-3
6.05957E+0	7.42187E-2	0.00000E+0	3.60620E-3
6.05957E+0	7.71484E-2	0.00000E+0	3.98680E-3
6.05967E+0	8.05664E-2	6.87038E-4	4.41667E-3
6.06372E+0	9.08691E-2	1.75230E-3	5.59079E-3
6.06743E+0	1.03711E-1	2.39359E-3	6.01513E-3
6.06929E+0	1.14160E-1	4.88281E-4	4.48592E-3
6.07148E+0	1.21045E-1	2.43597E-3	5.65077E-3
6.07676E+0	1.34521E-1	2.45174E-3	6.74211E-3
6.07915E+0	1.48584E-1	4.88281E-4	5.77555E-3
6.08130E+0	1.56836E-1	2.44141E-3	5.56423E-3
6.08657E+0	1.66064E-1	2.44928E-3	6.95728E-3
6.09058E+0	1.81201E-1	2.34069E-3	7.20889E-3
6.09346E+0	1.88574E-1	1.16545E-3	5.83879E-3
6.09404E+0	1.92920E-1	1.16545E-3	5.74377E-3
6.09814E+0	2.01172E-1	1.47222E-3	7.34474E-3
6.10181E+0	2.15283E-1	2.34069E-3	7.79321E-3
6.10781E+0	2.28418E-1	1.59472E-3	7.33096E-3
6.11089E+0	2.37158E-1	2.45321E-3	8.92164E-3
6.11553E+0	2.46045E-1	2.44584E-3	1.00067E-2
6.12041E+0	2.58154E-1	2.44584E-3	7.99336E-3
6.12310E+0	2.64014E-1	4.88281E-4	7.70495E-3
6.12686E+0	2.66797E-1	2.03288E-3	7.77542E-3
6.13267E+0	2.71631E-1	2.63862E-3	7.52788E-3
6.13760E+0	2.76172E-1	6.87038E-4	7.12234E-3
6.13770E+0	2.77588E-1	0.00000E+0	7.15793E-3
6.14033E+0	2.79492E-1	2.44584E-3	7.51074E-3
6.14746E+0	2.81836E-1	2.68790E-3	7.63666E-3
6.15381E+0	2.83398E-1	2.24886E-3	7.81866E-3
6.15723E+0	2.84619E-1	0.00000E+0	7.92194E-3
6.15723E+0	2.85303E-1	0.00000E+0	7.89026E-3
6.15908E+0	2.86035E-1	2.38199E-3	8.03917E-3
6.16235E+0	2.86523E-1	1.60900E-3	8.11965E-3
6.16616E+0	2.85059E-1	1.84338E-3	8.11669E-3
6.16646E+0	2.85400E-1	1.53548E-3	8.16387E-3
6.16680E+0	2.84521E-1	9.61652E-4	7.66106E-3
6.16660E+0	2.84424E-1	1.33135E-3	7.86335E-3
6.16660E+0	2.83105E-1	1.33135E-3	7.63351E-3
6.16670E+0	2.82373E-1	1.16545E-3	7.47652E-3
6.16689E+0	2.83203E-1	6.87038E-4	7.66562E-3
6.16689E+0	2.82861E-1	6.87038E-4	7.57889E-3
6.16812E+0	2.82031E-1	2.06520E-3	7.51074E-3
6.17383E+0	2.79834E-1	2.50230E-3	7.40011E-3
6.17676E+0	2.78271E-1	0.00000E+0	7.09439E-3
6.17676E+0	2.76514E-1	0.00000E+0	7.36619E-3
6.17764E+0	2.73877E-1	1.88537E-3	7.34785E-3
6.18242E+0	2.71289E-1	1.92831E-3	7.70698E-3
6.18711E+0	2.67969E-1	1.59472E-3	7.70573E-3
6.19097E+0	2.65088E-1	1.40441E-3	7.86090E-3
6.19141E+0	2.62451E-1	0.00000E+0	7.29126E-3
6.19331E+0	2.62061E-1	2.39359E-3	7.24753E-3
6.19624E+0	2.60693E-1	4.88281E-4	7.20889E-3
6.20068E+0	2.58643E-1	2.98506E-3	7.77341E-3
6.20908E+0	2.52686E-1	3.31241E-3	8.70633E-3
6.21753E+0	2.44580E-1	2.34069E-3	9.44202E-3
6.22261E+0	2.38916E-1	2.39359E-3	9.16136E-3
6.22559E+0	2.34766E-1	0.00000E+0	8.14335E-3
6.22764E+0	2.33057E-1	3.99766E-3	7.07263E-3
6.23618E+0	2.29395E-1	2.78082E-3	6.58325E-3
6.24023E+0	2.23584E-1	0.00000E+0	6.84562E-3
6.24023E+0	2.22412E-1	0.00000E+0	6.59769E-3
6.24023E+0	2.23291E-1	0.00000E+0	6.46792E-3
6.24023E+0	2.24854E-1	0.00000E+0	6.59769E-3
6.24023E+0	2.25586E-1	0.00000E+0	6.72870E-3
6.24023E+0	2.27197E-1	0.00000E+0	6.49023E-3
6.24023E+0	2.28809E-1	0.00000E+0	6.09073E-3
6.24023E+0	2.27441E-1	0.00000E+0	6.66325E-3
6.24126E+0	2.25391E-1	1.99883E-3	6.61027E-3
6.24634E+0	2.21777E-1	2.34069E-3	6.69929E-3
6.25000E+0	2.18115E-1	0.00000E+0	6.83717E-3
6.25322E+0	2.14404E-1	2.32468E-3	6.40206E-3
6.25869E+0	2.09277E-1	2.03288E-3	6.51116E-3
6.25986E+0	2.02539E-1	6.87038E-4	6.81689E-3
6.26416E+0	1.95557E-1	2.02338E-3	6.33702E-3
6.26948E+0	1.87354E-1	1.76871E-3	6.11578E-3
6.27432E+0	1.77588E-1	1.19805E-3	6.42309E-3
6.27578E+0	1.71143E-1	2.20342E-3	5.73873E-3
6.27896E+0	1.67187E-1	1.25211E-3	5.68582E-3
6.27935E+0	1.61621E-1	4.88281E-4	6.18801E-3
6.28184E+0	1.54590E-1	2.45174E-3	5.15722E-3
6.28437E+0	1.47754E-1	9.61652E-4	4.88873E-3
6.28779E+0	1.41895E-1	2.15256E-3	5.67310E-3
6.28906E+0	1.35889E-1	6.94013E-4	5.28795E-3
6.29307E+0	1.26221E-1	2.00904E-3	5.78055E-3
6.29644E+0	1.14795E-1	2.45321E-3	4.93164E-3
6.29873E+0	1.06592E-1	6.87038E-4	4.86081E-3
6.29883E+0	1.01367E-1	0.00000E+0	4.60983E-3
6.30156E+0	9.41406E-2	2.43597E-3	4.39371E-3
6.30508E+0	8.42773E-2	2.20342E-3	4.83922E-3
6.30864E+0	7.45605E-2	8.48571E-4	4.43598E-3
6.31299E+0	6.38184E-2	2.35351E-3	4.91991E-3
6.31885E+0	4.75098E-2	2.02338E-3	8.38162E-3
6.32661E+0	2.77832E-2	2.47277E-3	5.40684E-3
6.33511E+0	1.15723E-2	2.88287E-3	5.13077E-3
6.34033E+0	-1.80664E-3	2.45371E-3	4.08555E-3
6.34575E+0	-1.04492E-2	2.39359E-3	2.68969E-3
6.34766E+0	-1.50879E-2	6.94013E-4	2.78428E-3
6.34849E+0	-1.90430E-2	1.84338E-3	2.98506E-3
6.35220E+0	-2.17773E-2	1.25211E-3	2.63542E-3
6.35610E+0	-2.50977E-2	2.17869E-3	2.08435E-3
6.35776E+0	-2.74902E-2	1.25211E-3	2.36932E-3
6.36191E+0	-2.92969E-2	1.65402E-3	1.69998E-3
6.36626E+0	-3.02734E-2	1.92518E-3	2.08204E-3
6.36982E+0	-3.08594E-2	2.44584E-3	2.28919E-3
6.37476E+0	-3.12012E-2	2.44141E-3	2.39359E-3
6.37700E+0	-3.08105E-2	4.88281E-4	2.26964E-3
6.38027E+0	-3.05664E-2	2.28919E-3	2.15256E-3
6.38218E+0	-2.97852E-2	1.43159E-3	1.62760E-3
6.38623E+0	-2.96875E-2	1.47222E-3	1.92330E-3
6.38984E+0	-2.98340E-2	2.35556E-3	1.53548E-3
6.39160E+0	-3.03711E-2	0.00000E+0	2.03288E-3
6.39385E+0	-3.09570E-2	2.44584E-3	2.32468E-3
6.39648E+0	-3.14941E-2	0.00000E+0	2.44141E-3
6.39790E+0	-3.26660E-2	2.22680E-3	2.66043E-3
6.40151E+0	-3.52539E-2	1.46484E-3	2.73937E-3
6.40605E+0	-3.74512E-2	1.18593E-3	2.30753E-3
6.40996E+0	-4.08691E-2	2.09587E-3	2.36932E-3
6.41484E+0	-4.40430E-2	2.09587E-3	1.96051E-3
6.41606E+0	-4.79980E-2	4.88281E-4	1.96970E-3
6.41895E+0	-5.09277E-2	2.40413E-3	2.42954E-3
6.42090E+0	-5.37598E-2	0.00000E+0	1.29745E-3
6.42588E+0	-5.63965E-2	4.90643E-3	2.44141E-3
6.43062E+0	-6.02539E-2	1.09623E-3	2.52338E-3
6.43442E+0	-6.36719E-2	2.06520E-3	1.18593E-3
6.43623E+0	-6.77246E-2	1.70281E-3	1.65038E-3
6.44019E+0	-6.98242E-2	1.06955E-3	2.24886E-3
6.44263E+0	-7.45605E-2	2.44141E-3	2.38956E-3
6.44731E+0	-7.81250E-2	2.41363E-3	6.94013E-4
6.45015E+0	-8.12988E-2	4.88281E-4	2.34069E-3
6.45039E+0	-8.30078E-2	9.61652E-4	0.00000E+0
6.45352E+0	-8.32031E-2	2.28919E-3	9.61652E-4
6.45537E+0	-8.63770E-2	1.16545E-3	2.26964E-3
6.45913E+0	-8.78906E-2	1.84338E-3	0.00000E+0
6.46099E+0	-8.78906E-2	1.99883E-3	0.00000E+0
6.46621E+0	-8.79395E-2	2.20342E-3	4.88281E-4
6.47100E+0	-8.83789E-2	2.15256E-3	1.47222E-3
6.47534E+0	-8.93555E-2	1.75230E-3	2.24886E-3
6.47935E+0	-9.00879E-2	8.37142E-4	2.44141E-3
6.48096E+0	-9.08203E-2	2.24886E-3	2.40413E-3
6.48408E+0	-9.17969E-2	1.52367E-3	1.96296E-3
6.48662E+0	-9.21875E-2	2.44584E-3	1.59472E-3
6.48940E+0	-9.21875E-2	1.62093E-3	1.59472E-3
6.49473E+0	-9.23828E-2	2.11418E-3	1.33135E-3
6.49961E+0	-9.23340E-2	1.73919E-3	1.40441E-3
6.50605E+0	-9.24805E-2	2.62627E-3	1.16545E-3
6.51294E+0	-9.25781E-2	1.88473E-3	9.61652E-4
6.51895E+0	-9.21875E-2	2.91816E-3	1.59472E-3
6.52847E+0	-9.16504E-2	2.72836E-3	2.06520E-3
6.53545E+0	-9.16992E-2	2.54240E-3	2.03288E-3
6.53809E+0	-9.16992E-2	0.00000E+0	2.03288E-3
6.53809E+0	-9.18945E-2	0.00000E+0	1.88537E-3
6.53809E+0	-9.20898E-2	0.00000E+0	1.70281E-3
6.53809E+0	-9.23340E-2	0.00000E+0	1.40441E-3
6.53809E+0	-9.21875E-2	0.00000E+0	1.59472E-3
6.53809E+0	-9.22363E-2	0.00000E+0	1.53548E-3
6.53809E+0	-9.22363E-2	0.00000E+0	1.53548E-3
6.53809E+0	-9.24316E-2	0.00000E+0	1.25211E-3
6.53809E+0	-9.23340E-2	0.00000E+0	1.40441E-3
6.53809E+0	-9.22852E-2	0.00000E+0	1.47222E-3
6.53809E+0	-9.24805E-2	0.00000E+0	1.16545E-3
6.53809E+0	-9.23828E-2	0.00000E+0	1.33135E-3
6.53809E+0	-9.25781E-2	0.00000E+0	9.61652E-4
6.53809E+0	-9.24316E-2	0.00000E+0	1.25211E-3
6.53809E+0	-9.23828E-2	0.00000E+0	1.33135E-3
6.53809E+0	-9.23828E-2	0.00000E+0	1.33135E-3
6.53809E+0	-9.27246E-2	0.00000E+0	4.88281E-4
6.53809E+0	-9.24316E-2	0.00000E+0	1.25211E-3
6.53809E+0	-9.23340E-2	0.00000E+0	1.40441E-3
6.53809E+0	-9.24805E-2	0.00000E+0	1.16545E-3
6.53809E+0	-9.26758E-2	0.00000E+0	6.87038E-4
6.53809E+0	-9.26758E-2	0.00000E+0	6.87038E-4
6.53809E+0	-9.26270E-2	0.00000E+0	8.37142E-4
6.53809E+0	-9.26758E-2	0.00000E+0	6.87038E-4
6.53809E+0	-9.26758E-2	0.00000E+0	6.87038E-4
6.53809E+0	-9.23828E-2	0.00000E+0	1.33135E-3
6.53809E+0	-9.25781E-2	0.00000E+0	9.61652E-4
6.53809E+0	-9.27246E-2	0.00000E+0	4.88281E-4
6.53809E+0	-9.27246E-2	0.00000E+0	4.88281E-4
6.53809E+0	-9.26270E-2	0.00000E+0	8.37142E-4
6.53809E+0	-9.25781E-2	0.00000E+0	9.61652E-4
6.53809E+0	-9.27246E-2	0.00000E+0	4.88281E-4
6.53809E+0	-9.27246E-2	0.00000E+0	4.88281E-4
6.53809E+0	-9.26758E-2	0.00000E+0	6.87038E-4
6.53809E+0	-9.26758E-2	0.00000E+0	6.87038E-4
6.53809E+0	-9.27246E-2	0.00000E+0	4.88281E-4
6.53809E+0	-9.26758E-2	0.00000E+0	6.87038E-4
6.53809E+0	-9.25293E-2	0.00000E+0	1.06955E-3
6.53809E+0	-9.25781E-2	0.00000E+0	9.61652E-4
6.53809E+0	-9.26758E-2	0.00000E+0	6.87038E-4
6.53809E+0	-9.27246E-2	0.00000E+0	4.88281E-4
6.53809E+0	-9.26758E-2	0.00000E+0	6.87038E-4
6.53809E+0	-9.27734E-2	0.00000E+0	0.00000E+0
6.53809E+0	-9.26758E-2	0.00000E+0	6.87038E-4
6.53809E+0	-9.25781E-2	0.00000E+0	9.61652E-4
6.53809E+0	-9.26758E-2	0.00000E+0	6.87038E-4
6.53809E+0	-9.26270E-2	0.00000E+0	8.37142E-4
6.53809E+0	-9.25781E-2	0.00000E+0	9.61652E-4
6.53809E+0	-9.24805E-2	0.00000E+0	1.16545E-3
6.53809E+0	-9.24805E-2	0.00000E+0	1.16545E-3
6.53809E+0	-9.27246E-2	0.00000E+0	4.88281E-4
6.53809E+0	-9.27246E-2	0.00000E+0	4.88281E-4
6.53809E+0	-9.27734E-2	0.00000E+0	0.00000E+0
6.53809E+0	-9.26270E-2	0.00000E+0	8.37142E-4
6.53809E+0	-9.26758E-2	0.00000E+0	6.87038E-4
6.53809E+0	-9.25781E-2	0.00000E+0	9.61652E-4
6.53809E+0	-9.26270E-2	0.00000E+0	8.37142E-4
6.53809E+0	-9.25781E-2	0.00000E+0	9.61652E-4
6.53809E+0	-9.24805E-2	0.00000E+0	1.16545E-3
6.53809E+0	-9.27246E-2	0.00000E+0	4.88281E-4
6.53809E+0	-9.27246E-2	0.00000E+0	4.88281E-4
6.53809E+0	-9.27246E-2	0.00000E+0	4.88281E-4
6.53809E+0	-9.27246E-2	0.00000E+0	4.88281E-4
6.53809E+0	-9.27246E-2	0.00000E+0	4.88281E-4
6.53809E+0	-9.25781E-2	0.00000E+0	9.61652E-4
6.53867E+0	-9.25781E-2	1.59472E-3	9.61652E-4
6.54272E+0	-9.27246E-2	1.06955E-3	4.88281E-4
6.54575E+0	-9.26758E-2	2.42954E-3	6.87038E-4
6.55063E+0	-9.27246E-2	2.42954E-3	4.88281E-4
6.55498E+0	-9.27734E-2	2.44584E-3	0.00000E+0
6.55825E+0	-9.27734E-2	1.65038E-3	0.00000E+0
6.56338E+0	-9.27734E-2	2.23597E-3	0.00000E+0
6.56738E+0	-9.27734E-2	0.00000E+0	0.00000E+0
6.57114E+0	-9.27734E-2	2.06520E-3	0.00000E+0
6.57485E+0	-9.27734E-2	2.44928E-3	0.00000E+0
6.57769E+0	-9.27734E-2	1.53548E-3	0.00000E+0
6.58281E+0	-9.27734E-2	2.27230E-3	0.00000E+0
6.58916E+0	-9.27734E-2	2.44584E-3	0.00000E+0
6.59326E+0	-9.27734E-2	2.24886E-3	0.00000E+0
6.59829E+0	-9.27734E-2	2.50759E-3	0.00000E+0
6.60552E+0	-9.27734E-2	2.16093E-3	0.00000E+0
6.61128E+0	-9.27734E-2	2.45321E-3	0.00000E+0
6.62212E+0	-9.27734E-2	3.94398E-3	0.00000E+0
6.63145E+0	-9.28223E-2	1.73919E-3	4.88281E-4
6.63169E+0	-9.27734E-2	1.84338E-3	0.00000E+0
6.63135E+0	-9.27734E-2	1.47222E-3	0.00000E+0
6.63174E+0	-9.28223E-2	1.88537E-3	4.88281E-4
6.63174E+0	-9.27734E-2	1.88537E-3	0.00000E+0
6.63174E+0	-9.27734E-2	1.88537E-3	0.00000E+0
6.63169E+0	-9.28223E-2	1.84338E-3	4.88281E-4
6.63140E+0	-9.27734E-2	1.53548E-3	0.00000E+0
6.63120E+0	-9.27734E-2	1.25211E-3	0.00000E+0
6.63154E+0	-9.27734E-2	1.70281E-3	0.00000E+0
6.63198E+0	-9.27734E-2	2.06520E-3	0.00000E+0
6.63174E+0	-9.27734E-2	1.88537E-3	0.00000E+0
6.63198E+0	-9.28711E-2	2.06520E-3	6.87038E-4
6.63130E+0	-9.27734E-2	1.40441E-3	0.00000E+0
6.63135E+0	-9.27734E-2	1.47222E-3	0.00000E+0
6.63179E+0	-9.27734E-2	1.92518E-3	0.00000E+0
6.63120E+0	-9.27734E-2	1.25211E-3	0.00000E+0
6.63125E+0	-9.26758E-2	1.33135E-3	9.76562E-4
6.63174E+0	-9.07715E-2	1.88537E-3	2.41363E-3
6.63159E+0	-9.27734E-2	1.75230E-3	0.00000E+0
6.63159E+0	-9.28223E-2	1.75230E-3	4.88281E-4
6.63145E+0	-9.28223E-2	1.59472E-3	4.88281E-4
6.63125E+0	-9.27734E-2	1.33135E-3	0.00000E+0
6.63140E+0	-9.28223E-2	1.53548E-3	4.88281E-4
6.63130E+0	-9.28223E-2	1.40441E-3	4.88281E-4
6.63120E+0	-9.27734E-2	1.25211E-3	0.00000E+0
6.63154E+0	-9.27734E-2	1.70281E-3	0.00000E+0
6.63115E+0	-9.27734E-2	1.16545E-3	0.00000E+0
6.63169E+0	-9.27734E-2	1.84338E-3	0.00000E+0
6.63169E+0	-9.27734E-2	1.84338E-3	0.00000E+0
6.63184E+0	-9.28711E-2	1.96296E-3	6.87038E-4
6.63208E+0	-9.27734E-2	2.12497E-3	0.00000E+0
6.63232E+0	-9.28223E-2	2.24886E-3	4.88281E-4
6.63203E+0	-9.27734E-2	2.09587E-3	0.00000E+0
6.63193E+0	-9.27734E-2	2.03288E-3	0.00000E+0
6.63203E+0	-9.27734E-2	2.09587E-3	0.00000E+0
6.63169E+0	-9.28223E-2	1.84338E-3	4.88281E-4
6.63179E+0	-9.27734E-2	1.92518E-3	0.00000E+0
6.63188E+0	-9.27734E-2	1.99883E-3	0.00000E+0
6.63203E+0	-9.27734E-2	2.09587E-3	0.00000E+0
6.63188E+0	-9.28223E-2	1.99883E-3	4.88281E-4
