4.75083E+0	-9.29688E-2	8.37142E-4	9.61652E-4
4.75098E+0	-9.30664E-2	0.00000E+0	1.16545E-3
4.75098E+0	-9.29688E-2	0.00000E+0	9.61652E-4
4.75093E+0	-9.31152E-2	4.88281E-4	1.25211E-3
4.75098E+0	-9.29199E-2	0.00000E+0	8.37142E-4
4.75098E+0	-9.29688E-2	0.00000E+0	9.61652E-4
4.75098E+0	-9.30664E-2	0.00000E+0	1.16545E-3
4.75098E+0	-9.32129E-2	0.00000E+0	1.40441E-3
4.75098E+0	-9.28711E-2	0.00000E+0	6.87038E-4
4.75098E+0	-9.27734E-2	0.00000E+0	0.00000E+0
4.75093E+0	-9.30664E-2	4.88281E-4	1.16545E-3
4.75093E+0	-9.29688E-2	4.88281E-4	9.61652E-4
4.75093E+0	-9.30176E-2	4.88281E-4	1.06955E-3
4.75093E+0	-9.32617E-2	4.88281E-4	1.47222E-3
4.75098E+0	-9.31152E-2	0.00000E+0	1.25211E-3
4.75093E+0	-9.29688E-2	4.88281E-4	9.61652E-4
4.75098E+0	-9.27734E-2	0.00000E+0	0.00000E+0
4.75093E+0	-9.28711E-2	4.88281E-4	6.87038E-4
4.75098E+0	-9.30176E-2	0.00000E+0	1.06955E-3
4.75098E+0	-9.28711E-2	0.00000E+0	6.87038E-4
4.75083E+0	-9.29688E-2	8.37142E-4	9.61652E-4
4.75093E+0	-9.29688E-2	4.88281E-4	9.61652E-4
4.75093E+0	-9.30176E-2	4.88281E-4	1.06955E-3
4.75103E+0	-9.29688E-2	4.88281E-4	9.61652E-4
4.75396E+0	-9.30176E-2	2.39359E-3	1.06955E-3
4.75586E+0	-9.29199E-2	0.00000E+0	8.37142E-4
4.75737E+0	-9.28223E-2	2.26964E-3	4.88281E-4
4.76157E+0	-9.28711E-2	1.96970E-3	6.87038E-4
4.76543E+0	-9.29199E-2	9.61652E-4	8.37142E-4
4.76563E+0	-9.28711E-2	0.00000E+0	6.87038E-4
4.76592E+0	-9.30664E-2	1.16545E-3	1.16545E-3
4.76890E+0	-9.28711E-2	2.30753E-3	6.87038E-4
4.77046E+0	-9.28711E-2	4.88281E-4	6.87038E-4
4.77412E+0	-9.29199E-2	2.15256E-3	8.37142E-4
4.77539E+0	-9.30176E-2	0.00000E+0	1.06955E-3
4.77549E+0	-9.29688E-2	6.87038E-4	9.61652E-4
4.77808E+0	-9.29688E-2	2.44141E-3	9.61652E-4
4.78042E+0	-9.29199E-2	8.37142E-4	8.37142E-4
4.78374E+0	-9.29688E-2	2.22680E-3	9.61652E-4
4.78521E+0	-9.30176E-2	4.88281E-4	1.06955E-3
4.78745E+0	-9.29199E-2	2.44928E-3	8.37142E-4
4.79004E+0	-9.30664E-2	6.94013E-4	1.16545E-3
4.79116E+0	-9.29688E-2	2.06520E-3	9.61652E-4
4.79424E+0	-9.30176E-2	1.70281E-3	1.06955E-3
4.79492E+0	-9.28711E-2	0.00000E+0	6.87038E-4
4.79609E+0	-9.30176E-2	2.09587E-3	1.06955E-3
4.79785E+0	-9.30664E-2	2.40413E-3	1.16545E-3
4.79971E+0	-9.29199E-2	6.87038E-4	8.37142E-4
4.80264E+0	-9.31152E-2	2.42209E-3	1.25211E-3
4.80469E+0	-9.30176E-2	0.00000E+0	1.06955E-3
4.80518E+0	-9.29688E-2	1.47222E-3	9.61652E-4
4.80825E+0	-9.30664E-2	2.17869E-3	1.16545E-3
4.81108E+0	-9.29688E-2	2.26964E-3	9.61652E-4
4.81440E+0	-9.29688E-2	4.88281E-4	9.61652E-4
4.81445E+0	-9.31152E-2	0.00000E+0	1.25211E-3
4.81445E+0	-9.31641E-2	0.00000E+0	1.33135E-3
4.81445E+0	-9.31641E-2	0.00000E+0	1.33135E-3
4.81523E+0	-9.31641E-2	1.79909E-3	1.33135E-3
4.81733E+0	-9.30664E-2	2.41363E-3	1.16545E-3
4.81904E+0	-9.31152E-2	1.16545E-3	1.25211E-3
4.81943E+0	-9.32129E-2	6.87038E-4	1.40441E-3
4.82134E+0	-9.31152E-2	2.41363E-3	1.25211E-3
4.82358E+0	-9.28711E-2	1.65038E-3	6.87038E-4
4.82422E+0	-9.32129E-2	0.00000E+0	1.40441E-3
4.82422E+0	-9.29688E-2	0.00000E+0	9.61652E-4
4.82461E+0	-9.28711E-2	1.33135E-3	6.87038E-4
4.82573E+0	-9.31641E-2	2.26964E-3	1.33135E-3
4.82778E+0	-9.28711E-2	2.17869E-3	6.87038E-4
4.82876E+0	-9.28711E-2	1.25211E-3	6.87038E-4
4.82910E+0	-9.30664E-2	0.00000E+0	1.16545E-3
4.82920E+0	-9.29199E-2	6.87038E-4	8.37142E-4
4.82910E+0	-9.28711E-2	0.00000E+0	6.87038E-4
4.82925E+0	-9.30176E-2	8.37142E-4	1.06955E-3
4.82930E+0	-9.29688E-2	9.61652E-4	9.61652E-4
4.83003E+0	-9.31152E-2	1.92518E-3	1.25211E-3
4.83110E+0	-9.30176E-2	2.41363E-3	1.06955E-3
4.83364E+0	-9.29688E-2	1.25211E-3	9.61652E-4
4.83423E+0	-9.28711E-2	1.06955E-3	6.87038E-4
4.83628E+0	-9.27734E-2	2.44928E-3	0.00000E+0
4.83867E+0	-9.28711E-2	9.61652E-4	6.87038E-4
4.83862E+0	-9.27734E-2	1.06955E-3	0.00000E+0
4.83936E+0	-9.28711E-2	1.47222E-3	6.87038E-4
4.84243E+0	-9.28711E-2	2.17869E-3	6.87038E-4
4.84355E+0	-9.27734E-2	9.61652E-4	0.00000E+0
4.84375E+0	-9.28223E-2	0.00000E+0	4.88281E-4
4.84429E+0	-9.27734E-2	1.53548E-3	0.00000E+0
4.84785E+0	-9.27246E-2	1.79909E-3	4.88281E-4
4.84858E+0	-9.27734E-2	4.88281E-4	0.00000E+0
4.84858E+0	-9.27734E-2	4.88281E-4	0.00000E+0
4.84863E+0	-9.27734E-2	0.00000E+0	0.00000E+0
4.84912E+0	-9.27734E-2	1.47222E-3	0.00000E+0
4.85229E+0	-9.27734E-2	2.12497E-3	0.00000E+0
4.85347E+0	-9.27246E-2	4.88281E-4	4.88281E-4
4.85352E+0	-9.26758E-2	0.00000E+0	6.87038E-4
4.85361E+0	-9.27734E-2	6.87038E-4	0.00000E+0
4.85571E+0	-9.26758E-2	2.44141E-3	6.87038E-4
4.85830E+0	-9.23828E-2	6.87038E-4	1.33135E-3
4.85845E+0	-9.21387E-2	4.88281E-4	1.65038E-3
4.85840E+0	-9.20410E-2	0.00000E+0	1.75230E-3
4.85854E+0	-9.21875E-2	8.37142E-4	1.59472E-3
4.85840E+0	-9.21387E-2	0.00000E+0	1.65038E-3
4.85845E+0	-9.24805E-2	4.88281E-4	1.16545E-3
4.85845E+0	-9.21387E-2	4.88281E-4	1.65038E-3
4.85845E+0	-9.21875E-2	4.88281E-4	1.59472E-3
4.85845E+0	-9.23340E-2	4.88281E-4	1.40441E-3
4.85854E+0	-9.19434E-2	8.37142E-4	1.84338E-3
4.85854E+0	-9.20410E-2	8.37142E-4	1.75230E-3
4.85889E+0	-9.18457E-2	1.47222E-3	1.92518E-3
4.86162E+0	-9.00879E-2	2.32468E-3	2.44141E-3
4.86284E+0	-9.07227E-2	1.40441E-3	2.42209E-3
4.86274E+0	-9.14062E-2	1.53548E-3	2.20342E-3
4.86323E+0	-9.10156E-2	4.88281E-4	2.35556E-3
4.86328E+0	-9.07715E-2	0.00000E+0	2.41363E-3
4.86475E+0	-9.03320E-2	2.24886E-3	2.45371E-3
4.87227E+0	-8.90137E-2	4.84419E-3	2.06520E-3
4.87793E+0	-8.89160E-2	0.00000E+0	1.99883E-3
4.87920E+0	-8.88184E-2	2.15256E-3	1.92518E-3
4.88457E+0	-8.95996E-2	2.35556E-3	2.34069E-3
4.88770E+0	-8.91113E-2	0.00000E+0	2.12497E-3
4.88774E+0	-9.00391E-2	4.88281E-4	2.43597E-3
4.88799E+0	-8.96484E-2	1.16545E-3	2.35556E-3
4.88950E+0	-8.96484E-2	2.36932E-3	2.35556E-3
4.89253E+0	-8.86719E-2	4.88281E-4	1.79909E-3
4.89258E+0	-8.99902E-2	0.00000E+0	2.42954E-3
4.89263E+0	-9.12109E-2	4.88281E-4	2.28919E-3
4.89258E+0	-9.11621E-2	0.00000E+0	2.30753E-3
4.89263E+0	-9.16016E-2	4.88281E-4	2.09587E-3
4.89355E+0	-9.16016E-2	1.96296E-3	2.09587E-3
4.89722E+0	-9.21387E-2	1.06955E-3	1.65038E-3
4.89746E+0	-9.24805E-2	0.00000E+0	1.16545E-3
4.89746E+0	-9.22852E-2	0.00000E+0	1.47222E-3
4.89746E+0	-9.26758E-2	0.00000E+0	6.87038E-4
4.89746E+0	-9.26758E-2	0.00000E+0	6.87038E-4
4.89756E+0	-9.24805E-2	6.87038E-4	1.16545E-3
4.89756E+0	-9.26758E-2	6.87038E-4	6.87038E-4
4.90054E+0	-9.27246E-2	2.36932E-3	4.88281E-4
4.90464E+0	-9.27734E-2	2.44928E-3	0.00000E+0
4.90757E+0	-9.27734E-2	1.25211E-3	0.00000E+0
4.90776E+0	-9.27734E-2	1.53548E-3	0.00000E+0
4.90786E+0	-9.27734E-2	1.65038E-3	0.00000E+0
4.90762E+0	-9.28223E-2	1.33135E-3	4.88281E-4
4.90742E+0	-9.27734E-2	9.61652E-4	0.00000E+0
4.90981E+0	-9.27734E-2	2.44928E-3	0.00000E+0
4.91162E+0	-9.27734E-2	1.47222E-3	0.00000E+0
4.91138E+0	-9.27734E-2	1.75230E-3	0.00000E+0
4.91187E+0	-9.28711E-2	1.06955E-3	6.87038E-4
4.91567E+0	-9.27734E-2	2.17869E-3	0.00000E+0
4.91797E+0	-9.28223E-2	1.96296E-3	4.88281E-4
4.92388E+0	-9.27734E-2	2.51142E-3	0.00000E+0
4.92852E+0	-9.29199E-2	2.35556E-3	8.37142E-4
4.93164E+0	-9.28711E-2	0.00000E+0	6.87038E-4
4.93169E+0	-9.28711E-2	4.88281E-4	6.87038E-4
4.93164E+0	-9.29199E-2	0.00000E+0	8.37142E-4
4.93164E+0	-9.29199E-2	0.00000E+0	8.37142E-4
4.93286E+0	-9.29199E-2	2.12497E-3	8.37142E-4
4.93643E+0	-9.30176E-2	6.87038E-4	1.06955E-3
4.93643E+0	-9.30176E-2	6.87038E-4	1.06955E-3
4.93643E+0	-9.28223E-2	6.87038E-4	4.88281E-4
4.93638E+0	-9.29688E-2	8.37142E-4	9.61652E-4
4.93647E+0	-9.29688E-2	4.88281E-4	9.61652E-4
4.93647E+0	-9.28711E-2	4.88281E-4	6.87038E-4
4.93643E+0	-9.30176E-2	6.87038E-4	1.06955E-3
4.93647E+0	-9.28711E-2	4.88281E-4	6.87038E-4
4.93652E+0	-9.29688E-2	0.00000E+0	9.61652E-4
4.93706E+0	-9.29688E-2	1.53548E-3	9.61652E-4
4.94136E+0	-9.30664E-2	4.88281E-4	1.16545E-3
4.94419E+0	-9.29199E-2	2.42954E-3	8.37142E-4
4.94683E+0	-9.27734E-2	1.53548E-3	0.00000E+0
4.95093E+0	-9.27734E-2	1.06955E-3	0.00000E+0
4.95205E+0	-9.27246E-2	1.88537E-3	4.88281E-4
4.95186E+0	-9.25781E-2	1.70281E-3	9.61652E-4
4.95225E+0	-9.26270E-2	2.03288E-3	8.37142E-4
4.95210E+0	-9.27246E-2	1.92518E-3	4.88281E-4
4.95542E+0	-9.26758E-2	1.65038E-3	6.87038E-4
4.95605E+0	-9.06738E-2	0.00000E+0	2.42954E-3
4.95605E+0	-8.82813E-2	0.00000E+0	1.33135E-3
4.95605E+0	-8.82324E-2	0.00000E+0	1.25211E-3
4.95610E+0	-8.79883E-2	4.88281E-4	6.87038E-4
4.95879E+0	-8.77930E-2	2.43597E-3	6.87038E-4
4.96133E+0	-8.39355E-2	1.50138E-3	1.92518E-3
4.96216E+0	-7.97363E-2	2.12497E-3	2.30753E-3
4.96216E+0	-7.81250E-2	2.12497E-3	0.00000E+0
4.96284E+0	-7.81250E-2	2.39359E-3	0.00000E+0
4.96563E+0	-7.80273E-2	9.61652E-4	6.87038E-4
4.96577E+0	-7.81250E-2	4.88281E-4	6.94013E-4
4.96582E+0	-7.80762E-2	0.00000E+0	4.88281E-4
4.96577E+0	-7.67578E-2	4.88281E-4	2.20342E-3
4.96841E+0	-6.93359E-2	2.54571E-3	3.32837E-3
4.97275E+0	-5.53223E-2	2.42209E-3	5.24221E-3
4.97549E+0	-4.26270E-2	6.87038E-4	2.76344E-3
4.97549E+0	-3.93555E-2	6.87038E-4	2.17482E-3
4.97549E+0	-3.82324E-2	6.87038E-4	2.20069E-3
4.97529E+0	-4.19922E-2	1.16545E-3	2.40413E-3
4.97539E+0	-4.10645E-2	9.61652E-4	2.41363E-3
4.97559E+0	-3.87695E-2	0.00000E+0	3.01077E-3
4.97559E+0	-3.68164E-2	0.00000E+0	2.44584E-3
4.97603E+0	-2.75391E-2	1.40441E-3	6.07093E-3
4.98135E+0	-2.44141E-3	2.34120E-3	8.62644E-3
4.98525E+0	2.96387E-2	6.87038E-4	1.08687E-2
4.98569E+0	5.63477E-2	1.25211E-3	6.33873E-3
4.98589E+0	7.02637E-2	1.53548E-3	5.59079E-3
4.98633E+0	7.07520E-2	1.96296E-3	4.19261E-3
4.98999E+0	7.90039E-2	1.06955E-3	8.13447E-3
4.99023E+0	9.68262E-2	0.00000E+0	5.19607E-3
4.99028E+0	1.03223E-1	4.88281E-4	5.19444E-3
4.99028E+0	1.06885E-1	4.88281E-4	5.14202E-3
4.99189E+0	1.16943E-1	2.32468E-3	6.81318E-3
4.99512E+0	1.38623E-1	0.00000E+0	1.07716E-2
4.99551E+0	1.65332E-1	1.33135E-3	7.60316E-3
4.99585E+0	1.73047E-1	1.75230E-3	6.14191E-3
4.99912E+0	1.83936E-1	1.88537E-3	8.97010E-3
5.00200E+0	2.09766E-1	2.41363E-3	9.07327E-3
5.00435E+0	2.29443E-1	1.53548E-3	8.76478E-3
5.00488E+0	2.46729E-1	0.00000E+0	1.09173E-2
5.00488E+0	2.62061E-1	0.00000E+0	8.30078E-3
5.00488E+0	2.67529E-1	0.00000E+0	8.33668E-3
5.00488E+0	2.73584E-1	0.00000E+0	8.16623E-3
5.00605E+0	2.86572E-1	2.09587E-3	9.75810E-3
5.00981E+0	3.11768E-1	1.09623E-3	1.20482E-2
5.01191E+0	3.34033E-1	2.43597E-3	1.11711E-2
5.01382E+0	3.46826E-1	1.84338E-3	9.27111E-3
5.01465E+0	3.53125E-1	0.00000E+0	9.73797E-3
5.01465E+0	3.61328E-1	0.00000E+0	9.86377E-3
5.01475E+0	3.72803E-1	6.87038E-4	1.06022E-2
5.01689E+0	3.83740E-1	2.44584E-3	9.79259E-3
5.01763E+0	3.88379E-1	2.39359E-3	9.29614E-3
5.01768E+0	3.92334E-1	2.38199E-3	1.02792E-2
5.01934E+0	3.95459E-1	9.61652E-4	9.72844E-3
5.02056E+0	4.03516E-1	1.99883E-3	1.07632E-2
5.02456E+0	4.18555E-1	1.08741E-3	1.20423E-2
5.02773E+0	4.30225E-1	2.28919E-3	1.27005E-2
5.03237E+0	4.46045E-1	2.46887E-3	1.43138E-2
5.03838E+0	4.68848E-1	1.96542E-3	1.17159E-2
5.04038E+0	4.79883E-1	2.17869E-3	1.11276E-2
5.04204E+0	4.86035E-1	2.39359E-3	1.16838E-2
5.04390E+0	4.93066E-1	4.88281E-4	1.18792E-2
5.04443E+0	5.00098E-1	1.47222E-3	1.19640E-2
5.04917E+0	5.08740E-1	1.73573E-3	1.20745E-2
5.05317E+0	5.17480E-1	1.53548E-3	1.21399E-2
5.05410E+0	5.25488E-1	1.33135E-3	1.21755E-2
5.05796E+0	5.31641E-1	1.65038E-3	1.27457E-2
5.05889E+0	5.37012E-1	1.16545E-3	1.23951E-2
5.06157E+0	5.41699E-1	2.39359E-3	1.23725E-2
5.06328E+0	5.46387E-1	9.61652E-4	1.18288E-2
5.06689E+0	5.50635E-1	4.68137E-3	1.20578E-2
5.07329E+0	5.56006E-1	4.88281E-4	1.22716E-2
5.07329E+0	5.58545E-1	4.88281E-4	1.25671E-2
5.07334E+0	5.60156E-1	6.87038E-4	1.20223E-2
5.07324E+0	5.61914E-1	0.00000E+0	1.21933E-2
5.07324E+0	5.62988E-1	0.00000E+0	1.21303E-2
5.07324E+0	5.64307E-1	0.00000E+0	1.22441E-2
5.07524E+0	5.65771E-1	2.41363E-3	1.26770E-2
5.07788E+0	5.68408E-1	1.06955E-3	1.26664E-2
5.07822E+0	5.70752E-1	6.87038E-4	1.30189E-2
5.08228E+0	5.73877E-1	1.88473E-3	1.28805E-2
5.08579E+0	5.76953E-1	2.42954E-3	1.27729E-2
5.08784E+0	5.79395E-1	4.88281E-4	1.26497E-2
5.08794E+0	5.81738E-1	4.88281E-4	1.27408E-2
5.08901E+0	5.83398E-1	2.06520E-3	1.28810E-2
5.09219E+0	5.85596E-1	1.59472E-3	1.27074E-2
5.09277E+0	5.86572E-1	0.00000E+0	1.27339E-2
5.09282E+0	5.87744E-1	4.88281E-4	1.31433E-2
5.09409E+0	5.88818E-1	2.17869E-3	1.28176E-2
5.09722E+0	5.89844E-1	1.40441E-3	1.28345E-2
5.09766E+0	5.91064E-1	0.00000E+0	1.28977E-2
5.09868E+0	5.91650E-1	1.99883E-3	1.29477E-2
5.10244E+0	5.92187E-1	9.76562E-4	1.31145E-2
5.10420E+0	5.92773E-1	2.32468E-3	1.31680E-2
5.10640E+0	5.93359E-1	1.99883E-3	1.31401E-2
5.10718E+0	5.93799E-1	1.06955E-3	1.35091E-2
5.10742E+0	5.94141E-1	0.00000E+0	1.29630E-2
5.10747E+0	5.94678E-1	4.88281E-4	1.32281E-2
5.11006E+0	5.94531E-1	2.44584E-3	1.29860E-2
5.11245E+0	5.94434E-1	8.37142E-4	1.31610E-2
5.11348E+0	5.93652E-1	2.09587E-3	1.32260E-2
5.11387E+0	5.93896E-1	2.28919E-3	1.31982E-2
5.11416E+0	5.94336E-1	2.38199E-3	1.30961E-2
5.11479E+0	5.94336E-1	2.45321E-3	1.30777E-2
5.11694E+0	5.93066E-1	1.06955E-3	1.28237E-2
5.11772E+0	5.92432E-1	1.53548E-3	1.29477E-2
5.12158E+0	5.90918E-1	1.47222E-3	1.27966E-2
5.12383E+0	5.89160E-1	2.35556E-3	1.29693E-2
5.12720E+0	5.87012E-1	1.06955E-3	1.26375E-2
5.13120E+0	5.84766E-1	1.65038E-3	1.28555E-2
5.13540E+0	5.81396E-1	2.17869E-3	1.24971E-2
5.13672E+0	5.77881E-1	0.00000E+0	1.28790E-2
5.13672E+0	5.76172E-1	0.00000E+0	1.27970E-2
5.13672E+0	5.74951E-1	0.00000E+0	1.30278E-2
5.13672E+0	5.72461E-1	0.00000E+0	1.26478E-2
5.14028E+0	5.69043E-1	2.17869E-3	1.27672E-2
5.14160E+0	5.65527E-1	0.00000E+0	1.24028E-2
5.14160E+0	5.63623E-1	0.00000E+0	1.24392E-2
5.14160E+0	5.62500E-1	0.00000E+0	1.20806E-2
5.14253E+0	5.61182E-1	1.92518E-3	1.20657E-2
5.14458E+0	5.59082E-1	2.39359E-3	1.19705E-2
5.14492E+0	5.56934E-1	2.28919E-3	1.23530E-2
5.14624E+0	5.56348E-1	1.06955E-3	1.22552E-2
5.14648E+0	5.53857E-1	0.00000E+0	1.18848E-2
5.14712E+0	5.52002E-1	1.65038E-3	1.20482E-2
5.15049E+0	5.49902E-1	1.88537E-3	1.20363E-2
5.15137E+0	5.46973E-1	0.00000E+0	1.18792E-2
5.15142E+0	5.43457E-1	4.88281E-4	1.17266E-2
5.15298E+0	5.39404E-1	2.30753E-3	1.19696E-2
5.15352E+0	5.36523E-1	2.43597E-3	1.22249E-2
5.15361E+0	5.35352E-1	2.44584E-3	1.20311E-2
5.15332E+0	5.35352E-1	2.40413E-3	1.20110E-2
5.15303E+0	5.36279E-1	2.32468E-3	1.22007E-2
5.15361E+0	5.36230E-1	2.44584E-3	1.25188E-2
5.15352E+0	5.35693E-1	2.43597E-3	1.24979E-2
5.15386E+0	5.34326E-1	2.45321E-3	1.24198E-2
5.15566E+0	5.34814E-1	1.59472E-3	1.23459E-2
5.15586E+0	5.36133E-1	1.33135E-3	1.23175E-2
5.15576E+0	5.37695E-1	1.47222E-3	1.22446E-2
5.15571E+0	5.37109E-1	1.53548E-3	1.19805E-2
5.15576E+0	5.34619E-1	1.47222E-3	1.22094E-2
5.15586E+0	5.33057E-1	1.33135E-3	1.25318E-2
5.15581E+0	5.30762E-1	1.40441E-3	1.23077E-2
5.15586E+0	5.30078E-1	1.33135E-3	1.24791E-2
5.15586E+0	5.30420E-1	1.33135E-3	1.25433E-2
5.15596E+0	5.29736E-1	1.16545E-3	1.22684E-2
5.15654E+0	5.27734E-1	1.16545E-3	1.19942E-2
5.16289E+0	5.17578E-1	3.06625E-3	1.22194E-2
5.16836E+0	5.03516E-1	2.45174E-3	1.18243E-2
5.17075E+0	4.94385E-1	8.37142E-4	1.16622E-2
5.17090E+0	4.90479E-1	0.00000E+0	1.17445E-2
5.17090E+0	4.87695E-1	0.00000E+0	1.14308E-2
5.17173E+0	4.81348E-1	1.84338E-3	1.10210E-2
5.17559E+0	4.70557E-1	9.61652E-4	1.11184E-2
5.17822E+0	4.53516E-1	2.45371E-3	1.30998E-2
5.18262E+0	4.31543E-1	2.40413E-3	1.36842E-2
5.18623E+0	4.04346E-1	1.83881E-3	1.19139E-2
5.18979E+0	3.83545E-1	1.65038E-3	1.04880E-2
5.19067E+0	3.64258E-1	1.06955E-3	1.09073E-2
5.19463E+0	3.32861E-1	1.70281E-3	1.43084E-2
5.19722E+0	2.83447E-1	2.39359E-3	1.64874E-2
5.20249E+0	2.30176E-1	2.44928E-3	1.44585E-2
5.20366E+0	2.17188E-1	2.22680E-3	6.99130E-3
5.20366E+0	2.26123E-1	2.22680E-3	7.36749E-3
5.20352E+0	2.16943E-1	2.28919E-3	1.12390E-2
5.20371E+0	1.83691E-1	2.20342E-3	7.84511E-3
5.20352E+0	2.03076E-1	2.28919E-3	1.09534E-2
5.20366E+0	1.97607E-1	2.22680E-3	7.67990E-3
5.20366E+0	1.96875E-1	2.22680E-3	7.72446E-3
5.20381E+0	2.00195E-1	2.15256E-3	7.24571E-3
5.20308E+0	1.99561E-1	2.41363E-3	7.26744E-3
5.20322E+0	1.94189E-1	2.38199E-3	7.43776E-3
5.20361E+0	1.88916E-1	2.24886E-3	5.95781E-3
5.20435E+0	1.91699E-1	1.75230E-3	6.26997E-3
5.20381E+0	1.89746E-1	2.15256E-3	5.76574E-3
5.20396E+0	1.87646E-1	2.06520E-3	5.98040E-3
5.20391E+0	1.84473E-1	2.09587E-3	6.03352E-3
5.20474E+0	1.83398E-1	1.25211E-3	5.90197E-3
5.20508E+0	1.77979E-1	0.00000E+0	6.48726E-3
5.20508E+0	1.68945E-1	0.00000E+0	5.46466E-3
5.20518E+0	1.62891E-1	6.87038E-4	6.14975E-3
5.20869E+0	1.40527E-1	2.15256E-3	1.13101E-2
5.21245E+0	1.03906E-1	2.45321E-3	1.07758E-2
5.21611E+0	6.72363E-2	2.15256E-3	1.24894E-2
5.22231E+0	2.03613E-2	2.63862E-3	1.28543E-2
5.22920E+0	-1.86523E-2	1.35644E-3	8.28117E-3
5.23174E+0	-3.84766E-2	2.44584E-3	3.88151E-3
5.23267E+0	-4.51172E-2	2.34069E-3	2.31430E-3
5.23330E+0	-4.82910E-2	2.03288E-3	1.53548E-3
5.23423E+0	-5.20508E-2	8.37142E-4	2.61708E-3
5.23716E+0	-6.04004E-2	2.42954E-3	3.07683E-3
5.23999E+0	-6.71387E-2	1.75230E-3	2.12497E-3
5.23999E+0	-6.83594E-2	1.75230E-3	0.00000E+0
5.24009E+0	-6.90430E-2	1.84338E-3	1.70281E-3
5.24023E+0	-7.27539E-2	1.96296E-3	1.62760E-3
5.24268E+0	-7.45117E-2	2.24886E-3	2.15256E-3
5.24375E+0	-7.75391E-2	1.33135E-3	1.59472E-3
5.24536E+0	-7.81738E-2	2.12497E-3	4.88281E-4
5.24961E+0	-8.22754E-2	1.73919E-3	1.75230E-3
5.25347E+0	-8.30078E-2	1.40441E-3	0.00000E+0
5.25391E+0	-8.34473E-2	0.00000E+0	1.40441E-3
5.25576E+0	-8.51563E-2	3.85036E-3	2.43597E-3
5.25771E+0	-8.71582E-2	4.78718E-3	1.75230E-3
5.26328E+0	-8.78906E-2	1.92330E-3	0.00000E+0
5.26729E+0	-8.78906E-2	2.15256E-3	0.00000E+0
5.26855E+0	-8.78906E-2	0.00000E+0	0.00000E+0
5.27012E+0	-8.78906E-2	2.28919E-3	0.00000E+0
5.27290E+0	-8.78906E-2	1.68504E-3	0.00000E+0
5.27627E+0	-8.79883E-2	2.42209E-3	6.87038E-4
5.27832E+0	-8.82324E-2	0.00000E+0	1.25211E-3
5.27842E+0	-8.86230E-2	6.87038E-4	1.75230E-3
5.27837E+0	-8.94531E-2	4.88281E-4	2.28919E-3
5.27856E+0	-9.08691E-2	1.06955E-3	2.39359E-3
5.27993E+0	-9.16992E-2	2.30753E-3	2.03288E-3
5.28208E+0	-9.16992E-2	2.06520E-3	2.03288E-3
5.28403E+0	-9.21387E-2	1.84338E-3	1.65038E-3
5.28750E+0	-9.25293E-2	1.59472E-3	1.06955E-3
5.28833E+0	-9.27246E-2	1.06955E-3	4.88281E-4
5.29224E+0	-9.27734E-2	1.75230E-3	0.00000E+0
5.29312E+0	-9.27246E-2	8.37142E-4	4.88281E-4
5.29448E+0	-9.27734E-2	2.26964E-3	0.00000E+0
5.29595E+0	-9.27734E-2	2.39359E-3	0.00000E+0
5.29761E+0	-9.27734E-2	1.06955E-3	0.00000E+0
5.29785E+0	-9.27734E-2	0.00000E+0	0.00000E+0
5.29785E+0	-9.27734E-2	0.00000E+0	0.00000E+0
5.29785E+0	-9.27734E-2	0.00000E+0	0.00000E+0
5.29839E+0	-9.27246E-2	1.53548E-3	4.88281E-4
5.29858E+0	-9.27734E-2	1.75230E-3	0.00000E+0
5.29951E+0	-9.27734E-2	2.32468E-3	0.00000E+0
5.30234E+0	-9.27734E-2	1.33135E-3	0.00000E+0
5.30459E+0	-9.27734E-2	2.38199E-3	0.00000E+0
5.30781E+0	-9.27734E-2	9.61652E-4	0.00000E+0
5.31060E+0	-9.27734E-2	2.39359E-3	0.00000E+0
5.31191E+0	-9.27734E-2	1.59472E-3	0.00000E+0
5.31226E+0	-9.27734E-2	1.06955E-3	0.00000E+0
5.31245E+0	-9.27734E-2	4.88281E-4	0.00000E+0
5.31294E+0	-9.27734E-2	1.40441E-3	0.00000E+0
5.31670E+0	-9.27734E-2	1.70281E-3	0.00000E+0
5.31738E+0	-9.27734E-2	0.00000E+0	0.00000E+0
5.31738E+0	-9.27734E-2	0.00000E+0	0.00000E+0
5.31738E+0	-9.27734E-2	0.00000E+0	0.00000E+0
5.31763E+0	-9.27734E-2	1.06955E-3	0.00000E+0
5.32109E+0	-9.27734E-2	2.09587E-3	0.00000E+0
5.32266E+0	-9.28223E-2	1.33135E-3	4.88281E-4
5.32573E+0	-9.28223E-2	2.22680E-3	4.88281E-4
5.32710E+0	-9.27734E-2	4.88281E-4	0.00000E+0
5.32720E+0	-9.27734E-2	4.88281E-4	0.00000E+0
5.32720E+0	-9.27246E-2	4.88281E-4	4.88281E-4
5.32720E+0	-9.27734E-2	4.88281E-4	0.00000E+0
5.32734E+0	-9.27734E-2	9.61652E-4	0.00000E+0
5.32734E+0	-9.27734E-2	9.61652E-4	0.00000E+0
5.32769E+0	-9.27734E-2	1.53548E-3	0.00000E+0
5.33047E+0	-9.27246E-2	2.28919E-3	4.88281E-4
5.33203E+0	-9.27734E-2	0.00000E+0	0.00000E+0
5.33218E+0	-9.27734E-2	8.37142E-4	0.00000E+0
5.33281E+0	-9.27734E-2	1.79909E-3	0.00000E+0
5.33262E+0	-9.27734E-2	1.59472E-3	0.00000E+0
5.33232E+0	-9.27246E-2	1.16545E-3	4.88281E-4
5.33262E+0	-9.27734E-2	1.59472E-3	0.00000E+0
5.33271E+0	-9.27734E-2	1.70281E-3	0.00000E+0
5.33423E+0	-9.27734E-2	2.44141E-3	0.00000E+0
5.33677E+0	-9.26270E-2	8.37142E-4	8.37142E-4
5.33872E+0	-9.26758E-2	2.36932E-3	6.87038E-4
5.34146E+0	-9.25781E-2	1.25211E-3	9.61652E-4
5.34355E+0	-9.26270E-2	2.35556E-3	8.37142E-4
5.34854E+0	-9.24805E-2	2.38199E-3	1.16545E-3
5.35225E+0	-9.21387E-2	1.70281E-3	1.65038E-3
5.35532E+0	-9.23828E-2	2.06520E-3	1.33135E-3
5.35518E+0	-9.23828E-2	2.15256E-3	1.33135E-3
5.35566E+0	-9.24805E-2	1.79909E-3	1.16545E-3
5.35630E+0	-9.23828E-2	8.37142E-4	1.33135E-3
5.35645E+0	-9.22363E-2	0.00000E+0	1.53548E-3
5.35654E+0	-9.21387E-2	6.87038E-4	1.65038E-3
5.35654E+0	-9.20898E-2	6.87038E-4	1.70281E-3
5.35913E+0	-9.22363E-2	2.44141E-3	1.53548E-3
5.36128E+0	-9.24316E-2	1.09623E-3	1.25211E-3
5.36230E+0	-9.23340E-2	1.96296E-3	1.40441E-3
5.36274E+0	-9.24316E-2	2.22680E-3	1.25211E-3
5.36348E+0	-9.24805E-2	2.43597E-3	1.16545E-3
5.36387E+0	-9.25293E-2	2.45174E-3	1.06955E-3
5.36538E+0	-9.22363E-2	1.84338E-3	1.53548E-3
5.36616E+0	-9.24805E-2	4.88281E-4	1.16545E-3
5.36621E+0	-9.24316E-2	0.00000E+0	1.25211E-3
5.37021E+0	-9.24316E-2	2.72173E-3	1.25211E-3
5.37573E+0	-9.27246E-2	1.06955E-3	4.88281E-4
5.37598E+0	-9.27734E-2	0.00000E+0	0.00000E+0
5.37598E+0	-9.27734E-2	0.00000E+0	0.00000E+0
5.37598E+0	-9.26270E-2	0.00000E+0	8.37142E-4
5.37598E+0	-9.27246E-2	0.00000E+0	4.88281E-4
5.37598E+0	-9.27734E-2	0.00000E+0	0.00000E+0
5.37598E+0	-9.27734E-2	0.00000E+0	0.00000E+0
5.37710E+0	-9.27734E-2	2.06520E-3	0.00000E+0
5.37861E+0	-9.27246E-2	2.44584E-3	4.88281E-4
5.37905E+0	-9.27734E-2	2.36932E-3	0.00000E+0
5.37910E+0	-9.27734E-2	2.35556E-3	0.00000E+0
5.38066E+0	-9.27734E-2	9.61652E-4	0.00000E+0
5.38359E+0	-9.27734E-2	2.43597E-3	0.00000E+0
5.38574E+0	-9.27734E-2	0.00000E+0	0.00000E+0
5.38579E+0	-9.27734E-2	4.88281E-4	0.00000E+0
5.38755E+0	-9.27734E-2	2.36932E-3	0.00000E+0
5.39048E+0	-9.27734E-2	8.37142E-4	0.00000E+0
5.39063E+0	-9.27734E-2	0.00000E+0	0.00000E+0
5.39063E+0	-9.27734E-2	0.00000E+0	0.00000E+0
5.39063E+0	-9.27734E-2	0.00000E+0	0.00000E+0
5.39209E+0	-9.28223E-2	2.24886E-3	4.88281E-4
5.39541E+0	-9.28711E-2	6.87038E-4	6.87038E-4
5.39551E+0	-9.27734E-2	0.00000E+0	0.00000E+0
5.39551E+0	-9.28223E-2	0.00000E+0	4.88281E-4
5.39551E+0	-9.28223E-2	0.00000E+0	4.88281E-4
5.39766E+0	-9.27734E-2	2.43597E-3	0.00000E+0
5.40010E+0	-9.27734E-2	1.16545E-3	0.00000E+0
5.40083E+0	-9.28711E-2	1.40441E-3	6.87038E-4
5.40127E+0	-9.27734E-2	1.88537E-3	0.00000E+0
5.40376E+0	-9.28711E-2	2.26964E-3	6.87038E-4
5.40493E+0	-9.29199E-2	1.25211E-3	8.37142E-4
5.40503E+0	-9.28711E-2	1.06955E-3	6.87038E-4
5.40522E+0	-9.28223E-2	4.88281E-4	4.88281E-4
5.40640E+0	-9.29688E-2	2.06520E-3	9.61652E-4
5.41279E+0	-9.28711E-2	2.44584E-3	6.87038E-4
5.41851E+0	-9.29688E-2	2.22680E-3	9.61652E-4
5.42065E+0	-9.29688E-2	1.75230E-3	9.61652E-4
5.42124E+0	-9.28223E-2	2.17869E-3	4.88281E-4
5.42178E+0	-9.27734E-2	2.38199E-3	0.00000E+0
5.42422E+0	-9.30176E-2	1.59472E-3	1.06955E-3
5.42480E+0	-9.29199E-2	0.00000E+0	8.37142E-4
5.42480E+0	-9.29688E-2	0.00000E+0	9.61652E-4
5.42485E+0	-9.29199E-2	4.88281E-4	8.37142E-4
5.42520E+0	-9.30664E-2	1.33135E-3	1.16545E-3
5.42695E+0	-9.29688E-2	2.43597E-3	9.61652E-4
5.43032E+0	-9.29688E-2	1.65038E-3	9.61652E-4
5.43291E+0	-9.29688E-2	2.32468E-3	9.61652E-4
5.43350E+0	-9.30176E-2	2.03288E-3	1.06955E-3
5.43452E+0	-9.29688E-2	4.88281E-4	9.61652E-4
5.43706E+0	-9.29199E-2	2.45321E-3	8.37142E-4
5.43960E+0	-9.30664E-2	8.37142E-4	1.16545E-3
5.43955E+0	-9.27734E-2	6.87038E-4	0.00000E+0
5.43965E+0	-9.28711E-2	9.61652E-4	6.87038E-4
5.43960E+0	-9.31641E-2	8.37142E-4	1.33135E-3
5.43965E+0	-9.27734E-2	9.61652E-4	0.00000E+0
5.44053E+0	-9.29688E-2	2.03288E-3	9.61652E-4
5.44419E+0	-9.29688E-2	8.37142E-4	9.61652E-4
5.44443E+0	-9.29688E-2	6.87038E-4	9.61652E-4
5.44443E+0	-9.29199E-2	6.87038E-4	8.37142E-4
5.44541E+0	-9.29688E-2	2.03288E-3	9.61652E-4
5.44858E+0	-9.29688E-2	2.04174E-3	9.61652E-4
5.45049E+0	-9.29688E-2	3.30076E-3	9.61652E-4
5.45566E+0	-9.28711E-2	4.64937E-3	6.87038E-4
5.45771E+0	-9.29199E-2	3.30076E-3	8.37142E-4
5.45898E+0	-9.29199E-2	0.00000E+0	8.37142E-4
5.45898E+0	-9.29199E-2	0.00000E+0	8.37142E-4
5.45933E+0	-9.29688E-2	1.25211E-3	9.61652E-4
5.45937E+0	-9.29199E-2	1.33135E-3	8.37142E-4
5.45957E+0	-9.29688E-2	1.59472E-3	9.61652E-4
5.45933E+0	-9.28711E-2	1.25211E-3	6.87038E-4
5.45933E+0	-9.29199E-2	1.25211E-3	8.37142E-4
5.46074E+0	-9.28711E-2	2.35556E-3	6.87038E-4
5.46299E+0	-9.29688E-2	1.88537E-3	9.61652E-4
5.46362E+0	-9.29199E-2	1.27498E-3	8.37142E-4
5.46421E+0	-9.28711E-2	1.25211E-3	6.87038E-4
5.46528E+0	-9.29199E-2	2.22680E-3	8.37142E-4
5.46587E+0	-9.28711E-2	2.41363E-3	6.87038E-4
5.46797E+0	-9.30664E-2	1.79909E-3	1.16545E-3
5.47266E+0	-9.28711E-2	1.96296E-3	6.87038E-4
5.47412E+0	-9.27734E-2	1.47222E-3	0.00000E+0
5.47661E+0	-9.27734E-2	2.39359E-3	0.00000E+0
5.47852E+0	-9.27734E-2	0.00000E+0	0.00000E+0
5.47852E+0	-9.28223E-2	0.00000E+0	4.88281E-4
5.48164E+0	-9.27734E-2	2.35556E-3	0.00000E+0
5.48364E+0	-9.27734E-2	1.06955E-3	0.00000E+0
5.48696E+0	-9.28223E-2	2.17869E-3	4.88281E-4
5.48828E+0	-9.27734E-2	0.00000E+0	0.00000E+0
5.48823E+0	-9.28223E-2	4.88281E-4	4.88281E-4
5.48828E+0	-9.27734E-2	0.00000E+0	0.00000E+0
5.48828E+0	-9.27734E-2	0.00000E+0	0.00000E+0
5.48862E+0	-9.27734E-2	1.25211E-3	0.00000E+0
5.49160E+0	-9.28223E-2	2.28919E-3	4.88281E-4
5.49565E+0	-9.27734E-2	2.45321E-3	0.00000E+0
5.49805E+0	-9.28223E-2	0.00000E+0	4.88281E-4
5.50098E+0	-9.28711E-2	2.40413E-3	6.87038E-4
5.50327E+0	-9.28711E-2	1.25211E-3	6.87038E-4
5.50762E+0	-9.30176E-2	1.18593E-3	1.06955E-3
5.51162E+0	-9.29199E-2	2.03288E-3	8.37142E-4
5.51479E+0	-9.28711E-2	2.42954E-3	6.87038E-4
5.51768E+0	-9.27734E-2	6.87038E-4	0.00000E+0
5.52148E+0	-9.29199E-2	2.08204E-3	8.37142E-4
5.52544E+0	-9.30176E-2	2.39359E-3	1.06955E-3
5.52734E+0	-9.28223E-2	0.00000E+0	4.88281E-4
5.52734E+0	-9.29688E-2	0.00000E+0	9.61652E-4
5.52734E+0	-9.28223E-2	0.00000E+0	4.88281E-4
5.52749E+0	-9.29199E-2	8.37142E-4	8.37142E-4
5.53076E+0	-9.29199E-2	2.24886E-3	8.37142E-4
5.53223E+0	-9.28223E-2	0.00000E+0	4.88281E-4
5.53320E+0	-9.29199E-2	1.96296E-3	8.37142E-4
5.53667E+0	-9.27734E-2	1.40441E-3	0.00000E+0
5.53711E+0	-9.29199E-2	0.00000E+0	8.37142E-4
5.53794E+0	-9.30664E-2	1.84338E-3	1.16545E-3
5.53882E+0	-9.27734E-2	2.34069E-3	0.00000E+0
5.53921E+0	-9.28711E-2	2.42954E-3	6.87038E-4
5.54087E+0	-9.29199E-2	2.06520E-3	8.37142E-4
5.54126E+0	-9.29199E-2	1.75230E-3	8.37142E-4
5.54219E+0	-9.29688E-2	1.18593E-3	9.61652E-4
5.54766E+0	-9.30176E-2	2.27230E-3	1.06955E-3
5.55322E+0	-9.28711E-2	2.24886E-3	6.87038E-4
5.55713E+0	-9.30176E-2	1.47222E-3	1.06955E-3
5.56152E+0	-9.30176E-2	6.94013E-4	1.06955E-3
5.56250E+0	-9.28223E-2	1.96296E-3	4.88281E-4
5.56572E+0	-9.28223E-2	1.70281E-3	4.88281E-4
5.56646E+0	-9.29688E-2	4.88281E-4	9.61652E-4
5.56738E+0	-9.28223E-2	1.96296E-3	4.88281E-4
5.57070E+0	-9.28223E-2	1.59472E-3	4.88281E-4
5.57178E+0	-9.28711E-2	1.47222E-3	6.87038E-4
5.57490E+0	-9.30176E-2	2.15256E-3	1.06955E-3
5.57617E+0	-9.29688E-2	0.00000E+0	9.61652E-4
5.57769E+0	-9.29199E-2	2.26964E-3	8.37142E-4
5.58159E+0	-9.29199E-2	1.53548E-3	8.37142E-4
5.58560E+0	-9.28711E-2	1.25211E-3	6.87038E-4
5.58931E+0	-9.30176E-2	2.26964E-3	1.06955E-3
5.59214E+0	-9.29688E-2	2.17869E-3	9.61652E-4
5.59565E+0	-9.28711E-2	4.88281E-4	6.87038E-4
5.59570E+0	-9.31152E-2	0.00000E+0	1.25211E-3
5.59570E+0	-9.29199E-2	0.00000E+0	8.37142E-4
5.59687E+0	-9.29199E-2	2.09587E-3	8.37142E-4
5.60068E+0	-9.28223E-2	9.76562E-4	4.88281E-4
5.60151E+0	-9.28711E-2	1.92518E-3	6.87038E-4
5.60439E+0	-9.30176E-2	2.03288E-3	1.06955E-3
5.60547E+0	-9.29688E-2	0.00000E+0	9.61652E-4
5.60625E+0	-9.29199E-2	1.79909E-3	8.37142E-4
5.61021E+0	-9.29199E-2	1.29001E-3	8.37142E-4
5.61279E+0	-9.30176E-2	2.45371E-3	1.06955E-3
5.61519E+0	-9.28711E-2	4.88281E-4	6.87038E-4
5.61523E+0	-9.29199E-2	0.00000E+0	8.37142E-4
5.61533E+0	-9.29688E-2	6.87038E-4	9.61652E-4
5.61826E+0	-9.29199E-2	2.38199E-3	8.37142E-4
5.62017E+0	-9.29688E-2	4.88281E-4	9.61652E-4
5.62109E+0	-9.30176E-2	1.96296E-3	1.06955E-3
5.62363E+0	-9.28711E-2	2.20342E-3	6.87038E-4
5.62485E+0	-9.29199E-2	8.37142E-4	8.37142E-4
5.62812E+0	-9.30664E-2	2.35556E-3	1.16545E-3
5.63140E+0	-9.28711E-2	2.26964E-3	6.87038E-4
5.63477E+0	-9.31152E-2	0.00000E+0	1.25211E-3
5.63481E+0	-9.29199E-2	4.88281E-4	8.37142E-4
5.63501E+0	-9.27734E-2	1.06955E-3	0.00000E+0
5.63857E+0	-9.30664E-2	2.03288E-3	1.16545E-3
5.64023E+0	-9.29688E-2	1.59472E-3	9.61652E-4
5.64238E+0	-9.28711E-2	2.43597E-3	6.87038E-4
5.64438E+0	-9.32129E-2	8.37142E-4	1.40441E-3
5.64922E+0	-9.29199E-2	4.90348E-3	8.37142E-4
5.65518E+0	-9.29688E-2	1.88537E-3	9.61652E-4
5.65879E+0	-9.28711E-2	1.33135E-3	6.87038E-4
5.65918E+0	-9.28711E-2	0.00000E+0	6.87038E-4
5.65928E+0	-9.29688E-2	6.87038E-4	9.61652E-4
5.66304E+0	-9.29199E-2	1.99883E-3	8.37142E-4
5.66548E+0	-9.30176E-2	2.22680E-3	1.06955E-3
5.66895E+0	-9.29199E-2	6.94013E-4	8.37142E-4
5.67231E+0	-9.29199E-2	2.26964E-3	8.37142E-4
5.67393E+0	-9.29199E-2	6.87038E-4	8.37142E-4
5.67627E+0	-9.30176E-2	2.45371E-3	1.06955E-3
5.67871E+0	-9.30176E-2	0.00000E+0	1.06955E-3
5.67988E+0	-9.29199E-2	2.09587E-3	8.37142E-4
5.68242E+0	-9.27734E-2	2.09587E-3	0.00000E+0
5.68242E+0	-9.28711E-2	2.09587E-3	6.87038E-4
5.68315E+0	-9.29688E-2	1.40441E-3	9.61652E-4
5.68306E+0	-9.29199E-2	1.53548E-3	8.37142E-4
5.68315E+0	-9.29199E-2	1.40441E-3	8.37142E-4
5.68320E+0	-9.30664E-2	1.33135E-3	1.16545E-3
5.68320E+0	-9.28223E-2	1.33135E-3	4.88281E-4
5.68320E+0	-9.30664E-2	1.33135E-3	1.16545E-3
5.68306E+0	-9.28711E-2	1.53548E-3	6.87038E-4
5.68320E+0	-9.30176E-2	1.33135E-3	1.06955E-3
5.68335E+0	-9.28711E-2	1.06955E-3	6.87038E-4
5.68330E+0	-9.28223E-2	1.16545E-3	4.88281E-4
5.68315E+0	-9.29199E-2	1.40441E-3	8.37142E-4
5.68345E+0	-9.30176E-2	8.37142E-4	1.06955E-3
5.68350E+0	-9.28223E-2	9.76562E-4	4.88281E-4
5.68350E+0	-9.28711E-2	6.87038E-4	6.87038E-4
5.68335E+0	-9.30664E-2	1.06955E-3	1.16545E-3
5.68330E+0	-9.28223E-2	1.16545E-3	4.88281E-4
5.68335E+0	-9.28711E-2	1.06955E-3	6.87038E-4
5.68335E+0	-9.30176E-2	1.06955E-3	1.06955E-3
5.68335E+0	-9.29199E-2	1.06955E-3	8.37142E-4
5.68335E+0	-9.28711E-2	1.06955E-3	6.87038E-4
5.68345E+0	-9.29199E-2	8.37142E-4	8.37142E-4
5.68325E+0	-9.29199E-2	1.25211E-3	8.37142E-4
5.68345E+0	-9.29688E-2	8.37142E-4	9.61652E-4
5.68345E+0	-9.29688E-2	8.37142E-4	9.61652E-4
5.68320E+0	-9.30664E-2	1.33135E-3	1.16545E-3
5.68315E+0	-9.29688E-2	1.40441E-3	9.61652E-4
5.68325E+0	-9.27734E-2	1.25211E-3	0.00000E+0
5.68345E+0	-9.29199E-2	8.37142E-4	8.37142E-4
5.68320E+0	-9.29688E-2	1.33135E-3	9.61652E-4
