4.75098E+0	-9.27734E-2	0.00000E+0	0.00000E+0
4.75098E+0	-9.28223E-2	0.00000E+0	4.88281E-4
4.75098E+0	-9.28711E-2	0.00000E+0	6.87038E-4
4.75098E+0	-9.28223E-2	0.00000E+0	4.88281E-4
4.75098E+0	-9.28711E-2	0.00000E+0	6.87038E-4
4.75098E+0	-9.29199E-2	0.00000E+0	8.37142E-4
4.75098E+0	-9.28223E-2	0.00000E+0	4.88281E-4
4.75098E+0	-9.28711E-2	0.00000E+0	6.87038E-4
4.75098E+0	-9.28223E-2	0.00000E+0	4.88281E-4
4.75098E+0	-9.27734E-2	0.00000E+0	0.00000E+0
4.75098E+0	-9.29688E-2	0.00000E+0	9.61652E-4
4.75098E+0	-9.28223E-2	0.00000E+0	4.88281E-4
4.75098E+0	-9.28711E-2	0.00000E+0	6.87038E-4
4.75098E+0	-9.29199E-2	0.00000E+0	8.37142E-4
4.75098E+0	-9.30176E-2	0.00000E+0	1.06955E-3
4.75098E+0	-9.28711E-2	0.00000E+0	6.87038E-4
4.75098E+0	-9.28711E-2	0.00000E+0	6.87038E-4
4.75098E+0	-9.30176E-2	0.00000E+0	1.06955E-3
4.75093E+0	-9.29199E-2	4.88281E-4	8.37142E-4
4.75098E+0	-9.28223E-2	0.00000E+0	4.88281E-4
4.75142E+0	-9.28223E-2	1.40441E-3	4.88281E-4
4.75522E+0	-9.28223E-2	1.65038E-3	4.88281E-4
4.75762E+0	-9.28223E-2	2.35556E-3	4.88281E-4
4.76680E+0	-9.27734E-2	3.26407E-3	0.00000E+0
4.77495E+0	-9.28223E-2	1.40441E-3	4.88281E-4
4.77539E+0	-9.27734E-2	0.00000E+0	0.00000E+0
4.77861E+0	-9.27734E-2	2.87994E-3	0.00000E+0
4.78691E+0	-9.27734E-2	2.90492E-3	0.00000E+0
4.79258E+0	-9.28223E-2	2.45174E-3	4.88281E-4
4.79487E+0	-9.29199E-2	4.88281E-4	8.37142E-4
4.79492E+0	-9.28223E-2	0.00000E+0	4.88281E-4
4.79492E+0	-9.28223E-2	0.00000E+0	4.88281E-4
4.79492E+0	-9.28223E-2	0.00000E+0	4.88281E-4
4.79492E+0	-9.29199E-2	0.00000E+0	8.37142E-4
4.79492E+0	-9.28711E-2	0.00000E+0	6.87038E-4
4.79521E+0	-9.29199E-2	1.16545E-3	8.37142E-4
4.79902E+0	-9.28223E-2	1.79909E-3	4.88281E-4
4.80029E+0	-9.28711E-2	1.47222E-3	6.87038E-4
4.80449E+0	-9.28711E-2	1.18593E-3	6.87038E-4
4.81128E+0	-9.27734E-2	3.20864E-3	0.00000E+0
4.81562E+0	-9.28711E-2	2.09587E-3	6.87038E-4
4.81934E+0	-9.27734E-2	0.00000E+0	0.00000E+0
4.81948E+0	-9.28711E-2	8.37142E-4	6.87038E-4
4.82017E+0	-9.28711E-2	1.84338E-3	6.87038E-4
4.82451E+0	-9.28223E-2	1.67428E-3	4.88281E-4
4.82886E+0	-9.28223E-2	1.06955E-3	4.88281E-4
4.82905E+0	-9.28711E-2	4.88281E-4	6.87038E-4
4.82910E+0	-9.27734E-2	0.00000E+0	0.00000E+0
4.83081E+0	-9.28711E-2	2.34069E-3	6.87038E-4
4.83232E+0	-9.28711E-2	2.32468E-3	6.87038E-4
4.83228E+0	-9.28711E-2	2.34069E-3	6.87038E-4
4.83203E+0	-9.28223E-2	2.40413E-3	4.88281E-4
4.83213E+0	-9.28711E-2	2.38199E-3	6.87038E-4
4.83198E+0	-9.28223E-2	2.41363E-3	4.88281E-4
4.83237E+0	-9.28711E-2	2.30753E-3	6.87038E-4
4.83286E+0	-9.28711E-2	2.06520E-3	6.87038E-4
4.83374E+0	-9.28711E-2	1.06955E-3	6.87038E-4
4.83359E+0	-9.28711E-2	1.33135E-3	6.87038E-4
4.83403E+0	-9.29688E-2	8.48571E-4	9.61652E-4
4.83667E+0	-9.29199E-2	2.44141E-3	8.37142E-4
4.83701E+0	-9.28223E-2	2.38199E-3	4.88281E-4
4.83711E+0	-9.28711E-2	2.35556E-3	6.87038E-4
4.83691E+0	-9.27734E-2	2.40413E-3	0.00000E+0
4.83716E+0	-9.28711E-2	2.34069E-3	6.87038E-4
4.83721E+0	-9.28711E-2	2.32468E-3	6.87038E-4
4.83735E+0	-9.28223E-2	2.26964E-3	4.88281E-4
4.83726E+0	-9.27734E-2	2.30753E-3	0.00000E+0
4.83735E+0	-9.28711E-2	2.26964E-3	6.87038E-4
4.83774E+0	-9.27734E-2	2.06520E-3	0.00000E+0
4.83735E+0	-9.29199E-2	2.26964E-3	8.37142E-4
4.83755E+0	-9.28711E-2	2.17869E-3	6.87038E-4
4.84053E+0	-9.28223E-2	2.52338E-3	4.88281E-4
4.84639E+0	-9.29199E-2	2.44584E-3	8.37142E-4
4.85205E+0	-9.28711E-2	2.24886E-3	6.87038E-4
4.85352E+0	-9.28711E-2	0.00000E+0	6.87038E-4
4.85439E+0	-9.27734E-2	1.88537E-3	0.00000E+0
4.85400E+0	-9.28223E-2	1.47222E-3	4.88281E-4
4.85635E+0	-9.28223E-2	2.42209E-3	4.88281E-4
4.85815E+0	-9.28711E-2	1.06955E-3	6.87038E-4
4.85835E+0	-9.28223E-2	4.88281E-4	4.88281E-4
4.85933E+0	-9.27734E-2	1.92518E-3	0.00000E+0
4.86338E+0	-9.28711E-2	1.69714E-3	6.87038E-4
4.87095E+0	-9.28711E-2	4.51135E-3	6.87038E-4
4.87842E+0	-9.27734E-2	1.90063E-3	0.00000E+0
4.88228E+0	-9.28223E-2	1.53548E-3	4.88281E-4
4.88340E+0	-9.29688E-2	1.73919E-3	9.61652E-4
4.88765E+0	-9.28223E-2	1.29745E-3	4.88281E-4
4.89238E+0	-9.28223E-2	2.29339E-3	4.88281E-4
4.89697E+0	-9.28223E-2	1.47222E-3	4.88281E-4
4.89756E+0	-9.29688E-2	6.87038E-4	9.61652E-4
4.90098E+0	-9.28711E-2	2.20342E-3	6.87038E-4
4.90527E+0	-9.28223E-2	2.40413E-3	4.88281E-4
4.91094E+0	-9.28223E-2	2.09587E-3	4.88281E-4
4.91626E+0	-9.27734E-2	1.75230E-3	0.00000E+0
4.92173E+0	-9.28223E-2	2.89953E-3	4.88281E-4
4.92822E+0	-9.29199E-2	2.24886E-3	8.37142E-4
4.93369E+0	-9.28711E-2	2.42209E-3	6.87038E-4
4.93745E+0	-9.28711E-2	1.92518E-3	6.87038E-4
4.94312E+0	-9.28223E-2	2.53813E-3	4.88281E-4
4.94785E+0	-9.29199E-2	2.28919E-3	8.37142E-4
4.95122E+0	-9.29688E-2	1.09623E-3	9.61652E-4
4.95405E+0	-9.27734E-2	2.41363E-3	0.00000E+0
4.95601E+0	-9.28711E-2	4.88281E-4	6.87038E-4
4.95605E+0	-9.29199E-2	0.00000E+0	8.37142E-4
4.95732E+0	-9.29199E-2	2.15256E-3	8.37142E-4
4.96021E+0	-9.27734E-2	1.75230E-3	0.00000E+0
4.96167E+0	-9.28711E-2	1.75230E-3	6.87038E-4
4.96553E+0	-9.28711E-2	1.16545E-3	6.87038E-4
4.96919E+0	-9.29199E-2	2.26964E-3	8.37142E-4
4.97412E+0	-9.27734E-2	2.24886E-3	0.00000E+0
4.97559E+0	-9.29199E-2	0.00000E+0	8.37142E-4
4.97759E+0	-9.27734E-2	2.41363E-3	0.00000E+0
4.98364E+0	-9.28711E-2	2.34069E-3	6.87038E-4
4.98613E+0	-9.28711E-2	1.79909E-3	6.87038E-4
4.99067E+0	-9.28711E-2	1.40441E-3	6.87038E-4
4.99478E+0	-9.28223E-2	1.25211E-3	4.88281E-4
4.99727E+0	-9.28223E-2	2.43597E-3	4.88281E-4
5.00317E+0	-9.28223E-2	2.34069E-3	4.88281E-4
5.00806E+0	-9.27734E-2	2.34069E-3	0.00000E+0
5.00981E+0	-9.27734E-2	4.88281E-4	0.00000E+0
5.01157E+0	-9.30664E-2	2.36932E-3	1.16545E-3
5.01460E+0	-9.28711E-2	4.88281E-4	6.87038E-4
5.01724E+0	-9.27734E-2	2.44928E-3	0.00000E+0
5.02100E+0	-9.29199E-2	2.24886E-3	8.37142E-4
5.02749E+0	-9.28711E-2	2.74596E-3	6.87038E-4
5.03506E+0	-9.27734E-2	2.44190E-3	0.00000E+0
5.04272E+0	-9.28223E-2	2.44141E-3	4.88281E-4
5.05073E+0	-9.28711E-2	2.58700E-3	6.87038E-4
5.05371E+0	-9.27734E-2	0.00000E+0	0.00000E+0
5.05698E+0	-9.28223E-2	2.30753E-3	4.88281E-4
5.06074E+0	-9.30176E-2	2.43597E-3	1.06955E-3
5.06562E+0	-9.27734E-2	4.06575E-3	0.00000E+0
5.07021E+0	-9.29199E-2	4.53929E-3	8.37142E-4
5.06982E+0	-9.28711E-2	4.68137E-3	6.87038E-4
5.06992E+0	-9.31152E-2	4.64937E-3	1.25211E-3
5.06924E+0	-9.27734E-2	4.82726E-3	0.00000E+0
5.06982E+0	-9.27734E-2	4.68137E-3	0.00000E+0
5.07100E+0	-9.27734E-2	4.13040E-3	0.00000E+0
5.07070E+0	-9.27734E-2	4.30512E-3	0.00000E+0
5.07119E+0	-9.28223E-2	3.99766E-3	4.88281E-4
5.07295E+0	-9.28223E-2	1.67428E-3	4.88281E-4
5.07329E+0	-9.29199E-2	4.88281E-4	8.37142E-4
5.07656E+0	-9.28711E-2	2.58561E-3	6.87038E-4
5.08794E+0	-9.28223E-2	3.95618E-3	4.88281E-4
5.09937E+0	-9.28711E-2	2.89288E-3	6.87038E-4
5.10640E+0	-9.27734E-2	1.99883E-3	0.00000E+0
5.11021E+0	-9.28711E-2	2.42954E-3	6.87038E-4
5.11553E+0	-9.28223E-2	2.32468E-3	4.88281E-4
5.12168E+0	-9.28223E-2	2.91816E-3	4.88281E-4
5.12715E+0	-9.29199E-2	9.61652E-4	8.37142E-4
5.13071E+0	-9.28223E-2	2.06520E-3	4.88281E-4
5.13521E+0	-9.28223E-2	2.26964E-3	4.88281E-4
5.13833E+0	-9.28223E-2	2.30753E-3	4.88281E-4
5.14419E+0	-9.28223E-2	2.44928E-3	4.88281E-4
5.14893E+0	-9.27734E-2	2.45371E-3	0.00000E+0
5.15391E+0	-9.28223E-2	2.45174E-3	4.88281E-4
5.15869E+0	-9.27734E-2	2.45371E-3	0.00000E+0
5.16514E+0	-9.27734E-2	2.34120E-3	0.00000E+0
5.17104E+0	-9.27734E-2	2.24403E-3	0.00000E+0
5.17886E+0	-9.27734E-2	3.37543E-3	0.00000E+0
5.19141E+0	-9.28711E-2	3.80126E-3	6.87038E-4
5.20010E+0	-9.28711E-2	3.32692E-3	6.87038E-4
5.20522E+0	-9.28711E-2	8.37142E-4	6.87038E-4
5.20947E+0	-9.27734E-2	1.62760E-3	0.00000E+0
5.21504E+0	-9.28223E-2	2.07276E-3	4.88281E-4
5.22192E+0	-9.28223E-2	2.44141E-3	4.88281E-4
5.22842E+0	-9.29199E-2	2.03288E-3	8.37142E-4
5.23247E+0	-9.29199E-2	2.39359E-3	8.37142E-4
5.23887E+0	-9.28223E-2	3.37721E-3	4.88281E-4
5.24644E+0	-9.28223E-2	2.44928E-3	4.88281E-4
5.25259E+0	-9.27734E-2	2.17869E-3	0.00000E+0
5.25693E+0	-9.27734E-2	4.53929E-3	0.00000E+0
5.26494E+0	-9.28223E-2	2.15256E-3	4.88281E-4
5.26885E+0	-9.27734E-2	1.52367E-3	0.00000E+0
5.27163E+0	-9.27734E-2	2.36932E-3	0.00000E+0
5.27275E+0	-9.27734E-2	1.70281E-3	0.00000E+0
5.27573E+0	-9.27734E-2	2.44928E-3	0.00000E+0
5.27964E+0	-9.27734E-2	2.17869E-3	0.00000E+0
5.28496E+0	-9.27734E-2	2.35556E-3	0.00000E+0
5.28965E+0	-9.27734E-2	2.28919E-3	0.00000E+0
5.29541E+0	-9.27734E-2	2.45371E-3	0.00000E+0
5.29785E+0	-9.27734E-2	0.00000E+0	0.00000E+0
5.29785E+0	-9.27734E-2	0.00000E+0	0.00000E+0
5.29785E+0	-9.27734E-2	0.00000E+0	0.00000E+0
5.29966E+0	-9.27246E-2	2.36932E-3	4.88281E-4
5.30547E+0	-9.27734E-2	2.43597E-3	0.00000E+0
5.31333E+0	-9.27734E-2	2.78082E-3	0.00000E+0
5.31943E+0	-9.27734E-2	2.42209E-3	0.00000E+0
5.32305E+0	-9.27734E-2	1.79909E-3	0.00000E+0
5.32617E+0	-9.27734E-2	1.96296E-3	0.00000E+0
5.32715E+0	-9.27734E-2	0.00000E+0	0.00000E+0
5.32715E+0	-9.27246E-2	0.00000E+0	4.88281E-4
5.32837E+0	-9.27734E-2	2.12497E-3	0.00000E+0
5.33267E+0	-9.27734E-2	1.65038E-3	0.00000E+0
5.33853E+0	-9.27734E-2	2.30753E-3	0.00000E+0
5.34341E+0	-9.27734E-2	2.30753E-3	0.00000E+0
5.34766E+0	-9.27734E-2	1.96296E-3	0.00000E+0
5.35317E+0	-9.27734E-2	2.40963E-3	0.00000E+0
5.35728E+0	-9.27734E-2	1.84338E-3	0.00000E+0
5.36392E+0	-9.28223E-2	2.44928E-3	4.88281E-4
5.36982E+0	-9.27734E-2	2.46546E-3	0.00000E+0
5.37549E+0	-9.28223E-2	1.47222E-3	4.88281E-4
5.37617E+0	-9.27734E-2	9.61652E-4	0.00000E+0
5.37998E+0	-9.27734E-2	2.12554E-3	0.00000E+0
5.38657E+0	-9.28223E-2	2.86611E-3	4.88281E-4
5.39185E+0	-9.28223E-2	2.12497E-3	4.88281E-4
5.39541E+0	-9.27734E-2	6.87038E-4	0.00000E+0
5.39551E+0	-9.27734E-2	0.00000E+0	0.00000E+0
5.39648E+0	-9.27734E-2	1.96296E-3	0.00000E+0
5.40210E+0	-9.28223E-2	2.53813E-3	4.88281E-4
5.40767E+0	-9.28223E-2	2.45321E-3	4.88281E-4
5.41426E+0	-9.27734E-2	1.92831E-3	0.00000E+0
5.41982E+0	-9.12598E-2	2.29969E-3	2.26964E-3
5.42524E+0	-8.80371E-2	1.84860E-3	8.37142E-4
5.42886E+0	-8.69629E-2	1.84338E-3	1.92518E-3
5.42959E+0	-8.51563E-2	6.87038E-4	2.43597E-3
5.42935E+0	-8.43262E-2	1.25211E-3	2.17869E-3
5.42944E+0	-8.36914E-2	1.06955E-3	1.70281E-3
5.42964E+0	-8.32520E-2	4.88281E-4	1.06955E-3
5.42974E+0	-8.31055E-2	4.88281E-4	6.87038E-4
5.43213E+0	-8.23730E-2	2.45371E-3	1.65038E-3
5.43438E+0	-7.89551E-2	9.61652E-4	1.84338E-3
5.43457E+0	-7.78809E-2	0.00000E+0	1.06955E-3
5.43477E+0	-7.35352E-2	9.61652E-4	2.76039E-3
5.43755E+0	-6.85547E-2	2.39359E-3	9.61652E-4
5.43936E+0	-6.70898E-2	6.87038E-4	2.15256E-3
5.44077E+0	-6.26465E-2	2.17869E-3	2.30753E-3
5.44395E+0	-5.77148E-2	1.33135E-3	2.72173E-3
5.44434E+0	-5.31250E-2	0.00000E+0	1.99702E-3
5.44434E+0	-4.97070E-2	0.00000E+0	2.12554E-3
5.44521E+0	-4.62402E-2	1.88537E-3	2.54571E-3
5.44575E+0	-4.34570E-2	2.22680E-3	1.62760E-3
5.44575E+0	-4.28223E-2	2.22680E-3	2.06520E-3
5.44609E+0	-4.25293E-2	2.35556E-3	2.22680E-3
5.44575E+0	-4.21387E-2	2.22680E-3	2.36932E-3
5.44575E+0	-4.09180E-2	2.22680E-3	2.38199E-3
5.44580E+0	-4.00879E-2	2.24886E-3	1.99883E-3
5.44561E+0	-3.97949E-2	2.15256E-3	1.88473E-3
5.44634E+0	-3.91602E-2	2.41363E-3	1.19805E-3
5.44805E+0	-3.79883E-2	2.09587E-3	2.03288E-3
5.44917E+0	-3.43750E-2	1.29745E-3	3.17430E-3
5.45107E+0	-2.86621E-2	3.85036E-3	2.56456E-3
5.45781E+0	-2.38281E-2	3.18944E-3	2.71287E-3
5.45840E+0	-2.07031E-2	2.33089E-3	3.03467E-3
5.45850E+0	-1.82617E-2	2.13909E-3	2.65363E-3
5.45889E+0	-1.57715E-2	9.76562E-4	3.01357E-3
5.45913E+0	-7.86133E-3	8.37142E-4	4.21552E-3
5.46460E+0	9.32617E-3	2.63131E-3	8.50258E-3
5.47217E+0	4.96094E-2	2.24886E-3	1.45365E-2
5.47505E+0	8.42773E-2	2.22680E-3	8.11194E-3
5.47666E+0	9.61426E-2	2.38199E-3	4.37256E-3
5.47686E+0	9.99023E-2	2.32468E-3	5.07247E-3
5.47656E+0	1.03418E-1	2.40413E-3	5.02285E-3
5.47651E+0	1.06152E-1	2.41363E-3	5.17587E-3
5.47666E+0	1.08105E-1	2.38199E-3	4.22266E-3
5.47686E+0	1.09766E-1	2.32468E-3	4.46979E-3
5.47646E+0	1.11328E-1	2.42209E-3	4.22151E-3
5.47837E+0	1.15137E-1	8.37142E-4	4.76701E-3
5.47993E+0	1.28125E-1	2.22680E-3	8.09708E-3
5.48574E+0	1.52539E-1	2.45174E-3	8.97184E-3
5.48838E+0	1.78516E-1	6.87038E-4	9.52392E-3
5.48896E+0	1.95312E-1	1.70281E-3	6.94013E-3
5.49111E+0	2.03711E-1	2.42209E-3	6.94290E-3
5.49316E+0	2.15527E-1	0.00000E+0	8.18288E-3
5.49341E+0	2.28955E-1	1.06955E-3	8.20859E-3
5.49600E+0	2.46680E-1	2.42209E-3	1.02583E-2
5.49712E+0	2.58447E-1	1.92518E-3	8.07131E-3
5.49780E+0	2.63135E-1	1.06955E-3	7.56744E-3
5.49805E+0	2.68359E-1	0.00000E+0	8.06131E-3
5.49805E+0	2.75781E-1	0.00000E+0	7.29473E-3
5.49805E+0	2.78516E-1	0.00000E+0	7.56824E-3
5.49810E+0	2.82471E-1	4.88281E-4	7.86335E-3
5.50181E+0	2.97754E-1	2.17869E-3	1.01994E-2
5.50684E+0	3.22852E-1	1.96296E-3	1.14938E-2
5.51162E+0	3.45947E-1	2.03288E-3	1.07600E-2
5.51289E+0	3.59033E-1	9.61652E-4	1.00920E-2
5.51587E+0	3.68115E-1	2.34069E-3	1.04999E-2
5.51758E+0	3.79541E-1	0.00000E+0	9.86023E-3
5.51885E+0	3.89600E-1	2.15256E-3	1.03008E-2
5.52041E+0	3.96045E-1	2.42209E-3	9.81225E-3
5.52017E+0	3.99316E-1	2.44928E-3	1.01188E-2
5.51997E+0	4.00635E-1	2.45321E-3	9.94583E-3
5.52046E+0	4.02783E-1	2.41363E-3	1.00690E-2
5.52007E+0	4.03516E-1	2.45321E-3	1.03060E-2
5.52061E+0	4.04687E-1	2.38199E-3	1.02065E-2
5.52222E+0	4.05811E-1	1.27498E-3	1.03614E-2
5.52568E+0	4.12012E-1	2.32468E-3	1.06114E-2
5.53032E+0	4.20898E-1	2.39359E-3	1.07963E-2
5.53223E+0	4.27637E-1	0.00000E+0	1.23601E-2
5.53457E+0	4.33203E-1	2.45174E-3	1.26851E-2
5.53887E+0	4.39502E-1	2.35556E-3	1.27875E-2
5.54463E+0	4.47217E-1	2.44584E-3	1.30041E-2
5.54707E+0	4.53857E-1	9.61652E-4	1.22661E-2
5.54707E+0	4.56348E-1	9.61652E-4	1.15386E-2
5.55015E+0	4.59814E-1	2.30753E-3	1.08198E-2
5.55425E+0	4.63281E-1	2.45321E-3	1.08470E-2
5.55806E+0	4.68018E-1	2.22680E-3	1.05109E-2
5.56177E+0	4.70654E-1	1.06955E-3	1.08163E-2
5.56182E+0	4.72852E-1	1.16545E-3	1.08346E-2
5.56436E+0	4.74268E-1	2.42209E-3	1.09877E-2
5.56709E+0	4.76123E-1	1.70281E-3	1.09402E-2
5.57114E+0	4.78418E-1	8.37142E-4	1.10385E-2
5.57266E+0	4.80029E-1	2.20342E-3	1.11409E-2
5.57612E+0	4.81250E-1	4.88281E-4	1.11328E-2
5.57617E+0	4.82227E-1	0.00000E+0	1.07767E-2
5.57974E+0	4.82959E-1	2.38956E-3	1.07984E-2
5.58550E+0	4.83594E-1	2.09300E-3	1.09276E-2
5.58975E+0	4.84131E-1	2.03288E-3	1.10689E-2
5.59136E+0	4.84082E-1	1.53548E-3	1.11263E-2
5.59551E+0	4.83154E-1	9.61652E-4	1.06475E-2
5.59868E+0	4.82080E-1	2.49217E-3	1.05903E-2
5.60410E+0	4.80127E-1	2.20342E-3	1.06854E-2
5.60757E+0	4.78027E-1	2.42954E-3	1.05823E-2
5.61162E+0	4.75781E-1	2.15256E-3	1.11544E-2
5.61509E+0	4.73486E-1	8.37142E-4	1.08509E-2
5.61714E+0	4.69727E-1	2.39359E-3	1.06390E-2
5.62041E+0	4.65674E-1	1.16545E-3	1.05858E-2
5.62300E+0	4.62305E-1	2.41363E-3	1.07713E-2
5.62485E+0	4.59717E-1	1.08741E-3	1.12416E-2
5.63008E+0	4.52100E-1	2.68072E-3	1.25518E-2
5.63599E+0	4.39551E-1	2.12497E-3	1.31310E-2
5.63970E+0	4.28125E-1	1.29745E-3	1.23347E-2
5.64326E+0	4.19580E-1	2.15256E-3	1.05539E-2
5.64517E+0	4.11914E-1	2.56456E-3	1.03527E-2
5.65254E+0	4.00684E-1	3.77073E-3	1.00768E-2
5.65586E+0	3.87354E-1	2.28919E-3	1.00105E-2
5.65908E+0	3.74316E-1	6.87038E-4	9.62203E-3
5.65918E+0	3.67871E-1	0.00000E+0	9.54665E-3
5.65937E+0	3.61914E-1	9.61652E-4	9.94353E-3
5.66606E+0	3.35693E-1	2.86947E-3	1.43474E-2
5.66899E+0	3.07520E-1	4.88281E-4	8.26953E-3
5.67070E+0	2.96191E-1	2.35556E-3	8.97453E-3
5.67573E+0	2.75635E-1	2.49217E-3	1.05338E-2
5.67964E+0	2.40674E-1	1.92518E-3	1.31000E-2
5.68462E+0	2.06543E-1	2.22680E-3	1.06277E-2
5.68887E+0	1.75928E-1	1.50138E-3	1.06040E-2
5.69263E+0	1.50244E-1	1.75230E-3	7.30710E-3
5.69580E+0	1.28906E-1	2.45371E-3	8.32815E-3
5.69868E+0	1.03174E-1	1.40441E-3	9.32808E-3
5.70376E+0	7.24609E-2	2.36932E-3	9.53403E-3
5.70811E+0	4.12109E-2	1.38455E-3	8.81478E-3
5.71279E+0	2.04590E-2	1.96051E-3	7.20220E-3
5.71865E+0	-3.51563E-3	2.00904E-3	7.11422E-3
5.72451E+0	-2.37305E-2	2.48103E-3	4.90839E-3
5.72769E+0	-3.73535E-2	8.37142E-4	4.00939E-3
5.73198E+0	-4.54102E-2	1.56653E-3	2.64272E-3
5.73403E+0	-5.11230E-2	2.30753E-3	2.44928E-3
5.73521E+0	-5.48340E-2	2.42954E-3	2.06520E-3
5.73726E+0	-5.89844E-2	4.88281E-4	2.04469E-3
5.73804E+0	-6.37695E-2	1.75230E-3	1.94076E-3
5.74204E+0	-6.82129E-2	8.37142E-4	8.37142E-4
5.74326E+0	-6.87500E-2	2.03288E-3	1.33135E-3
5.74697E+0	-7.19727E-2	9.76562E-4	2.15256E-3
5.75034E+0	-7.44629E-2	2.30753E-3	2.12497E-3
5.75479E+0	-7.78809E-2	2.42209E-3	1.06955E-3
5.75713E+0	-7.82227E-2	1.16545E-3	6.87038E-4
5.76094E+0	-7.98828E-2	1.79909E-3	2.35556E-3
5.76167E+0	-8.24707E-2	4.88281E-4	1.53548E-3
5.76250E+0	-8.29590E-2	1.79909E-3	4.88281E-4
5.76636E+0	-8.30078E-2	1.06955E-3	0.00000E+0
5.76958E+0	-8.30566E-2	2.49217E-3	4.88281E-4
5.77417E+0	-8.40332E-2	2.44141E-3	1.99883E-3
5.77637E+0	-8.61328E-2	0.00000E+0	2.35556E-3
5.77886E+0	-8.73047E-2	2.45321E-3	1.59472E-3
5.78125E+0	-8.76953E-2	0.00000E+0	9.61652E-4
5.78291E+0	-8.78906E-2	2.32468E-3	0.00000E+0
5.78613E+0	-8.78906E-2	9.81482E-4	0.00000E+0
5.78799E+0	-8.78906E-2	2.38199E-3	0.00000E+0
5.78911E+0	-8.79395E-2	2.39359E-3	4.88281E-4
5.79082E+0	-8.79395E-2	9.61652E-4	4.88281E-4
5.79399E+0	-8.81348E-2	2.39359E-3	1.06955E-3
5.79600E+0	-8.81348E-2	6.87038E-4	1.06955E-3
5.79600E+0	-8.82324E-2	6.87038E-4	1.25211E-3
5.79683E+0	-8.91113E-2	1.92518E-3	2.12497E-3
5.79932E+0	-8.97461E-2	2.24886E-3	2.38199E-3
5.80181E+0	-9.02344E-2	1.99883E-3	2.45174E-3
5.80454E+0	-9.11133E-2	2.06520E-3	2.32468E-3
5.80557E+0	-9.10156E-2	6.87038E-4	2.35556E-3
5.80576E+0	-9.14062E-2	6.87038E-4	2.20342E-3
5.80947E+0	-9.19434E-2	2.03288E-3	1.84338E-3
5.81089E+0	-9.23340E-2	1.25211E-3	1.40441E-3
5.81357E+0	-9.24316E-2	2.38199E-3	1.25211E-3
5.81655E+0	-9.26270E-2	2.06520E-3	8.37142E-4
5.82354E+0	-9.22852E-2	2.42607E-3	1.47222E-3
5.82969E+0	-9.22363E-2	1.92330E-3	1.53548E-3
5.83457E+0	-9.14551E-2	1.33135E-3	2.17869E-3
5.83696E+0	-9.14062E-2	2.41363E-3	2.20342E-3
5.84775E+0	-9.09180E-2	3.85036E-3	2.38199E-3
5.85190E+0	-9.03809E-2	2.44928E-3	2.45321E-3
5.85454E+0	-9.01855E-2	4.88281E-4	2.44928E-3
5.85693E+0	-9.01367E-2	2.45371E-3	2.44584E-3
5.85938E+0	-8.96484E-2	0.00000E+0	2.35556E-3
5.86006E+0	-8.95020E-2	1.70281E-3	2.30753E-3
5.86411E+0	-8.92090E-2	1.29001E-3	2.17869E-3
5.87070E+0	-8.93066E-2	3.09439E-3	2.22680E-3
5.87783E+0	-8.95508E-2	2.14808E-3	2.32468E-3
5.88301E+0	-9.02344E-2	1.92831E-3	2.45174E-3
5.88706E+0	-9.04785E-2	2.30753E-3	2.44928E-3
5.89146E+0	-9.18457E-2	2.71065E-3	1.92518E-3
5.89849E+0	-9.23828E-2	1.76871E-3	1.33135E-3
5.90332E+0	-9.26270E-2	1.69998E-3	8.37142E-4
5.90762E+0	-9.27246E-2	1.59472E-3	4.88281E-4
5.91113E+0	-9.27734E-2	2.40413E-3	0.00000E+0
5.91704E+0	-9.27734E-2	1.92518E-3	0.00000E+0
5.92192E+0	-9.27734E-2	2.56832E-3	0.00000E+0
5.92773E+0	-9.27734E-2	1.55186E-3	0.00000E+0
5.93198E+0	-9.27734E-2	1.65038E-3	0.00000E+0
5.93286E+0	-9.27734E-2	1.06955E-3	0.00000E+0
5.93311E+0	-9.27734E-2	1.47222E-3	0.00000E+0
5.93379E+0	-9.28223E-2	2.09587E-3	4.88281E-4
5.93750E+0	-9.27734E-2	0.00000E+0	0.00000E+0
5.94067E+0	-9.27734E-2	2.44141E-3	0.00000E+0
5.94526E+0	-9.27734E-2	2.41363E-3	0.00000E+0
5.94614E+0	-9.27734E-2	2.06520E-3	0.00000E+0
5.94624E+0	-9.27734E-2	1.99883E-3	0.00000E+0
5.94648E+0	-9.27734E-2	1.79909E-3	0.00000E+0
5.94624E+0	-9.27734E-2	1.99883E-3	0.00000E+0
5.94668E+0	-9.28223E-2	1.59472E-3	4.88281E-4
5.94648E+0	-9.27734E-2	1.79909E-3	0.00000E+0
5.94663E+0	-9.27734E-2	1.65038E-3	0.00000E+0
5.94604E+0	-9.27734E-2	2.12497E-3	0.00000E+0
5.94609E+0	-9.28223E-2	2.09587E-3	4.88281E-4
5.94580E+0	-9.27734E-2	2.24886E-3	0.00000E+0
5.94585E+0	-9.27734E-2	2.22680E-3	0.00000E+0
5.94624E+0	-9.27734E-2	1.99883E-3	0.00000E+0
5.94663E+0	-9.28223E-2	1.65038E-3	4.88281E-4
5.94658E+0	-9.27734E-2	1.70281E-3	0.00000E+0
5.94663E+0	-9.27734E-2	1.65038E-3	0.00000E+0
5.94707E+0	-9.27734E-2	9.61652E-4	0.00000E+0
5.94688E+0	-9.27734E-2	1.33135E-3	0.00000E+0
5.94678E+0	-9.27734E-2	1.47222E-3	0.00000E+0
5.94688E+0	-9.28223E-2	1.33135E-3	4.88281E-4
5.94683E+0	-9.27734E-2	1.40441E-3	0.00000E+0
5.94678E+0	-9.27734E-2	1.47222E-3	0.00000E+0
5.94663E+0	-9.27734E-2	1.65038E-3	0.00000E+0
5.94668E+0	-9.27734E-2	1.59472E-3	0.00000E+0
5.94697E+0	-9.28223E-2	1.16545E-3	4.88281E-4
5.94658E+0	-9.27734E-2	1.70281E-3	0.00000E+0
5.94668E+0	-9.28223E-2	1.59472E-3	4.88281E-4
5.94688E+0	-9.27734E-2	1.33135E-3	0.00000E+0
5.94678E+0	-9.27734E-2	1.47222E-3	0.00000E+0
5.94692E+0	-9.27734E-2	1.25211E-3	0.00000E+0
5.94692E+0	-9.27734E-2	1.25211E-3	0.00000E+0
5.94712E+0	-9.28711E-2	8.37142E-4	6.87038E-4
5.94688E+0	-9.27734E-2	1.33135E-3	0.00000E+0
5.94697E+0	-9.28223E-2	1.16545E-3	4.88281E-4
5.94702E+0	-9.27734E-2	1.06955E-3	0.00000E+0
5.94697E+0	-9.28223E-2	1.16545E-3	4.88281E-4
5.94678E+0	-9.27734E-2	1.47222E-3	0.00000E+0
5.94658E+0	-9.28223E-2	1.70281E-3	4.88281E-4
5.94697E+0	-9.27734E-2	1.16545E-3	0.00000E+0
5.94688E+0	-9.28223E-2	1.33135E-3	4.88281E-4
5.94697E+0	-9.28711E-2	1.16545E-3	6.87038E-4
5.94697E+0	-9.27734E-2	1.16545E-3	0.00000E+0
