4.75552E+0	-9.27734E-2	1.25211E-3	0.00000E+0
4.75552E+0	-9.27734E-2	1.25211E-3	0.00000E+0
4.75552E+0	-9.27734E-2	1.25211E-3	0.00000E+0
4.75547E+0	-9.27734E-2	1.33135E-3	0.00000E+0
4.75557E+0	-9.27734E-2	1.16545E-3	0.00000E+0
4.75542E+0	-9.27734E-2	1.40441E-3	0.00000E+0
4.75527E+0	-9.27734E-2	1.59472E-3	0.00000E+0
4.75532E+0	-9.27734E-2	1.53548E-3	0.00000E+0
4.75547E+0	-9.27734E-2	1.33135E-3	0.00000E+0
4.75532E+0	-9.27734E-2	1.53548E-3	0.00000E+0
4.75537E+0	-9.27734E-2	1.47222E-3	0.00000E+0
4.75513E+0	-9.27734E-2	1.75230E-3	0.00000E+0
4.75522E+0	-9.27734E-2	1.65038E-3	0.00000E+0
4.75537E+0	-9.27734E-2	1.47222E-3	0.00000E+0
4.75562E+0	-9.27734E-2	1.06955E-3	0.00000E+0
4.75522E+0	-9.27734E-2	1.65038E-3	0.00000E+0
4.75522E+0	-9.27734E-2	1.65038E-3	0.00000E+0
4.75527E+0	-9.27734E-2	1.59472E-3	0.00000E+0
4.75493E+0	-9.27734E-2	1.92518E-3	0.00000E+0
4.75547E+0	-9.27734E-2	1.33135E-3	0.00000E+0
4.75547E+0	-9.28223E-2	1.33135E-3	4.88281E-4
4.75532E+0	-9.28223E-2	1.53548E-3	4.88281E-4
4.75522E+0	-9.28711E-2	1.65038E-3	6.87038E-4
4.75532E+0	-9.27734E-2	1.53548E-3	0.00000E+0
4.75562E+0	-9.28223E-2	1.06955E-3	4.88281E-4
4.75591E+0	-9.27734E-2	4.88281E-4	0.00000E+0
4.75913E+0	-9.28711E-2	2.30753E-3	6.87038E-4
4.76514E+0	-9.28223E-2	2.13909E-3	4.88281E-4
4.77349E+0	-9.28223E-2	2.58700E-3	4.88281E-4
4.78296E+0	-9.27734E-2	3.28283E-3	0.00000E+0
4.79214E+0	-9.28711E-2	2.71065E-3	6.87038E-4
4.79526E+0	-9.28223E-2	1.25211E-3	4.88281E-4
4.80088E+0	-9.27734E-2	2.36168E-3	0.00000E+0
4.80469E+0	-9.29688E-2	6.94013E-4	9.61652E-4
4.81050E+0	-9.29199E-2	2.74946E-3	8.37142E-4
4.81475E+0	-9.28223E-2	1.35644E-3	4.88281E-4
4.82075E+0	-9.28711E-2	2.33244E-3	6.87038E-4
4.82417E+0	-9.28223E-2	4.88281E-4	4.88281E-4
4.82422E+0	-9.27734E-2	0.00000E+0	0.00000E+0
4.82422E+0	-9.27734E-2	0.00000E+0	0.00000E+0
4.82422E+0	-9.27734E-2	0.00000E+0	0.00000E+0
4.82422E+0	-9.28223E-2	0.00000E+0	4.88281E-4
4.82524E+0	-9.28223E-2	1.99883E-3	4.88281E-4
4.82896E+0	-9.27734E-2	8.37142E-4	0.00000E+0
4.82910E+0	-9.27734E-2	0.00000E+0	0.00000E+0
4.82949E+0	-9.27734E-2	1.33135E-3	0.00000E+0
4.83423E+0	-9.28711E-2	2.00844E-3	6.87038E-4
4.84019E+0	-9.28223E-2	2.48830E-3	4.88281E-4
4.84443E+0	-9.27734E-2	1.70281E-3	0.00000E+0
4.85078E+0	-9.28223E-2	2.43597E-3	4.88281E-4
4.85562E+0	-9.28223E-2	2.42954E-3	4.88281E-4
4.85771E+0	-9.27734E-2	1.70281E-3	0.00000E+0
4.85806E+0	-9.27734E-2	1.25211E-3	0.00000E+0
4.85830E+0	-9.29199E-2	6.87038E-4	8.37142E-4
4.85840E+0	-9.28711E-2	0.00000E+0	6.87038E-4
4.85884E+0	-9.27734E-2	1.40441E-3	0.00000E+0
4.86099E+0	-9.27734E-2	2.44928E-3	0.00000E+0
4.86377E+0	-9.27734E-2	1.62760E-3	0.00000E+0
4.86777E+0	-9.27734E-2	1.33135E-3	0.00000E+0
4.87168E+0	-9.29199E-2	4.71111E-3	8.37142E-4
4.87607E+0	-9.27734E-2	3.85036E-3	0.00000E+0
4.87764E+0	-9.29199E-2	1.67428E-3	8.37142E-4
4.87773E+0	-9.28711E-2	1.37408E-3	6.87038E-4
4.87744E+0	-9.28711E-2	2.13909E-3	6.87038E-4
4.87793E+0	-9.27734E-2	0.00000E+0	0.00000E+0
4.87920E+0	-9.28223E-2	2.15256E-3	4.88281E-4
4.88179E+0	-9.28223E-2	1.99883E-3	4.88281E-4
4.88184E+0	-9.28223E-2	1.96296E-3	4.88281E-4
4.88384E+0	-9.28223E-2	1.99883E-3	4.88281E-4
4.88696E+0	-9.28223E-2	1.75230E-3	4.88281E-4
4.88760E+0	-9.28223E-2	6.87038E-4	4.88281E-4
4.88789E+0	-9.28711E-2	9.61652E-4	6.87038E-4
4.89102E+0	-9.28223E-2	2.28919E-3	4.88281E-4
4.89243E+0	-9.27734E-2	8.37142E-4	0.00000E+0
4.89321E+0	-9.28711E-2	1.79036E-3	6.87038E-4
4.89741E+0	-9.27734E-2	4.88281E-4	0.00000E+0
4.89810E+0	-9.28223E-2	1.65038E-3	4.88281E-4
4.89888E+0	-9.27734E-2	2.22680E-3	0.00000E+0
4.90259E+0	-9.29199E-2	2.00844E-3	8.37142E-4
4.91011E+0	-9.28223E-2	2.86947E-3	4.88281E-4
4.91714E+0	-9.27734E-2	1.29001E-3	0.00000E+0
4.92109E+0	-9.27734E-2	1.92831E-3	0.00000E+0
4.92773E+0	-9.27734E-2	2.77605E-3	0.00000E+0
4.93687E+0	-9.29199E-2	2.96523E-3	8.37142E-4
4.94658E+0	-9.28223E-2	2.84630E-3	4.88281E-4
4.95220E+0	-9.28223E-2	1.99883E-3	4.88281E-4
4.95591E+0	-9.28711E-2	8.37142E-4	6.87038E-4
4.95850E+0	-9.28223E-2	2.45371E-3	4.88281E-4
4.96348E+0	-9.28223E-2	2.45174E-3	4.88281E-4
4.96577E+0	-9.27734E-2	4.88281E-4	0.00000E+0
4.96816E+0	-9.28223E-2	2.45174E-3	4.88281E-4
4.97432E+0	-9.28711E-2	2.15256E-3	6.87038E-4
4.97842E+0	-9.28223E-2	2.51956E-3	4.88281E-4
4.98447E+0	-9.27734E-2	2.44190E-3	0.00000E+0
4.99111E+0	-9.27734E-2	2.53861E-3	0.00000E+0
4.99692E+0	-9.28711E-2	2.36932E-3	6.87038E-4
5.00508E+0	-9.28711E-2	2.58933E-3	6.87038E-4
5.01250E+0	-9.28223E-2	2.53291E-3	4.88281E-4
5.01953E+0	-9.27734E-2	3.18037E-3	0.00000E+0
5.02627E+0	-9.27734E-2	2.38199E-3	0.00000E+0
5.02900E+0	-9.27734E-2	1.16545E-3	0.00000E+0
5.02920E+0	-9.29688E-2	6.87038E-4	9.61652E-4
5.02915E+0	-9.28223E-2	8.37142E-4	4.88281E-4
5.02925E+0	-9.28223E-2	4.88281E-4	4.88281E-4
5.03130E+0	-9.27734E-2	2.41363E-3	0.00000E+0
5.03433E+0	-9.28711E-2	1.08741E-3	6.87038E-4
5.03926E+0	-9.27734E-2	2.68072E-3	0.00000E+0
5.04453E+0	-9.27734E-2	1.59472E-3	0.00000E+0
5.04854E+0	-9.27734E-2	1.35644E-3	0.00000E+0
5.05200E+0	-9.27734E-2	2.34069E-3	0.00000E+0
5.05410E+0	-9.27734E-2	1.33135E-3	0.00000E+0
5.05957E+0	-9.29199E-2	2.19466E-3	8.37142E-4
5.06699E+0	-9.27734E-2	4.71111E-3	0.00000E+0
5.07554E+0	-9.28223E-2	2.44928E-3	4.88281E-4
5.07856E+0	-9.27734E-2	1.40441E-3	0.00000E+0
5.08262E+0	-9.28223E-2	1.33135E-3	4.88281E-4
5.08462E+0	-9.27734E-2	2.30753E-3	0.00000E+0
5.08794E+0	-9.29199E-2	8.48571E-4	8.37142E-4
5.09136E+0	-9.28711E-2	2.22680E-3	6.87038E-4
5.09629E+0	-9.27734E-2	2.20342E-3	0.00000E+0
5.10049E+0	-9.28711E-2	2.42209E-3	6.87038E-4
5.10557E+0	-9.28711E-2	2.38199E-3	6.87038E-4
5.10732E+0	-9.28223E-2	6.87038E-4	4.88281E-4
5.10732E+0	-9.27734E-2	6.87038E-4	0.00000E+0
5.10742E+0	-9.27734E-2	0.00000E+0	0.00000E+0
5.10972E+0	-9.27734E-2	2.44928E-3	0.00000E+0
5.11548E+0	-9.28223E-2	2.34069E-3	4.88281E-4
5.12173E+0	-9.27734E-2	2.71065E-3	0.00000E+0
5.12798E+0	-9.28223E-2	2.11589E-3	4.88281E-4
5.13242E+0	-9.29199E-2	1.59472E-3	8.37142E-4
5.13540E+0	-9.27734E-2	2.17869E-3	0.00000E+0
5.13628E+0	-9.28223E-2	1.40441E-3	4.88281E-4
5.13623E+0	-9.27734E-2	1.47222E-3	0.00000E+0
5.13604E+0	-9.27734E-2	1.70281E-3	0.00000E+0
5.13672E+0	-9.28711E-2	0.00000E+0	6.87038E-4
5.13716E+0	-9.27734E-2	1.40441E-3	0.00000E+0
5.14131E+0	-9.27734E-2	1.16545E-3	0.00000E+0
5.14521E+0	-9.27734E-2	2.36576E-3	0.00000E+0
5.15059E+0	-9.27734E-2	1.79909E-3	0.00000E+0
5.15225E+0	-9.28223E-2	1.88537E-3	4.88281E-4
5.15322E+0	-9.27734E-2	2.38199E-3	0.00000E+0
5.15586E+0	-9.27734E-2	1.33135E-3	0.00000E+0
5.15962E+0	-9.28223E-2	2.74946E-3	4.88281E-4
5.16650E+0	-9.27734E-2	2.13909E-3	0.00000E+0
5.17134E+0	-9.28711E-2	1.40441E-3	6.87038E-4
5.17515E+0	-9.27734E-2	1.65038E-3	0.00000E+0
5.17578E+0	-9.29199E-2	0.00000E+0	8.37142E-4
5.17603E+0	-9.28223E-2	1.06955E-3	4.88281E-4
5.18032E+0	-9.27734E-2	1.25211E-3	0.00000E+0
5.18442E+0	-9.28223E-2	2.06520E-3	4.88281E-4
5.18804E+0	-9.28711E-2	2.45321E-3	6.87038E-4
5.19043E+0	-9.28223E-2	0.00000E+0	4.88281E-4
5.19175E+0	-9.28223E-2	2.17869E-3	4.88281E-4
5.19517E+0	-9.28711E-2	8.37142E-4	6.87038E-4
5.19644E+0	-9.28223E-2	2.06520E-3	4.88281E-4
5.20181E+0	-9.28223E-2	2.30753E-3	4.88281E-4
5.20557E+0	-9.28223E-2	1.62760E-3	4.88281E-4
5.20981E+0	-9.28711E-2	8.37142E-4	6.87038E-4
5.20996E+0	-9.28223E-2	0.00000E+0	4.88281E-4
5.21094E+0	-9.27734E-2	1.96296E-3	0.00000E+0
5.21401E+0	-9.28223E-2	1.84338E-3	4.88281E-4
5.21484E+0	-9.27734E-2	0.00000E+0	0.00000E+0
5.21519E+0	-9.27734E-2	1.25211E-3	0.00000E+0
5.22075E+0	-9.28711E-2	2.62397E-3	6.87038E-4
5.22793E+0	-9.27734E-2	2.28919E-3	0.00000E+0
5.23306E+0	-9.28711E-2	2.17869E-3	6.87038E-4
5.23638E+0	-9.28223E-2	2.41363E-3	4.88281E-4
5.23911E+0	-9.27734E-2	8.37142E-4	0.00000E+0
5.23911E+0	-9.28711E-2	8.37142E-4	6.87038E-4
5.23921E+0	-9.27734E-2	4.88281E-4	0.00000E+0
5.23926E+0	-9.28223E-2	0.00000E+0	4.88281E-4
5.23965E+0	-9.27734E-2	1.33135E-3	0.00000E+0
5.24302E+0	-9.28223E-2	2.06520E-3	4.88281E-4
5.24414E+0	-9.28223E-2	0.00000E+0	4.88281E-4
5.24414E+0	-9.27734E-2	0.00000E+0	0.00000E+0
5.24414E+0	-9.27734E-2	0.00000E+0	0.00000E+0
5.24414E+0	-9.28223E-2	0.00000E+0	4.88281E-4
5.24414E+0	-9.27734E-2	0.00000E+0	0.00000E+0
5.24414E+0	-9.28223E-2	0.00000E+0	4.88281E-4
5.24414E+0	-9.27734E-2	0.00000E+0	0.00000E+0
5.24414E+0	-9.27734E-2	0.00000E+0	0.00000E+0
5.24414E+0	-9.28223E-2	0.00000E+0	4.88281E-4
5.24409E+0	-9.27734E-2	4.88281E-4	0.00000E+0
5.24414E+0	-9.28223E-2	0.00000E+0	4.88281E-4
5.24780E+0	-9.28711E-2	2.97496E-3	6.87038E-4
5.25391E+0	-9.27734E-2	0.00000E+0	0.00000E+0
5.25391E+0	-9.27734E-2	0.00000E+0	0.00000E+0
5.25391E+0	-9.28711E-2	0.00000E+0	6.87038E-4
5.25391E+0	-9.27734E-2	0.00000E+0	0.00000E+0
5.25391E+0	-9.27734E-2	0.00000E+0	0.00000E+0
5.25391E+0	-9.27734E-2	0.00000E+0	0.00000E+0
5.25449E+0	-9.27734E-2	2.33089E-3	0.00000E+0
5.26113E+0	-9.29199E-2	4.30512E-3	8.37142E-4
5.26543E+0	-9.28223E-2	2.35556E-3	4.88281E-4
5.26841E+0	-9.27734E-2	8.37142E-4	0.00000E+0
5.26855E+0	-9.27734E-2	0.00000E+0	0.00000E+0
5.26855E+0	-9.28711E-2	0.00000E+0	6.87038E-4
5.27134E+0	-9.27734E-2	2.42954E-3	0.00000E+0
5.27676E+0	-9.27734E-2	2.28919E-3	0.00000E+0
5.28066E+0	-9.28223E-2	2.45174E-3	4.88281E-4
5.28403E+0	-9.27734E-2	1.96970E-3	0.00000E+0
5.28721E+0	-9.28223E-2	1.88537E-3	4.88281E-4
5.28809E+0	-9.28223E-2	0.00000E+0	4.88281E-4
5.28955E+0	-9.28711E-2	2.24886E-3	6.87038E-4
5.29297E+0	-9.28711E-2	0.00000E+0	6.87038E-4
5.29570E+0	-9.28223E-2	2.43597E-3	4.88281E-4
5.29785E+0	-9.28223E-2	0.00000E+0	4.88281E-4
5.29790E+0	-9.27734E-2	4.88281E-4	0.00000E+0
5.30117E+0	-9.28223E-2	2.28919E-3	4.88281E-4
5.30669E+0	-9.28711E-2	2.83570E-3	6.87038E-4
5.31230E+0	-9.28711E-2	9.61652E-4	6.87038E-4
5.31274E+0	-9.28223E-2	1.06955E-3	4.88281E-4
5.31309E+0	-9.28223E-2	1.59472E-3	4.88281E-4
5.31318E+0	-9.28223E-2	1.70281E-3	4.88281E-4
5.31309E+0	-9.27734E-2	1.59472E-3	0.00000E+0
5.31440E+0	-9.27734E-2	2.39359E-3	0.00000E+0
5.31699E+0	-9.27734E-2	1.33135E-3	0.00000E+0
5.32061E+0	-9.27734E-2	2.52338E-3	0.00000E+0
5.32646E+0	-9.28223E-2	1.70281E-3	4.88281E-4
5.33145E+0	-9.28223E-2	2.22517E-3	4.88281E-4
5.33701E+0	-9.27734E-2	1.19805E-3	0.00000E+0
5.33931E+0	-9.28223E-2	2.45321E-3	4.88281E-4
5.34141E+0	-9.28223E-2	1.33135E-3	4.88281E-4
5.34468E+0	-9.27734E-2	2.41363E-3	0.00000E+0
5.35029E+0	-9.28223E-2	2.56127E-3	4.88281E-4
5.35723E+0	-9.27734E-2	2.27230E-3	0.00000E+0
5.36675E+0	-9.27734E-2	3.39251E-3	0.00000E+0
5.37524E+0	-9.28223E-2	1.75230E-3	4.88281E-4
5.37949E+0	-9.28223E-2	2.20342E-3	4.88281E-4
5.38501E+0	-9.28223E-2	1.88473E-3	4.88281E-4
5.38975E+0	-9.27734E-2	1.88537E-3	0.00000E+0
5.39067E+0	-9.27734E-2	4.88281E-4	0.00000E+0
5.39404E+0	-9.28711E-2	2.24886E-3	6.87038E-4
5.39551E+0	-9.28223E-2	0.00000E+0	4.88281E-4
5.39551E+0	-9.27734E-2	0.00000E+0	0.00000E+0
5.39551E+0	-9.27734E-2	0.00000E+0	0.00000E+0
5.39551E+0	-9.28223E-2	0.00000E+0	4.88281E-4
5.39551E+0	-9.27734E-2	0.00000E+0	0.00000E+0
5.39551E+0	-9.27734E-2	0.00000E+0	0.00000E+0
5.39561E+0	-9.27734E-2	6.87038E-4	0.00000E+0
5.39575E+0	-9.28223E-2	1.06955E-3	4.88281E-4
5.39756E+0	-9.28223E-2	2.42209E-3	4.88281E-4
5.40420E+0	-9.28223E-2	2.25741E-3	4.88281E-4
5.40923E+0	-9.28223E-2	1.92518E-3	4.88281E-4
5.40996E+0	-9.27734E-2	9.61652E-4	0.00000E+0
5.41216E+0	-9.28223E-2	2.41363E-3	4.88281E-4
5.41499E+0	-9.27734E-2	4.88281E-4	0.00000E+0
5.41504E+0	-9.28711E-2	0.00000E+0	6.87038E-4
5.41509E+0	-9.27734E-2	4.88281E-4	0.00000E+0
5.41748E+0	-9.27734E-2	2.45371E-3	0.00000E+0
5.41992E+0	-9.27734E-2	0.00000E+0	0.00000E+0
5.42212E+0	-9.27734E-2	2.44141E-3	0.00000E+0
5.42480E+0	-9.27734E-2	0.00000E+0	0.00000E+0
5.42495E+0	-9.27734E-2	8.37142E-4	0.00000E+0
5.42783E+0	-9.27734E-2	2.38199E-3	0.00000E+0
5.43081E+0	-9.27734E-2	2.06520E-3	0.00000E+0
5.43452E+0	-9.27734E-2	4.88281E-4	0.00000E+0
5.43784E+0	-9.27734E-2	2.30753E-3	0.00000E+0
5.43979E+0	-9.28223E-2	1.25211E-3	4.88281E-4
5.44238E+0	-9.27734E-2	2.40413E-3	0.00000E+0
5.44351E+0	-9.27734E-2	1.84338E-3	0.00000E+0
5.44399E+0	-9.27734E-2	1.25211E-3	0.00000E+0
5.44561E+0	-9.27734E-2	2.15256E-3	0.00000E+0
5.44961E+0	-9.27734E-2	2.26805E-3	0.00000E+0
5.45811E+0	-9.28223E-2	2.80882E-3	4.88281E-4
5.45898E+0	-9.27734E-2	0.00000E+0	0.00000E+0
5.45898E+0	-9.27734E-2	0.00000E+0	0.00000E+0
5.45898E+0	-9.27734E-2	0.00000E+0	0.00000E+0
5.45898E+0	-9.28223E-2	0.00000E+0	4.88281E-4
5.45898E+0	-9.27734E-2	0.00000E+0	0.00000E+0
5.45923E+0	-9.27734E-2	1.06955E-3	0.00000E+0
5.46309E+0	-9.27734E-2	1.79909E-3	0.00000E+0
5.46606E+0	-9.27734E-2	2.44141E-3	0.00000E+0
5.46787E+0	-9.27734E-2	1.88537E-3	0.00000E+0
5.46782E+0	-9.27734E-2	1.92518E-3	0.00000E+0
5.46782E+0	-9.27734E-2	1.92518E-3	0.00000E+0
5.46782E+0	-9.27734E-2	1.92518E-3	0.00000E+0
5.46812E+0	-9.28223E-2	1.65038E-3	4.88281E-4
5.46875E+0	-9.27734E-2	0.00000E+0	0.00000E+0
5.46929E+0	-9.27734E-2	1.53548E-3	0.00000E+0
5.47061E+0	-9.28223E-2	2.38199E-3	4.88281E-4
5.47227E+0	-9.27734E-2	2.20342E-3	0.00000E+0
5.47358E+0	-9.28711E-2	4.88281E-4	6.87038E-4
5.47363E+0	-9.27734E-2	0.00000E+0	0.00000E+0
5.47363E+0	-9.27734E-2	0.00000E+0	0.00000E+0
5.47510E+0	-9.28223E-2	2.24886E-3	4.88281E-4
5.48018E+0	-9.28223E-2	2.32468E-3	4.88281E-4
5.48628E+0	-9.27734E-2	2.41363E-3	0.00000E+0
5.48828E+0	-9.27734E-2	0.00000E+0	0.00000E+0
5.48833E+0	-9.27734E-2	4.88281E-4	0.00000E+0
5.49165E+0	-9.28711E-2	2.26964E-3	6.87038E-4
5.49316E+0	-9.29199E-2	0.00000E+0	8.37142E-4
5.49316E+0	-9.27734E-2	0.00000E+0	0.00000E+0
5.49370E+0	-9.28223E-2	1.53548E-3	4.88281E-4
5.49785E+0	-9.27734E-2	1.18593E-3	0.00000E+0
5.50278E+0	-9.28223E-2	1.89492E-3	4.88281E-4
5.50737E+0	-9.28223E-2	1.40441E-3	4.88281E-4
5.50776E+0	-9.27734E-2	4.88281E-4	0.00000E+0
5.50776E+0	-9.27734E-2	4.88281E-4	0.00000E+0
5.50781E+0	-9.28223E-2	0.00000E+0	4.88281E-4
5.50791E+0	-9.27734E-2	6.87038E-4	0.00000E+0
5.50796E+0	-9.28223E-2	8.37142E-4	4.88281E-4
5.50791E+0	-9.27734E-2	6.87038E-4	0.00000E+0
5.50811E+0	-9.27734E-2	1.16545E-3	0.00000E+0
5.51230E+0	-9.28223E-2	1.33135E-3	4.88281E-4
5.51294E+0	-9.28223E-2	1.06955E-3	4.88281E-4
5.51362E+0	-9.27734E-2	1.92518E-3	0.00000E+0
5.51372E+0	-9.27734E-2	1.99883E-3	0.00000E+0
5.51519E+0	-9.27734E-2	2.45321E-3	0.00000E+0
5.51758E+0	-9.28711E-2	0.00000E+0	6.87038E-4
5.51772E+0	-9.27734E-2	8.37142E-4	0.00000E+0
5.52446E+0	-9.27734E-2	2.86947E-3	0.00000E+0
5.53091E+0	-9.28223E-2	2.17869E-3	4.88281E-4
5.53521E+0	-9.28223E-2	2.39359E-3	4.88281E-4
5.53711E+0	-9.27734E-2	0.00000E+0	0.00000E+0
5.53711E+0	-9.29688E-2	0.00000E+0	9.61652E-4
5.53711E+0	-9.28223E-2	0.00000E+0	4.88281E-4
5.53711E+0	-9.28223E-2	0.00000E+0	4.88281E-4
5.53711E+0	-9.28711E-2	0.00000E+0	6.87038E-4
5.53711E+0	-9.27734E-2	0.00000E+0	0.00000E+0
5.53711E+0	-9.27734E-2	0.00000E+0	0.00000E+0
5.53726E+0	-9.28223E-2	8.37142E-4	4.88281E-4
5.53896E+0	-9.27734E-2	2.38199E-3	0.00000E+0
5.54048E+0	-9.27734E-2	2.26964E-3	0.00000E+0
5.54229E+0	-9.27734E-2	1.35644E-3	0.00000E+0
5.54844E+0	-9.28223E-2	2.76562E-3	4.88281E-4
5.55371E+0	-9.27734E-2	2.40413E-3	0.00000E+0
5.55708E+0	-9.28223E-2	1.40441E-3	4.88281E-4
5.56182E+0	-9.27734E-2	1.16545E-3	0.00000E+0
5.56602E+0	-9.27734E-2	1.33135E-3	0.00000E+0
5.56665E+0	-9.28223E-2	1.06955E-3	4.88281E-4
5.57017E+0	-9.27734E-2	2.06520E-3	0.00000E+0
5.57129E+0	-9.27734E-2	0.00000E+0	0.00000E+0
5.57231E+0	-9.27734E-2	1.99883E-3	0.00000E+0
5.57349E+0	-9.27734E-2	2.44141E-3	0.00000E+0
5.57554E+0	-9.27734E-2	1.65038E-3	0.00000E+0
5.57617E+0	-9.27734E-2	0.00000E+0	0.00000E+0
5.57632E+0	-9.27734E-2	8.37142E-4	0.00000E+0
5.57871E+0	-9.27246E-2	2.45174E-3	4.88281E-4
5.58149E+0	-9.27246E-2	1.40441E-3	4.88281E-4
5.58252E+0	-9.27734E-2	2.24886E-3	0.00000E+0
5.58320E+0	-9.27734E-2	2.43597E-3	0.00000E+0
5.58535E+0	-9.27734E-2	1.59472E-3	0.00000E+0
5.58843E+0	-9.27734E-2	2.45321E-3	0.00000E+0
5.59360E+0	-9.27734E-2	2.42954E-3	0.00000E+0
5.59570E+0	-9.27734E-2	0.00000E+0	0.00000E+0
5.59795E+0	-9.28711E-2	2.44584E-3	6.87038E-4
5.60063E+0	-9.27734E-2	4.88281E-4	0.00000E+0
5.60078E+0	-9.27734E-2	9.61652E-4	0.00000E+0
5.60117E+0	-9.27734E-2	1.59472E-3	0.00000E+0
5.60513E+0	-9.27734E-2	1.25211E-3	0.00000E+0
5.60835E+0	-9.27734E-2	2.51142E-3	0.00000E+0
5.61416E+0	-9.28223E-2	2.03288E-3	4.88281E-4
5.61543E+0	-9.27734E-2	9.61652E-4	0.00000E+0
5.61890E+0	-9.27734E-2	2.23543E-3	0.00000E+0
5.62412E+0	-9.27734E-2	2.53861E-3	0.00000E+0
5.63013E+0	-9.27734E-2	2.34069E-3	0.00000E+0
5.63691E+0	-9.27734E-2	2.43597E-3	0.00000E+0
5.64150E+0	-9.27734E-2	2.38199E-3	0.00000E+0
5.64253E+0	-9.27734E-2	2.41363E-3	0.00000E+0
5.64492E+0	-9.27734E-2	2.26805E-3	0.00000E+0
5.65400E+0	-9.27734E-2	1.67428E-3	0.00000E+0
5.65820E+0	-9.27734E-2	1.96296E-3	0.00000E+0
5.65962E+0	-9.27734E-2	1.40441E-3	0.00000E+0
5.66333E+0	-9.27734E-2	1.75230E-3	0.00000E+0
5.66382E+0	-9.27734E-2	1.27498E-3	0.00000E+0
5.66890E+0	-9.27734E-2	2.45321E-3	0.00000E+0
5.67568E+0	-9.27734E-2	2.38199E-3	0.00000E+0
5.67871E+0	-9.27734E-2	0.00000E+0	0.00000E+0
5.68203E+0	-9.27734E-2	2.28919E-3	0.00000E+0
5.68369E+0	-9.27734E-2	6.87038E-4	0.00000E+0
5.68403E+0	-9.27734E-2	1.40441E-3	0.00000E+0
5.68682E+0	-9.27734E-2	2.32468E-3	0.00000E+0
5.69077E+0	-9.27734E-2	2.44928E-3	0.00000E+0
5.69609E+0	-9.27734E-2	2.43597E-3	0.00000E+0
5.69790E+0	-9.27734E-2	1.25211E-3	0.00000E+0
5.70068E+0	-9.27734E-2	2.45371E-3	0.00000E+0
5.70698E+0	-9.27734E-2	1.99883E-3	0.00000E+0
5.71147E+0	-9.27734E-2	2.22680E-3	0.00000E+0
5.71694E+0	-9.27734E-2	2.20069E-3	0.00000E+0
5.72295E+0	-9.28223E-2	2.06111E-3	4.88281E-4
5.72715E+0	-9.27734E-2	1.33135E-3	0.00000E+0
5.72754E+0	-9.27734E-2	0.00000E+0	0.00000E+0
5.73091E+0	-9.27734E-2	2.26964E-3	0.00000E+0
5.73247E+0	-9.27734E-2	4.88281E-4	0.00000E+0
5.73291E+0	-9.27734E-2	1.47222E-3	0.00000E+0
5.73540E+0	-9.28711E-2	2.39359E-3	6.87038E-4
5.73730E+0	-9.28223E-2	0.00000E+0	4.88281E-4
5.73740E+0	-9.28223E-2	6.87038E-4	4.88281E-4
5.74072E+0	-9.27734E-2	2.24886E-3	0.00000E+0
5.74248E+0	-9.29199E-2	1.16545E-3	8.37142E-4
5.74683E+0	-9.27734E-2	1.06955E-3	0.00000E+0
5.75029E+0	-9.27734E-2	2.32468E-3	0.00000E+0
5.75181E+0	-9.28223E-2	8.37142E-4	4.88281E-4
5.75200E+0	-9.27734E-2	4.88281E-4	0.00000E+0
5.75454E+0	-9.28223E-2	2.44928E-3	4.88281E-4
5.75679E+0	-9.27734E-2	4.88281E-4	0.00000E+0
5.75786E+0	-9.27734E-2	1.99883E-3	0.00000E+0
5.76226E+0	-9.27734E-2	1.82236E-3	0.00000E+0
5.76646E+0	-9.27734E-2	1.46484E-3	0.00000E+0
5.77114E+0	-9.27734E-2	2.88287E-3	0.00000E+0
5.77646E+0	-9.27734E-2	6.87038E-4	0.00000E+0
5.78296E+0	-9.27246E-2	2.53813E-3	4.88281E-4
5.78799E+0	-9.14551E-2	2.38199E-3	2.17869E-3
5.79131E+0	-8.88184E-2	1.16545E-3	1.92518E-3
5.79536E+0	-8.79395E-2	1.53548E-3	4.88281E-4
5.79658E+0	-8.78906E-2	1.70281E-3	0.00000E+0
5.80039E+0	-8.71094E-2	1.33135E-3	1.79909E-3
5.80151E+0	-8.46191E-2	1.75230E-3	2.30753E-3
5.80513E+0	-8.32031E-2	1.53548E-3	9.61652E-4
5.80586E+0	-8.26172E-2	9.61652E-4	1.33135E-3
5.80981E+0	-7.93945E-2	1.75230E-3	2.15256E-3
5.81060E+0	-7.78809E-2	4.88281E-4	1.06955E-3
5.81401E+0	-7.47559E-2	2.22680E-3	2.47277E-3
5.81543E+0	-7.13867E-2	0.00000E+0	2.38199E-3
5.81543E+0	-6.86523E-2	0.00000E+0	1.16545E-3
5.81543E+0	-6.83594E-2	0.00000E+0	0.00000E+0
5.81558E+0	-6.79687E-2	8.37142E-4	1.33135E-3
5.81572E+0	-6.62598E-2	1.16545E-3	2.42954E-3
5.81558E+0	-6.51855E-2	8.37142E-4	2.34069E-3
5.81631E+0	-6.42578E-2	1.88537E-3	1.79909E-3
5.82021E+0	-6.26465E-2	2.07972E-3	2.40963E-3
5.82710E+0	-5.42480E-2	2.67848E-3	3.53163E-3
5.83408E+0	-4.33594E-2	1.88537E-3	3.75537E-3
5.83999E+0	-3.02734E-2	4.07374E-3	4.65558E-3
5.84961E+0	-1.35742E-2	1.20207E-3	5.03243E-3
5.85088E+0	-5.76172E-3	2.15256E-3	3.05523E-3
5.85273E+0	-1.51367E-3	2.35556E-3	2.91939E-3
5.85605E+0	5.02930E-3	2.28919E-3	3.95374E-3
5.85933E+0	1.59668E-2	4.88281E-4	4.43598E-3
5.85938E+0	2.45605E-2	0.00000E+0	3.63645E-3
5.85952E+0	2.81250E-2	8.37142E-4	3.03467E-3
5.86235E+0	3.28613E-2	2.39359E-3	3.85505E-3
5.86431E+0	4.12109E-2	4.88281E-4	5.73643E-3
5.86660E+0	4.94629E-2	2.45174E-3	6.68039E-3
5.87046E+0	6.03516E-2	2.17869E-3	5.12443E-3
5.87402E+0	7.27051E-2	0.00000E+0	4.59806E-3
5.87437E+0	7.91504E-2	1.25211E-3	4.45981E-3
5.87798E+0	8.58398E-2	1.92518E-3	5.24795E-3
5.87891E+0	9.35547E-2	0.00000E+0	4.42865E-3
5.87939E+0	1.00049E-1	1.47222E-3	5.07603E-3
5.88286E+0	1.07813E-1	1.92518E-3	4.84220E-3
5.88604E+0	1.14648E-1	2.44584E-3	4.78215E-3
5.88960E+0	1.25830E-1	1.92518E-3	5.84188E-3
5.89570E+0	1.39697E-1	2.53291E-3	6.76066E-3
5.89863E+0	1.55469E-1	9.61652E-4	6.99956E-3
5.90205E+0	1.67676E-1	2.15256E-3	6.40676E-3
5.90327E+0	1.77100E-1	4.88281E-4	6.68760E-3
5.90679E+0	1.87012E-1	2.22680E-3	6.34177E-3
5.90820E+0	1.94580E-1	0.00000E+0	6.33702E-3
5.90825E+0	1.99023E-1	4.88281E-4	6.58837E-3
5.90835E+0	2.01855E-1	8.37142E-4	7.05098E-3
5.91201E+0	2.07520E-1	2.03288E-3	6.49189E-3
5.91499E+0	2.18311E-1	2.39359E-3	7.67488E-3
5.91797E+0	2.27490E-1	0.00000E+0	7.34785E-3
5.91802E+0	2.37549E-1	4.88281E-4	8.78893E-3
5.92188E+0	2.45752E-1	2.08204E-3	9.49188E-3
5.92695E+0	2.61523E-1	1.79909E-3	9.13675E-3
5.93091E+0	2.75098E-1	2.34069E-3	8.33451E-3
5.93350E+0	2.85986E-1	1.88537E-3	8.16033E-3
5.93696E+0	2.94092E-1	1.53548E-3	8.38162E-3
5.93750E+0	3.02002E-1	0.00000E+0	8.19332E-3
5.94121E+0	3.13184E-1	2.09587E-3	8.75172E-3
5.94531E+0	3.24170E-1	2.40413E-3	8.80316E-3
5.94727E+0	3.32227E-1	0.00000E+0	9.30909E-3
5.94839E+0	3.37354E-1	2.06520E-3	8.72623E-3
5.95122E+0	3.42432E-1	1.92518E-3	8.87835E-3
5.95332E+0	3.48193E-1	2.09587E-3	9.14663E-3
5.95698E+0	3.56396E-1	4.88281E-4	9.00868E-3
5.95703E+0	3.60156E-1	0.00000E+0	9.41712E-3
5.95762E+0	3.62402E-1	1.59472E-3	9.24835E-3
5.96177E+0	3.67090E-1	1.76326E-3	1.01140E-2
5.96543E+0	3.73193E-1	2.20342E-3	9.91868E-3
5.96675E+0	3.75293E-1	4.88281E-4	9.64203E-3
5.96680E+0	3.77295E-1	0.00000E+0	9.63791E-3
5.96968E+0	3.80811E-1	2.41363E-3	9.40112E-3
5.97393E+0	3.85645E-1	2.44584E-3	9.46456E-3
5.97676E+0	3.89893E-1	9.61652E-4	9.32085E-3
5.97754E+0	3.93066E-1	1.96296E-3	9.75329E-3
5.97876E+0	3.94629E-1	2.44141E-3	9.70080E-3
5.98110E+0	3.95850E-1	1.25211E-3	9.84557E-3
5.98247E+0	3.97803E-1	1.99883E-3	9.21901E-3
5.98716E+0	3.99121E-1	1.84338E-3	9.85449E-3
5.99185E+0	4.01807E-1	1.79036E-3	9.96809E-3
5.99609E+0	4.03320E-1	0.00000E+0	9.56631E-3
5.99609E+0	4.03955E-1	0.00000E+0	1.01015E-2
5.99609E+0	4.04443E-1	0.00000E+0	1.00824E-2
5.99683E+0	4.05029E-1	1.75230E-3	9.94583E-3
6.00098E+0	4.05225E-1	1.55186E-3	1.02351E-2
6.00508E+0	4.05127E-1	1.79909E-3	1.00441E-2
6.00586E+0	4.04980E-1	0.00000E+0	1.02662E-2
6.00625E+0	4.04834E-1	1.33135E-3	1.03660E-2
6.00977E+0	4.04932E-1	1.96296E-3	1.01823E-2
6.01177E+0	4.04492E-1	1.99883E-3	1.01932E-2
6.01357E+0	4.04199E-1	2.42209E-3	1.00231E-2
6.01558E+0	4.03662E-1	4.88281E-4	1.01775E-2
6.01753E+0	4.02930E-1	2.39359E-3	9.77745E-3
6.02012E+0	4.01270E-1	1.33135E-3	9.77499E-3
6.02051E+0	4.00781E-1	0.00000E+0	9.80697E-3
6.02051E+0	4.00781E-1	0.00000E+0	9.65850E-3
6.02441E+0	3.99414E-1	1.96296E-3	9.56631E-3
6.02827E+0	3.96484E-1	2.41363E-3	9.51582E-3
6.03032E+0	3.94727E-1	1.09623E-3	9.63454E-3
6.03477E+0	3.91846E-1	4.89168E-3	9.72547E-3
6.03984E+0	3.89795E-1	1.37408E-3	9.36416E-3
6.04009E+0	3.86816E-1	4.88281E-4	9.40330E-3
6.04038E+0	3.84863E-1	1.25211E-3	9.52544E-3
6.04053E+0	3.84326E-1	1.47222E-3	9.34459E-3
6.04292E+0	3.82324E-1	2.41363E-3	9.29822E-3
6.04507E+0	3.78418E-1	8.37142E-4	9.40125E-3
6.04668E+0	3.75684E-1	2.35556E-3	9.71172E-3
6.04917E+0	3.73340E-1	1.65038E-3	9.77598E-3
6.04956E+0	3.72803E-1	1.06955E-3	9.82402E-3
6.04937E+0	3.71826E-1	1.40441E-3	9.62591E-3
6.04980E+0	3.68896E-1	0.00000E+0	9.26903E-3
6.04990E+0	3.65625E-1	6.87038E-4	9.42121E-3
6.04985E+0	3.63428E-1	4.88281E-4	9.23989E-3
6.04985E+0	3.62793E-1	4.88281E-4	8.92825E-3
6.05020E+0	3.63379E-1	1.33135E-3	9.44419E-3
6.05337E+0	3.61084E-1	2.17869E-3	9.29498E-3
6.05718E+0	3.53223E-1	2.45321E-3	8.86654E-3
6.05977E+0	3.39893E-1	9.61652E-4	9.66386E-3
6.06406E+0	3.24219E-1	1.79372E-3	9.25928E-3
6.07051E+0	3.05859E-1	2.51382E-3	9.35039E-3
6.07900E+0	2.78271E-1	3.10217E-3	1.22684E-2
6.08740E+0	2.36768E-1	2.24886E-3	1.15401E-2
6.08887E+0	2.19971E-1	0.00000E+0	7.15793E-3
6.09219E+0	2.01904E-1	2.76562E-3	8.76148E-3
6.09849E+0	1.79102E-1	8.37142E-4	8.17876E-3
6.09868E+0	1.64746E-1	4.88281E-4	5.70696E-3
6.09863E+0	1.61133E-1	0.00000E+0	5.97012E-3
6.09980E+0	1.52979E-1	2.09587E-3	5.97234E-3
6.10391E+0	1.40234E-1	1.50138E-3	6.09310E-3
6.10830E+0	1.29004E-1	1.38455E-3	5.81399E-3
6.11182E+0	1.17529E-1	2.24886E-3	5.34232E-3
6.11333E+0	1.08057E-1	4.88281E-4	4.53265E-3
6.11328E+0	1.00977E-1	0.00000E+0	5.09426E-3
6.11328E+0	9.77539E-2	0.00000E+0	4.22037E-3
6.11333E+0	9.52637E-2	4.88281E-4	3.89483E-3
6.11709E+0	9.10645E-2	2.03288E-3	4.18571E-3
6.11812E+0	8.85742E-2	4.88281E-4	4.39042E-3
6.11816E+0	8.62793E-2	0.00000E+0	4.39234E-3
6.12031E+0	7.99316E-2	2.43597E-3	4.74042E-3
6.12598E+0	7.02637E-2	2.40413E-3	4.43816E-3
6.12856E+0	6.11816E-2	1.65038E-3	4.41422E-3
6.13296E+0	5.07324E-2	1.46484E-3	6.31876E-3
6.13765E+0	3.72559E-2	1.09623E-3	4.53265E-3
6.14141E+0	2.77344E-2	2.09587E-3	3.66449E-3
6.14297E+0	2.11426E-2	1.33135E-3	3.80475E-3
6.14644E+0	1.46484E-2	1.99883E-3	3.32837E-3
6.14746E+0	1.13770E-2	0.00000E+0	2.30753E-3
6.14917E+0	7.22656E-3	2.34069E-3	3.36292E-3
6.15439E+0	-3.90625E-4	2.42209E-3	3.30513E-3
6.15762E+0	-9.37500E-3	1.33135E-3	3.23145E-3
6.16157E+0	-1.75293E-2	1.53548E-3	3.33523E-3
6.16323E+0	-2.35840E-2	2.06520E-3	1.96970E-3
6.16675E+0	-2.70508E-2	1.06955E-3	2.44584E-3
6.17192E+0	-3.35449E-2	2.98466E-3	3.90471E-3
6.17754E+0	-4.34570E-2	1.79909E-3	3.21800E-3
6.18223E+0	-5.11719E-2	1.87255E-3	2.54808E-3
6.18638E+0	-5.74707E-2	8.37142E-4	2.84926E-3
6.19014E+0	-6.38672E-2	2.15256E-3	2.15926E-3
6.19180E+0	-6.79199E-2	1.33135E-3	1.40441E-3
6.19453E+0	-6.87012E-2	2.35556E-3	1.25211E-3
6.19614E+0	-7.17773E-2	8.37142E-4	2.24886E-3
6.19634E+0	-7.43652E-2	4.88281E-4	2.06520E-3
6.19844E+0	-7.75391E-2	2.43597E-3	1.59472E-3
6.20093E+0	-7.81250E-2	1.06955E-3	0.00000E+0
6.20127E+0	-7.85156E-2	6.87038E-4	1.33135E-3
6.20420E+0	-8.12500E-2	2.38199E-3	2.35556E-3
6.20708E+0	-8.30078E-2	1.99883E-3	0.00000E+0
6.21240E+0	-8.40332E-2	2.45371E-3	1.99883E-3
6.21577E+0	-8.71582E-2	4.88281E-4	1.75230E-3
6.21597E+0	-8.78906E-2	8.37142E-4	0.00000E+0
6.21650E+0	-8.78906E-2	1.70281E-3	0.00000E+0
6.22026E+0	-8.78906E-2	1.40441E-3	0.00000E+0
6.22300E+0	-8.78906E-2	2.44928E-3	0.00000E+0
6.22803E+0	-8.79395E-2	4.24994E-3	4.88281E-4
6.23555E+0	-8.85254E-2	9.61652E-4	1.65038E-3
6.23950E+0	-8.83789E-2	1.75230E-3	1.47222E-3
6.24341E+0	-8.92578E-2	2.34069E-3	2.20342E-3
6.24917E+0	-8.96973E-2	1.84338E-3	2.36932E-3
6.25244E+0	-8.97461E-2	2.45371E-3	2.38199E-3
6.25908E+0	-8.99414E-2	1.70281E-3	2.42209E-3
6.26260E+0	-8.91602E-2	2.42209E-3	2.15256E-3
6.26743E+0	-8.88184E-2	2.42954E-3	1.92518E-3
6.27178E+0	-8.84766E-2	2.44584E-3	1.59472E-3
6.27471E+0	-8.81836E-2	1.16545E-3	1.16545E-3
6.27827E+0	-8.78906E-2	1.99883E-3	0.00000E+0
6.27930E+0	-8.78906E-2	0.00000E+0	0.00000E+0
6.28081E+0	-8.78906E-2	2.26964E-3	0.00000E+0
6.28437E+0	-8.79883E-2	1.18593E-3	6.87038E-4
6.28760E+0	-8.78906E-2	2.24886E-3	0.00000E+0
6.28906E+0	-8.78906E-2	0.00000E+0	0.00000E+0
6.29004E+0	-8.78906E-2	1.96296E-3	0.00000E+0
6.29365E+0	-8.78906E-2	1.16545E-3	0.00000E+0
6.29668E+0	-8.78906E-2	2.43597E-3	0.00000E+0
6.29893E+0	-8.78906E-2	6.87038E-4	0.00000E+0
6.30000E+0	-8.78906E-2	2.09587E-3	0.00000E+0
6.30293E+0	-8.78906E-2	1.79909E-3	0.00000E+0
6.30527E+0	-8.78906E-2	2.28919E-3	0.00000E+0
6.30928E+0	-8.79883E-2	1.70281E-3	6.87038E-4
6.31353E+0	-8.81836E-2	1.29745E-3	1.16545E-3
6.31636E+0	-8.87207E-2	2.41363E-3	1.84338E-3
6.31836E+0	-8.88672E-2	0.00000E+0	1.96296E-3
6.31943E+0	-9.04297E-2	2.03288E-3	2.45174E-3
6.32300E+0	-9.13574E-2	1.45163E-3	2.22680E-3
6.32710E+0	-9.24805E-2	1.99883E-3	1.16545E-3
6.32905E+0	-9.25781E-2	1.92518E-3	9.61652E-4
6.33296E+0	-9.27246E-2	1.29745E-3	4.88281E-4
6.33638E+0	-9.27246E-2	2.26964E-3	4.88281E-4
6.33789E+0	-9.26758E-2	0.00000E+0	6.87038E-4
6.33789E+0	-9.26758E-2	0.00000E+0	6.87038E-4
6.33984E+0	-9.27734E-2	2.40413E-3	0.00000E+0
6.34268E+0	-9.27734E-2	9.76562E-4	0.00000E+0
6.34507E+0	-9.27734E-2	2.44928E-3	0.00000E+0
6.34766E+0	-9.27734E-2	0.00000E+0	0.00000E+0
6.35034E+0	-9.27734E-2	2.44141E-3	0.00000E+0
6.35229E+0	-9.27734E-2	1.06955E-3	0.00000E+0
6.35317E+0	-9.27734E-2	1.65038E-3	0.00000E+0
6.35669E+0	-9.27734E-2	1.75230E-3	0.00000E+0
6.35742E+0	-9.27734E-2	0.00000E+0	0.00000E+0
6.35752E+0	-9.27734E-2	6.87038E-4	0.00000E+0
6.35952E+0	-9.27734E-2	2.42954E-3	0.00000E+0
6.36216E+0	-9.27734E-2	8.37142E-4	0.00000E+0
6.36387E+0	-9.27734E-2	2.28919E-3	0.00000E+0
6.36704E+0	-9.27734E-2	8.37142E-4	0.00000E+0
6.36904E+0	-9.27734E-2	2.38199E-3	0.00000E+0
6.37129E+0	-9.28223E-2	1.79909E-3	4.88281E-4
6.37139E+0	-9.27734E-2	1.70281E-3	0.00000E+0
6.37114E+0	-9.28223E-2	1.92518E-3	4.88281E-4
6.37158E+0	-9.27734E-2	1.47222E-3	0.00000E+0
6.37100E+0	-9.27734E-2	2.03288E-3	0.00000E+0
6.37148E+0	-9.28223E-2	1.59472E-3	4.88281E-4
6.37144E+0	-9.27734E-2	1.65038E-3	0.00000E+0
6.37168E+0	-9.27734E-2	1.33135E-3	0.00000E+0
6.37148E+0	-9.27734E-2	1.59472E-3	0.00000E+0
6.37144E+0	-9.27734E-2	1.65038E-3	0.00000E+0
6.37168E+0	-9.28223E-2	1.33135E-3	4.88281E-4
6.37183E+0	-9.27734E-2	1.06955E-3	0.00000E+0
6.37178E+0	-9.28223E-2	1.16545E-3	4.88281E-4
6.37173E+0	-9.28223E-2	1.25211E-3	4.88281E-4
6.37148E+0	-9.27734E-2	1.59472E-3	0.00000E+0
6.37188E+0	-9.27734E-2	9.61652E-4	0.00000E+0
6.37188E+0	-9.27734E-2	9.61652E-4	0.00000E+0
6.37188E+0	-9.27734E-2	9.61652E-4	0.00000E+0
