4.75635E+0	-9.28711E-2	1.47222E-3	6.87038E-4
4.75640E+0	-9.28711E-2	1.53548E-3	6.87038E-4
4.75674E+0	-9.27734E-2	1.88537E-3	0.00000E+0
4.75698E+0	-9.27734E-2	2.06520E-3	0.00000E+0
4.75669E+0	-9.28223E-2	1.84338E-3	4.88281E-4
4.75635E+0	-9.27734E-2	1.47222E-3	0.00000E+0
4.75654E+0	-9.28223E-2	1.70281E-3	4.88281E-4
4.75635E+0	-9.28711E-2	1.47222E-3	6.87038E-4
4.75654E+0	-9.28223E-2	1.70281E-3	4.88281E-4
4.75664E+0	-9.28223E-2	1.79909E-3	4.88281E-4
4.75640E+0	-9.27734E-2	1.53548E-3	0.00000E+0
4.75649E+0	-9.28711E-2	1.65038E-3	6.87038E-4
4.75620E+0	-9.27734E-2	1.25211E-3	0.00000E+0
4.75645E+0	-9.28711E-2	1.59472E-3	6.87038E-4
4.75645E+0	-9.28223E-2	1.59472E-3	4.88281E-4
4.75659E+0	-9.28711E-2	1.75230E-3	6.87038E-4
4.75640E+0	-9.28711E-2	1.53548E-3	6.87038E-4
4.75610E+0	-9.27734E-2	1.06955E-3	0.00000E+0
4.75596E+0	-9.29688E-2	6.87038E-4	9.61652E-4
4.75601E+0	-9.28711E-2	8.37142E-4	6.87038E-4
4.75586E+0	-9.29199E-2	0.00000E+0	8.37142E-4
4.75713E+0	-9.28711E-2	2.15256E-3	6.87038E-4
4.76050E+0	-9.29199E-2	1.45163E-3	8.37142E-4
4.76377E+0	-9.28223E-2	2.38199E-3	4.88281E-4
4.76582E+0	-9.28711E-2	9.61652E-4	6.87038E-4
4.76978E+0	-9.28711E-2	1.75230E-3	6.87038E-4
4.77383E+0	-9.28223E-2	2.28919E-3	4.88281E-4
4.77642E+0	-9.28711E-2	1.99883E-3	6.87038E-4
4.78022E+0	-9.28711E-2	1.29745E-3	6.87038E-4
4.78452E+0	-9.27734E-2	1.65038E-3	0.00000E+0
4.78799E+0	-9.27734E-2	2.42209E-3	0.00000E+0
4.79014E+0	-9.27734E-2	6.87038E-4	0.00000E+0
4.79355E+0	-9.28711E-2	2.20342E-3	6.87038E-4
4.79497E+0	-9.28223E-2	4.88281E-4	4.88281E-4
4.79678E+0	-9.28223E-2	2.38199E-3	4.88281E-4
4.80034E+0	-9.27734E-2	1.53548E-3	0.00000E+0
4.80396E+0	-9.27734E-2	1.75230E-3	0.00000E+0
4.80474E+0	-9.28711E-2	4.88281E-4	6.87038E-4
4.80771E+0	-9.29199E-2	2.38199E-3	8.37142E-4
4.81025E+0	-9.28711E-2	1.70281E-3	6.87038E-4
4.81396E+0	-9.27734E-2	1.47222E-3	0.00000E+0
4.81445E+0	-9.28223E-2	0.00000E+0	4.88281E-4
4.81455E+0	-9.29688E-2	6.87038E-4	9.61652E-4
4.81685E+0	-9.27734E-2	2.45321E-3	0.00000E+0
4.81973E+0	-9.28711E-2	1.50138E-3	6.87038E-4
4.82373E+0	-9.29199E-2	1.47222E-3	8.37142E-4
4.82632E+0	-9.27734E-2	2.42954E-3	0.00000E+0
4.82910E+0	-9.28223E-2	6.94013E-4	4.88281E-4
4.83179E+0	-9.28223E-2	2.44141E-3	4.88281E-4
4.83389E+0	-9.27734E-2	6.87038E-4	0.00000E+0
4.83540E+0	-9.28711E-2	2.22680E-3	6.87038E-4
4.83984E+0	-9.28223E-2	1.96296E-3	4.88281E-4
4.84336E+0	-9.28711E-2	1.33135E-3	6.87038E-4
4.84600E+0	-9.29688E-2	2.44584E-3	9.61652E-4
4.84937E+0	-9.29199E-2	1.75230E-3	8.37142E-4
4.85337E+0	-9.28223E-2	8.37142E-4	4.88281E-4
4.85425E+0	-9.28711E-2	1.75230E-3	6.87038E-4
4.85806E+0	-9.28223E-2	1.25211E-3	4.88281E-4
4.85840E+0	-9.27734E-2	0.00000E+0	0.00000E+0
4.85845E+0	-9.28223E-2	4.88281E-4	4.88281E-4
4.86030E+0	-9.28223E-2	2.39359E-3	4.88281E-4
4.86475E+0	-9.27734E-2	2.24886E-3	0.00000E+0
4.86841E+0	-9.28223E-2	1.75230E-3	4.88281E-4
4.87607E+0	-9.28223E-2	3.85036E-3	4.88281E-4
4.87793E+0	-9.28711E-2	0.00000E+0	6.87038E-4
4.87896E+0	-9.28223E-2	1.99883E-3	4.88281E-4
4.88286E+0	-9.27734E-2	1.90000E-3	0.00000E+0
4.88740E+0	-9.27734E-2	1.16545E-3	0.00000E+0
4.89082E+0	-9.28223E-2	2.35556E-3	4.88281E-4
4.89517E+0	-9.27734E-2	2.44928E-3	0.00000E+0
4.89746E+0	-9.28711E-2	0.00000E+0	6.87038E-4
4.89971E+0	-9.28711E-2	2.44584E-3	6.87038E-4
4.90327E+0	-9.27734E-2	1.92518E-3	0.00000E+0
4.90737E+0	-9.27734E-2	1.08741E-3	0.00000E+0
4.91118E+0	-9.28223E-2	1.92518E-3	4.88281E-4
4.91431E+0	-9.28223E-2	2.44141E-3	4.88281E-4
4.91729E+0	-9.28223E-2	1.16545E-3	4.88281E-4
4.92192E+0	-9.29199E-2	2.02278E-3	8.37142E-4
4.92661E+0	-9.28711E-2	1.08741E-3	6.87038E-4
4.93013E+0	-9.27734E-2	2.26964E-3	0.00000E+0
4.93232E+0	-9.28223E-2	1.70281E-3	4.88281E-4
4.93623E+0	-9.28223E-2	1.16545E-3	4.88281E-4
4.93652E+0	-9.29199E-2	0.00000E+0	8.37142E-4
4.93657E+0	-9.28223E-2	4.88281E-4	4.88281E-4
4.93813E+0	-9.28223E-2	2.30753E-3	4.88281E-4
4.94131E+0	-9.27734E-2	6.87038E-4	0.00000E+0
4.94453E+0	-9.28711E-2	2.35556E-3	6.87038E-4
4.94805E+0	-9.29199E-2	2.35556E-3	8.37142E-4
4.95220E+0	-9.28711E-2	1.99883E-3	6.87038E-4
4.95596E+0	-9.28711E-2	6.87038E-4	6.87038E-4
4.95767E+0	-9.28711E-2	2.30753E-3	6.87038E-4
4.96270E+0	-9.27734E-2	2.35556E-3	0.00000E+0
4.96685E+0	-9.28223E-2	1.99883E-3	4.88281E-4
4.97285E+0	-9.28711E-2	2.53291E-3	6.87038E-4
4.97603E+0	-9.27734E-2	1.40441E-3	0.00000E+0
4.98101E+0	-9.28711E-2	1.95004E-3	6.87038E-4
4.98667E+0	-9.28223E-2	2.28656E-3	4.88281E-4
4.99155E+0	-9.28711E-2	2.17869E-3	6.87038E-4
4.99653E+0	-9.28223E-2	2.22680E-3	4.88281E-4
5.00298E+0	-9.27734E-2	2.39359E-3	0.00000E+0
5.01001E+0	-9.27734E-2	3.05484E-3	0.00000E+0
5.01631E+0	-9.28711E-2	2.32468E-3	6.87038E-4
5.02373E+0	-9.28711E-2	2.86317E-3	6.87038E-4
5.03149E+0	-9.28223E-2	2.44141E-3	4.88281E-4
5.03594E+0	-9.28223E-2	2.35556E-3	4.88281E-4
5.04199E+0	-9.28711E-2	2.40413E-3	6.87038E-4
5.04717E+0	-9.27734E-2	2.32468E-3	0.00000E+0
5.05239E+0	-9.28223E-2	2.17869E-3	4.88281E-4
5.05737E+0	-9.27734E-2	2.80839E-3	0.00000E+0
5.06748E+0	-9.28223E-2	4.82726E-3	4.88281E-4
5.07769E+0	-9.28223E-2	2.69640E-3	4.88281E-4
5.08740E+0	-9.28223E-2	3.43519E-3	4.88281E-4
5.09634E+0	-9.28711E-2	2.28656E-3	6.87038E-4
5.10264E+0	-9.29199E-2	2.85980E-3	8.37142E-4
5.10977E+0	-9.28223E-2	2.45174E-3	4.88281E-4
5.11230E+0	-9.29688E-2	0.00000E+0	9.61652E-4
5.11562E+0	-9.29688E-2	2.28919E-3	9.61652E-4
5.11831E+0	-9.28223E-2	2.06520E-3	4.88281E-4
5.12539E+0	-9.28223E-2	2.28919E-3	4.88281E-4
5.13267E+0	-9.28223E-2	2.78082E-3	4.88281E-4
5.13750E+0	-9.29199E-2	1.79909E-3	8.37142E-4
5.14341E+0	-9.28223E-2	2.46887E-3	4.88281E-4
5.15005E+0	-9.28223E-2	2.17869E-3	4.88281E-4
5.15327E+0	-9.29199E-2	2.39359E-3	8.37142E-4
5.16001E+0	-9.27734E-2	3.59650E-3	0.00000E+0
5.16948E+0	-9.28223E-2	2.43350E-3	4.88281E-4
5.17656E+0	-9.27734E-2	2.27230E-3	0.00000E+0
5.18203E+0	-9.28223E-2	2.20342E-3	4.88281E-4
5.18862E+0	-9.27734E-2	2.56456E-3	0.00000E+0
5.19502E+0	-9.28223E-2	1.81242E-3	4.88281E-4
5.20278E+0	-9.28711E-2	2.72836E-3	6.87038E-4
5.20825E+0	-9.27734E-2	2.34069E-3	0.00000E+0
5.21348E+0	-9.27734E-2	2.20342E-3	0.00000E+0
5.21626E+0	-9.27734E-2	2.22680E-3	0.00000E+0
5.22061E+0	-9.28223E-2	2.00904E-3	4.88281E-4
5.22500E+0	-9.27734E-2	1.65402E-3	0.00000E+0
5.22930E+0	-9.29199E-2	9.61652E-4	8.37142E-4
5.22993E+0	-9.28711E-2	1.40441E-3	6.87038E-4
5.23345E+0	-9.28223E-2	1.92518E-3	4.88281E-4
5.23472E+0	-9.29199E-2	1.25211E-3	8.37142E-4
5.23755E+0	-9.28223E-2	2.34069E-3	4.88281E-4
5.24194E+0	-9.28223E-2	2.44141E-3	4.88281E-4
5.24756E+0	-9.27734E-2	2.45371E-3	0.00000E+0
5.25352E+0	-9.29199E-2	1.33135E-3	8.37142E-4
5.26035E+0	-9.27734E-2	4.64937E-3	0.00000E+0
5.26831E+0	-9.28223E-2	2.97496E-3	4.88281E-4
5.27490E+0	-9.28223E-2	2.54997E-3	4.88281E-4
5.27808E+0	-9.28223E-2	1.06955E-3	4.88281E-4
5.27998E+0	-9.28711E-2	2.32468E-3	6.87038E-4
5.28652E+0	-9.28711E-2	2.39208E-3	6.87038E-4
5.29458E+0	-9.28711E-2	2.30753E-3	6.87038E-4
5.29961E+0	-9.28223E-2	2.35556E-3	4.88281E-4
5.30493E+0	-9.28711E-2	2.44141E-3	6.87038E-4
5.31089E+0	-9.27734E-2	2.30753E-3	0.00000E+0
5.31494E+0	-9.28223E-2	2.45371E-3	4.88281E-4
5.32163E+0	-9.27734E-2	3.44604E-3	0.00000E+0
5.33071E+0	-9.28711E-2	2.84926E-3	6.87038E-4
5.33882E+0	-9.27734E-2	2.39359E-3	0.00000E+0
5.34185E+0	-9.27734E-2	4.88281E-4	0.00000E+0
5.34194E+0	-9.27734E-2	8.37142E-4	0.00000E+0
5.34204E+0	-9.28223E-2	1.06955E-3	4.88281E-4
5.34507E+0	-9.28223E-2	2.50759E-3	4.88281E-4
5.35234E+0	-9.27734E-2	3.23443E-3	0.00000E+0
5.36172E+0	-9.27734E-2	4.14553E-3	0.00000E+0
5.37393E+0	-9.27734E-2	3.03943E-3	0.00000E+0
5.38267E+0	-9.28223E-2	3.37543E-3	4.88281E-4
5.39106E+0	-9.27734E-2	2.09300E-3	0.00000E+0
5.39512E+0	-9.28223E-2	1.33135E-3	4.88281E-4
5.39551E+0	-9.28223E-2	0.00000E+0	4.88281E-4
5.39941E+0	-9.28223E-2	2.19466E-3	4.88281E-4
5.40425E+0	-9.27734E-2	1.99883E-3	0.00000E+0
5.40654E+0	-9.27734E-2	2.15256E-3	0.00000E+0
5.41299E+0	-9.27734E-2	2.42209E-3	0.00000E+0
5.41904E+0	-9.28223E-2	2.00904E-3	4.88281E-4
5.42378E+0	-9.28223E-2	2.11589E-3	4.88281E-4
5.43013E+0	-9.27734E-2	3.03268E-3	0.00000E+0
5.43467E+0	-9.28223E-2	6.87038E-4	4.88281E-4
5.43706E+0	-9.28223E-2	2.45321E-3	4.88281E-4
5.44023E+0	-9.29688E-2	1.92831E-3	9.61652E-4
5.44473E+0	-9.27734E-2	1.50138E-3	0.00000E+0
5.44883E+0	-9.27734E-2	1.33135E-3	0.00000E+0
5.44912E+0	-9.28223E-2	6.87038E-4	4.88281E-4
5.44912E+0	-9.28223E-2	6.87038E-4	4.88281E-4
5.45127E+0	-9.27734E-2	3.99766E-3	0.00000E+0
5.45801E+0	-9.27734E-2	2.94445E-3	0.00000E+0
5.46016E+0	-9.27734E-2	2.09587E-3	0.00000E+0
5.46396E+0	-9.27734E-2	6.87038E-4	0.00000E+0
5.46392E+0	-9.27734E-2	4.88281E-4	0.00000E+0
5.46401E+0	-9.27734E-2	8.37142E-4	0.00000E+0
5.46616E+0	-9.28711E-2	2.44928E-3	6.87038E-4
5.46948E+0	-9.27734E-2	1.75230E-3	0.00000E+0
5.47285E+0	-9.28223E-2	1.79909E-3	4.88281E-4
5.47466E+0	-9.27734E-2	1.99883E-3	0.00000E+0
5.47852E+0	-9.27734E-2	0.00000E+0	0.00000E+0
5.47852E+0	-9.27734E-2	0.00000E+0	0.00000E+0
5.47852E+0	-9.27734E-2	0.00000E+0	0.00000E+0
5.48120E+0	-9.27734E-2	2.44141E-3	0.00000E+0
5.48364E+0	-9.28223E-2	1.06955E-3	4.88281E-4
5.48350E+0	-9.28223E-2	6.87038E-4	4.88281E-4
5.48574E+0	-9.29199E-2	2.45174E-3	8.37142E-4
5.48818E+0	-9.27734E-2	6.87038E-4	0.00000E+0
5.48828E+0	-9.28223E-2	0.00000E+0	4.88281E-4
5.48882E+0	-9.27734E-2	1.53548E-3	0.00000E+0
5.49185E+0	-9.27734E-2	2.17869E-3	0.00000E+0
5.49302E+0	-9.28223E-2	8.37142E-4	4.88281E-4
5.49316E+0	-9.27734E-2	0.00000E+0	0.00000E+0
5.49434E+0	-9.27734E-2	2.09587E-3	0.00000E+0
5.49819E+0	-9.27734E-2	8.37142E-4	0.00000E+0
5.50215E+0	-9.28223E-2	1.79909E-3	4.88281E-4
5.50308E+0	-9.27734E-2	1.08741E-3	0.00000E+0
5.50688E+0	-9.28223E-2	1.92518E-3	4.88281E-4
5.50776E+0	-9.28223E-2	4.88281E-4	4.88281E-4
5.50781E+0	-9.27734E-2	0.00000E+0	0.00000E+0
5.51045E+0	-9.28223E-2	2.44584E-3	4.88281E-4
5.51309E+0	-9.28711E-2	1.33135E-3	6.87038E-4
5.51318E+0	-9.27734E-2	1.47222E-3	0.00000E+0
5.51411E+0	-9.27734E-2	2.22680E-3	0.00000E+0
5.51699E+0	-9.27734E-2	1.59472E-3	0.00000E+0
5.51826E+0	-9.28711E-2	1.70281E-3	6.87038E-4
5.52168E+0	-9.28223E-2	1.79909E-3	4.88281E-4
5.52227E+0	-9.27734E-2	9.61652E-4	0.00000E+0
5.52231E+0	-9.27734E-2	8.37142E-4	0.00000E+0
5.52231E+0	-9.28223E-2	8.37142E-4	4.88281E-4
5.52222E+0	-9.27734E-2	1.06955E-3	0.00000E+0
5.52231E+0	-9.28223E-2	8.37142E-4	4.88281E-4
5.52241E+0	-9.28223E-2	4.88281E-4	4.88281E-4
5.52261E+0	-9.28223E-2	1.08741E-3	4.88281E-4
5.52676E+0	-9.27734E-2	1.59472E-3	0.00000E+0
5.52734E+0	-9.28223E-2	0.00000E+0	4.88281E-4
5.52734E+0	-9.27734E-2	0.00000E+0	0.00000E+0
5.52734E+0	-9.27734E-2	0.00000E+0	0.00000E+0
5.52793E+0	-9.28223E-2	1.59472E-3	4.88281E-4
5.52886E+0	-9.27734E-2	2.26964E-3	0.00000E+0
5.53062E+0	-9.28223E-2	2.30753E-3	4.88281E-4
5.53223E+0	-9.27734E-2	0.00000E+0	0.00000E+0
5.53506E+0	-9.27734E-2	2.42209E-3	0.00000E+0
5.53706E+0	-9.27734E-2	4.88281E-4	0.00000E+0
5.53906E+0	-9.28223E-2	2.40413E-3	4.88281E-4
5.54253E+0	-9.28711E-2	1.53548E-3	6.87038E-4
5.54624E+0	-9.27734E-2	1.65038E-3	0.00000E+0
5.54697E+0	-9.28223E-2	6.87038E-4	4.88281E-4
5.54966E+0	-9.27734E-2	2.42954E-3	0.00000E+0
5.55176E+0	-9.28223E-2	0.00000E+0	4.88281E-4
5.55532E+0	-9.27734E-2	2.17869E-3	0.00000E+0
5.55664E+0	-9.27734E-2	0.00000E+0	0.00000E+0
5.55947E+0	-9.28223E-2	2.42209E-3	4.88281E-4
5.56245E+0	-9.27734E-2	1.92518E-3	0.00000E+0
5.56631E+0	-9.28223E-2	6.87038E-4	4.88281E-4
5.56714E+0	-9.28711E-2	1.75230E-3	6.87038E-4
5.57090E+0	-9.27734E-2	1.33135E-3	0.00000E+0
5.57275E+0	-9.27734E-2	2.24886E-3	0.00000E+0
5.57607E+0	-9.27734E-2	6.87038E-4	0.00000E+0
5.57676E+0	-9.27734E-2	1.59472E-3	0.00000E+0
5.58071E+0	-9.28223E-2	1.59094E-3	4.88281E-4
5.58218E+0	-9.27734E-2	2.06520E-3	0.00000E+0
5.58237E+0	-9.27734E-2	2.17869E-3	0.00000E+0
5.58384E+0	-9.27734E-2	2.42954E-3	0.00000E+0
5.58652E+0	-9.28223E-2	1.73919E-3	4.88281E-4
5.59116E+0	-9.28223E-2	2.22247E-3	4.88281E-4
5.59561E+0	-9.28223E-2	6.87038E-4	4.88281E-4
5.59946E+0	-9.28223E-2	2.06520E-3	4.88281E-4
5.60352E+0	-9.28711E-2	2.40413E-3	6.87038E-4
5.60591E+0	-9.28223E-2	1.40441E-3	4.88281E-4
5.60879E+0	-9.28223E-2	2.28919E-3	4.88281E-4
5.61055E+0	-9.27734E-2	9.61652E-4	0.00000E+0
5.61055E+0	-9.27734E-2	9.61652E-4	0.00000E+0
5.61089E+0	-9.27734E-2	1.53548E-3	0.00000E+0
5.61343E+0	-9.27734E-2	2.36932E-3	0.00000E+0
5.61514E+0	-9.28223E-2	6.87038E-4	4.88281E-4
5.61514E+0	-9.27734E-2	6.87038E-4	0.00000E+0
5.61523E+0	-9.27734E-2	0.00000E+0	0.00000E+0
5.61528E+0	-9.28223E-2	4.88281E-4	4.88281E-4
5.61543E+0	-9.28223E-2	9.61652E-4	4.88281E-4
5.61685E+0	-9.27734E-2	2.30753E-3	0.00000E+0
5.61699E+0	-9.28223E-2	2.35556E-3	4.88281E-4
5.61675E+0	-9.27734E-2	2.26964E-3	0.00000E+0
5.61777E+0	-9.28223E-2	2.45174E-3	4.88281E-4
5.62002E+0	-9.27734E-2	6.87038E-4	0.00000E+0
5.62031E+0	-9.27734E-2	9.61652E-4	0.00000E+0
5.62388E+0	-9.28223E-2	2.06520E-3	4.88281E-4
5.62505E+0	-9.28711E-2	4.88281E-4	6.87038E-4
5.62715E+0	-9.28223E-2	2.43597E-3	4.88281E-4
5.62988E+0	-9.28223E-2	0.00000E+0	4.88281E-4
5.63047E+0	-9.27734E-2	1.59472E-3	0.00000E+0
5.63369E+0	-9.29688E-2	2.03288E-3	9.61652E-4
5.63477E+0	-9.27734E-2	0.00000E+0	0.00000E+0
5.63721E+0	-9.28223E-2	2.45371E-3	4.88281E-4
5.63994E+0	-9.27734E-2	1.16545E-3	0.00000E+0
5.64375E+0	-9.28223E-2	1.79909E-3	4.88281E-4
5.64448E+0	-9.28711E-2	4.88281E-4	6.87038E-4
5.64453E+0	-9.28223E-2	0.00000E+0	4.88281E-4
5.64678E+0	-9.27734E-2	4.13040E-3	0.00000E+0
5.65303E+0	-9.28223E-2	3.30076E-3	4.88281E-4
5.65708E+0	-9.29199E-2	2.42954E-3	8.37142E-4
5.65972E+0	-9.28223E-2	1.53548E-3	4.88281E-4
5.66382E+0	-9.27734E-2	1.06955E-3	0.00000E+0
5.66401E+0	-9.27734E-2	4.88281E-4	0.00000E+0
5.66401E+0	-9.27734E-2	4.88281E-4	0.00000E+0
5.66396E+0	-9.27734E-2	6.87038E-4	0.00000E+0
5.66401E+0	-9.28223E-2	4.88281E-4	4.88281E-4
5.66401E+0	-9.27734E-2	4.88281E-4	0.00000E+0
5.66421E+0	-9.27734E-2	8.37142E-4	0.00000E+0
5.66821E+0	-9.28223E-2	1.88473E-3	4.88281E-4
5.67319E+0	-9.27734E-2	1.79036E-3	0.00000E+0
5.67388E+0	-9.27734E-2	4.88281E-4	0.00000E+0
5.67402E+0	-9.27734E-2	9.61652E-4	0.00000E+0
5.67744E+0	-9.27734E-2	2.15256E-3	0.00000E+0
5.68140E+0	-9.24316E-2	2.63131E-3	1.25211E-3
5.68799E+0	-8.91113E-2	1.90063E-3	2.12497E-3
5.69321E+0	-8.78906E-2	2.01801E-3	0.00000E+0
5.69790E+0	-8.51563E-2	1.25211E-3	2.43597E-3
5.69883E+0	-8.28613E-2	1.59472E-3	8.37142E-4
5.70254E+0	-7.93945E-2	1.59472E-3	2.15256E-3
5.70483E+0	-7.70996E-2	2.34069E-3	1.99883E-3
5.71001E+0	-7.09473E-2	2.51142E-3	2.81525E-3
5.71616E+0	-6.31836E-2	2.30753E-3	4.15365E-3
5.71924E+0	-5.26367E-2	2.24886E-3	2.65000E-3
5.72480E+0	-4.53125E-2	2.53291E-3	3.33415E-3
5.72886E+0	-3.38379E-2	2.28656E-3	4.61688E-3
5.73506E+0	-1.94336E-2	2.54240E-3	5.50768E-3
5.73784E+0	-3.75977E-3	1.53548E-3	5.18679E-3
5.74253E+0	1.26953E-2	1.86933E-3	5.63819E-3
5.74712E+0	2.99316E-2	1.29745E-3	5.49345E-3
5.75020E+0	4.24316E-2	2.35556E-3	5.83528E-3
5.75254E+0	5.69336E-2	1.73919E-3	6.09863E-3
5.75674E+0	7.35840E-2	6.87038E-4	6.21732E-3
5.76079E+0	9.37500E-2	2.56832E-3	7.66562E-3
5.76636E+0	1.15820E-1	1.06955E-3	7.24836E-3
5.76665E+0	1.29443E-1	4.88281E-4	5.61657E-3
5.76724E+0	1.36426E-1	1.65038E-3	5.71540E-3
5.76919E+0	1.43457E-1	2.44928E-3	5.49893E-3
5.77178E+0	1.50342E-1	1.35644E-3	5.81875E-3
5.77500E+0	1.59863E-1	2.20342E-3	6.45917E-3
5.77637E+0	1.67139E-1	0.00000E+0	6.43058E-3
5.77808E+0	1.83252E-1	2.34069E-3	8.56916E-3
5.78354E+0	2.05957E-1	2.44928E-3	9.08547E-3
5.78613E+0	2.21777E-1	0.00000E+0	7.48054E-3
5.78623E+0	2.29150E-1	6.87038E-4	7.18747E-3
5.78721E+0	2.33936E-1	2.03288E-3	7.82405E-3
5.79097E+0	2.42871E-1	4.88281E-4	9.75625E-3
5.79263E+0	2.55127E-1	2.30753E-3	9.57574E-3
5.79585E+0	2.66553E-1	4.88281E-4	8.24372E-3
5.79658E+0	2.75537E-1	1.70281E-3	7.98130E-3
5.80000E+0	2.85303E-1	1.79909E-3	8.30658E-3
5.80103E+0	2.92969E-1	1.06955E-3	8.58446E-3
5.80283E+0	2.99023E-1	2.42209E-3	8.24445E-3
5.80254E+0	3.01416E-1	2.35556E-3	7.81666E-3
5.80303E+0	3.03125E-1	2.44584E-3	7.65556E-3
5.80547E+0	3.06201E-1	9.61652E-4	7.92194E-3
5.80835E+0	3.15088E-1	2.44141E-3	8.70855E-3
5.81113E+0	3.25977E-1	1.59472E-3	9.02537E-3
5.81147E+0	3.31787E-1	1.92518E-3	8.87075E-3
5.81191E+0	3.34326E-1	2.20342E-3	8.70855E-3
5.81206E+0	3.35693E-1	2.26964E-3	9.05879E-3
5.81401E+0	3.37939E-1	2.22680E-3	9.16241E-3
5.81543E+0	3.42725E-1	0.00000E+0	8.82502E-3
5.81543E+0	3.47900E-1	0.00000E+0	9.00547E-3
5.81548E+0	3.49561E-1	4.88281E-4	8.83593E-3
5.81548E+0	3.50879E-1	4.88281E-4	8.94227E-3
5.81567E+0	3.52832E-1	1.06955E-3	8.85023E-3
5.81870E+0	3.55762E-1	2.30753E-3	9.23376E-3
5.82261E+0	3.61523E-1	2.44928E-3	9.56429E-3
5.82554E+0	3.67383E-1	1.25211E-3	9.51886E-3
5.82788E+0	3.71582E-1	2.44141E-3	9.50316E-3
5.82983E+0	3.73779E-1	1.06955E-3	9.70067E-3
5.83008E+0	3.75195E-1	0.00000E+0	9.90568E-3
5.83008E+0	3.76855E-1	0.00000E+0	9.75032E-3
5.83276E+0	3.79639E-1	2.44141E-3	9.39804E-3
5.83496E+0	3.83057E-1	0.00000E+0	9.19076E-3
5.83496E+0	3.85010E-1	0.00000E+0	9.55056E-3
5.83501E+0	3.85889E-1	4.88281E-4	9.40009E-3
5.83594E+0	3.86621E-1	1.96296E-3	9.39817E-3
5.84009E+0	3.89697E-1	1.75230E-3	9.35490E-3
5.84629E+0	3.92725E-1	4.64937E-3	9.96712E-3
5.84961E+0	3.94580E-1	0.00000E+0	9.73339E-3
5.84961E+0	3.95508E-1	0.00000E+0	9.64153E-3
5.84990E+0	3.95898E-1	1.16545E-3	9.70824E-3
5.85239E+0	3.98047E-1	2.42954E-3	9.82659E-3
5.85488E+0	3.99121E-1	1.50138E-3	9.80549E-3
5.85830E+0	4.00586E-1	2.03288E-3	9.71420E-3
5.85933E+0	4.01709E-1	4.88281E-4	9.90896E-3
5.86099E+0	4.03174E-1	2.30753E-3	9.91868E-3
5.86377E+0	4.04053E-1	1.47222E-3	1.01377E-2
5.86401E+0	4.04150E-1	1.06955E-3	9.63791E-3
5.86431E+0	4.04248E-1	4.88281E-4	9.91965E-3
5.86846E+0	4.04883E-1	1.70281E-3	1.03098E-2
5.87324E+0	4.05762E-1	1.79909E-3	1.03289E-2
5.87529E+0	4.05957E-1	2.15256E-3	1.05028E-2
5.87622E+0	4.05811E-1	2.44141E-3	1.05685E-2
5.87695E+0	4.06201E-1	2.40413E-3	1.04953E-2
5.87788E+0	4.05908E-1	1.99883E-3	1.03092E-2
5.87876E+0	4.06445E-1	8.37142E-4	1.02967E-2
5.87935E+0	4.06396E-1	1.40441E-3	1.07707E-2
5.88374E+0	4.06689E-1	1.76871E-3	1.04401E-2
5.88838E+0	4.06201E-1	1.35644E-3	1.05411E-2
5.89180E+0	4.05713E-1	2.35556E-3	1.04815E-2
5.89438E+0	4.05518E-1	1.84338E-3	1.02087E-2
5.89800E+0	4.05273E-1	1.40441E-3	9.93675E-3
5.89854E+0	4.03955E-1	6.87038E-4	1.01015E-2
5.89980E+0	4.03760E-1	2.20342E-3	1.00977E-2
5.89976E+0	4.03467E-1	2.17869E-3	1.00009E-2
5.89990E+0	4.03662E-1	2.24886E-3	1.00345E-2
5.90000E+0	4.03320E-1	2.28919E-3	1.00572E-2
5.90308E+0	4.02734E-1	1.06955E-3	9.80205E-3
5.90503E+0	4.01562E-1	2.34069E-3	9.74390E-3
5.90698E+0	4.01221E-1	2.12497E-3	9.88950E-3
5.90815E+0	4.00098E-1	4.88281E-4	9.48591E-3
5.90859E+0	3.99512E-1	1.33135E-3	9.99427E-3
5.91230E+0	3.98291E-1	1.79909E-3	9.49695E-3
5.91323E+0	3.97119E-1	8.37142E-4	9.74229E-3
5.91475E+0	3.96191E-1	2.32468E-3	9.74143E-3
5.91777E+0	3.95166E-1	9.61652E-4	9.79653E-3
5.91797E+0	3.93262E-1	0.00000E+0	9.87402E-3
5.92100E+0	3.90771E-1	2.38199E-3	9.70266E-3
5.92383E+0	3.87549E-1	1.96296E-3	9.40522E-3
5.92739E+0	3.84814E-1	1.25211E-3	9.25135E-3
5.92778E+0	3.82520E-1	4.88281E-4	9.34266E-3
5.93130E+0	3.79150E-1	2.38956E-3	9.65090E-3
5.93652E+0	3.73389E-1	1.96296E-3	9.62791E-3
5.93750E+0	3.67139E-1	0.00000E+0	9.50810E-3
5.93750E+0	3.63721E-1	0.00000E+0	9.37547E-3
5.93838E+0	3.61328E-1	1.88537E-3	9.41405E-3
5.94058E+0	3.58594E-1	2.36932E-3	8.81478E-3
5.94146E+0	3.55908E-1	1.92518E-3	9.17817E-3
5.94248E+0	3.53809E-1	6.87038E-4	8.97989E-3
5.94517E+0	3.47412E-1	2.42954E-3	9.24301E-3
5.94746E+0	3.40625E-1	1.18593E-3	8.89095E-3
5.95020E+0	3.34570E-1	2.40413E-3	8.84642E-3
5.95210E+0	3.29492E-1	4.88281E-4	8.76437E-3
5.95264E+0	3.23535E-1	1.47222E-3	8.46070E-3
5.95444E+0	3.19580E-1	2.44928E-3	8.01502E-3
5.95703E+0	3.11377E-1	0.00000E+0	8.60842E-3
5.96016E+0	3.01172E-1	2.35556E-3	8.35356E-3
5.96416E+0	2.89355E-1	2.44584E-3	8.62979E-3
5.96670E+0	2.79687E-1	6.87038E-4	7.79275E-3
5.96685E+0	2.73047E-1	4.88281E-4	7.39962E-3
5.96992E+0	2.64355E-1	2.35556E-3	8.24153E-3
5.97271E+0	2.50684E-1	2.11589E-3	1.00625E-2
5.97646E+0	2.34521E-1	6.87038E-4	8.76368E-3
5.97656E+0	2.22266E-1	0.00000E+0	6.99130E-3
5.97725E+0	2.14941E-1	1.70281E-3	6.83453E-3
5.98027E+0	2.08643E-1	2.09587E-3	6.61518E-3
5.98145E+0	2.01074E-1	0.00000E+0	6.77791E-3
5.98159E+0	1.95312E-1	8.37142E-4	5.68074E-3
5.98203E+0	1.91309E-1	1.59472E-3	5.52514E-3
5.98423E+0	1.86914E-1	2.42954E-3	5.85115E-3
5.98633E+0	1.80615E-1	0.00000E+0	6.71060E-3
5.98936E+0	1.69727E-1	2.38199E-3	6.28915E-3
5.99116E+0	1.60352E-1	4.88281E-4	6.11834E-3
5.99214E+0	1.52002E-1	1.92518E-3	4.84096E-3
5.99531E+0	1.45459E-1	1.79909E-3	5.60799E-3
5.99609E+0	1.39160E-1	0.00000E+0	5.12349E-3
5.99609E+0	1.33447E-1	0.00000E+0	5.19607E-3
5.99761E+0	1.25977E-1	2.26964E-3	5.84786E-3
6.00278E+0	1.13037E-1	2.36932E-3	5.39257E-3
6.00586E+0	9.80469E-2	0.00000E+0	5.49455E-3
6.00601E+0	8.95996E-2	8.37142E-4	4.35490E-3
6.00884E+0	8.25684E-2	2.39359E-3	4.33938E-3
6.01064E+0	7.63672E-2	6.87038E-4	3.95770E-3
6.01074E+0	7.14355E-2	0.00000E+0	3.37543E-3
6.01152E+0	6.86523E-2	1.79909E-3	4.09526E-3
6.01504E+0	6.09863E-2	1.59472E-3	4.36153E-3
6.01567E+0	4.97559E-2	4.88281E-4	6.99870E-3
6.01602E+0	3.74512E-2	1.33135E-3	3.40385E-3
6.01826E+0	3.31543E-2	2.44584E-3	3.49048E-3
6.02241E+0	2.47559E-2	2.39359E-3	4.45765E-3
6.02847E+0	9.76562E-3	2.36932E-3	4.85809E-3
6.03545E+0	-3.17383E-3	4.89857E-3	3.88740E-3
6.03867E+0	-8.64258E-3	3.40562E-3	2.06520E-3
6.03867E+0	-9.96094E-3	3.40562E-3	1.68861E-3
6.03965E+0	-1.14746E-2	1.92330E-3	2.34069E-3
6.03984E+0	-1.35742E-2	1.37408E-3	2.36168E-3
6.03965E+0	-1.51855E-2	1.92330E-3	2.58700E-3
6.03936E+0	-1.72363E-2	2.50422E-3	2.44928E-3
6.03984E+0	-1.88965E-2	1.37408E-3	2.74596E-3
6.04019E+0	-2.27539E-2	8.37142E-4	2.61708E-3
6.04287E+0	-2.66113E-2	2.42209E-3	2.44141E-3
6.04565E+0	-3.12012E-2	1.88473E-3	3.09556E-3
6.04907E+0	-3.74512E-2	1.75230E-3	2.30753E-3
6.04976E+0	-3.88672E-2	4.88281E-4	1.18593E-3
6.04980E+0	-4.08691E-2	0.00000E+0	2.36932E-3
6.05312E+0	-4.36523E-2	2.28919E-3	1.94076E-3
6.05830E+0	-4.78027E-2	2.15256E-3	2.11589E-3
6.05957E+0	-5.06348E-2	0.00000E+0	2.36932E-3
6.05957E+0	-5.31250E-2	0.00000E+0	1.59472E-3
6.05967E+0	-5.42969E-2	6.87038E-4	1.59472E-3
6.06128E+0	-5.63477E-2	2.34069E-3	2.44584E-3
6.06426E+0	-5.78613E-2	9.61652E-4	1.88473E-3
6.06440E+0	-5.88379E-2	4.88281E-4	1.45163E-3
6.06445E+0	-5.98145E-2	0.00000E+0	2.12497E-3
6.06450E+0	-6.08398E-2	4.88281E-4	2.44584E-3
6.06499E+0	-6.13770E-2	1.53548E-3	2.42954E-3
6.06816E+0	-6.27441E-2	2.09587E-3	1.75230E-3
6.07300E+0	-6.55273E-2	2.12497E-3	2.42209E-3
6.07437E+0	-6.80664E-2	8.37142E-4	1.16545E-3
6.07510E+0	-6.83594E-2	1.88537E-3	0.00000E+0
6.07876E+0	-6.84082E-2	1.25211E-3	4.88281E-4
6.08193E+0	-6.98730E-2	2.42209E-3	2.26964E-3
6.08481E+0	-7.29004E-2	1.84338E-3	1.25211E-3
6.08735E+0	-7.41211E-2	2.26964E-3	1.88537E-3
6.08823E+0	-7.50488E-2	1.65038E-3	2.36932E-3
6.08872E+0	-7.62695E-2	8.37142E-4	2.38199E-3
6.08989E+0	-7.75391E-2	1.99883E-3	1.59472E-3
6.09468E+0	-7.80762E-2	2.16093E-3	4.88281E-4
6.09624E+0	-7.82715E-2	2.45321E-3	8.37142E-4
6.09653E+0	-7.85156E-2	2.42954E-3	1.33135E-3
6.09595E+0	-7.87109E-2	2.44141E-3	1.59472E-3
6.09580E+0	-7.91016E-2	2.42209E-3	1.96296E-3
6.09614E+0	-7.97852E-2	2.45321E-3	2.32468E-3
6.09673E+0	-8.03223E-2	2.39359E-3	2.44141E-3
6.09849E+0	-8.17383E-2	8.37142E-4	2.15256E-3
6.09888E+0	-8.30078E-2	1.06955E-3	0.00000E+0
6.10146E+0	-8.30566E-2	2.42209E-3	4.88281E-4
6.10288E+0	-8.33008E-2	1.65038E-3	1.16545E-3
6.10352E+0	-8.38867E-2	0.00000E+0	1.88537E-3
6.10605E+0	-8.60352E-2	2.45174E-3	2.38199E-3
6.10918E+0	-8.76465E-2	1.79909E-3	1.06955E-3
6.11230E+0	-8.78906E-2	1.96296E-3	0.00000E+0
6.11367E+0	-8.78906E-2	1.50138E-3	0.00000E+0
6.11807E+0	-8.78906E-2	1.96051E-3	0.00000E+0
6.12578E+0	-8.91602E-2	2.43597E-3	2.15256E-3
6.12793E+0	-9.05762E-2	0.00000E+0	2.44141E-3
6.12793E+0	-9.10156E-2	0.00000E+0	2.35556E-3
6.12793E+0	-9.16992E-2	0.00000E+0	2.03288E-3
6.12817E+0	-9.20410E-2	1.06955E-3	1.75230E-3
6.12964E+0	-9.24805E-2	2.34069E-3	1.16545E-3
6.13252E+0	-9.24805E-2	1.35644E-3	1.16545E-3
6.13472E+0	-9.25293E-2	2.39359E-3	1.06955E-3
6.13765E+0	-9.26270E-2	4.88281E-4	8.37142E-4
6.13770E+0	-9.27734E-2	0.00000E+0	0.00000E+0
6.13955E+0	-9.27734E-2	2.38199E-3	0.00000E+0
6.14229E+0	-9.27734E-2	1.16545E-3	0.00000E+0
6.14233E+0	-9.27734E-2	1.06955E-3	0.00000E+0
6.14253E+0	-9.27734E-2	4.88281E-4	0.00000E+0
6.14272E+0	-9.27734E-2	8.37142E-4	0.00000E+0
6.14619E+0	-9.27734E-2	2.15256E-3	0.00000E+0
6.14946E+0	-9.27246E-2	2.41363E-3	4.88281E-4
6.15259E+0	-9.27734E-2	1.27498E-3	0.00000E+0
6.15605E+0	-9.27734E-2	2.09587E-3	0.00000E+0
6.15664E+0	-9.28223E-2	1.59472E-3	4.88281E-4
6.15723E+0	-9.27734E-2	0.00000E+0	0.00000E+0
6.15972E+0	-9.27734E-2	2.45321E-3	0.00000E+0
6.16299E+0	-9.27734E-2	1.88537E-3	0.00000E+0
6.16665E+0	-9.27734E-2	1.25211E-3	0.00000E+0
6.16709E+0	-9.27734E-2	6.87038E-4	0.00000E+0
6.16743E+0	-9.27734E-2	1.40441E-3	0.00000E+0
6.16836E+0	-9.27734E-2	2.20342E-3	0.00000E+0
6.17266E+0	-9.27734E-2	1.92831E-3	0.00000E+0
6.17656E+0	-9.27734E-2	9.61652E-4	0.00000E+0
6.17900E+0	-9.27734E-2	2.44584E-3	0.00000E+0
6.18291E+0	-9.27734E-2	2.15256E-3	0.00000E+0
6.18662E+0	-9.27246E-2	6.87038E-4	4.88281E-4
6.19038E+0	-9.27246E-2	1.99883E-3	4.88281E-4
6.19380E+0	-9.26270E-2	2.45321E-3	8.37142E-4
6.19658E+0	-9.25781E-2	1.16545E-3	9.61652E-4
6.20044E+0	-9.23340E-2	1.75230E-3	1.40441E-3
6.20254E+0	-9.26758E-2	2.20342E-3	6.87038E-4
6.20591E+0	-9.24805E-2	8.37142E-4	1.16545E-3
6.20605E+0	-9.21387E-2	0.00000E+0	1.65038E-3
6.20625E+0	-9.24805E-2	9.61652E-4	1.16545E-3
6.20908E+0	-9.25293E-2	2.38199E-3	1.06955E-3
6.21284E+0	-9.27734E-2	2.39359E-3	0.00000E+0
6.21582E+0	-9.26270E-2	0.00000E+0	8.37142E-4
6.21582E+0	-9.27246E-2	0.00000E+0	4.88281E-4
6.21602E+0	-9.26270E-2	9.61652E-4	8.37142E-4
6.22031E+0	-9.27246E-2	2.04469E-3	4.88281E-4
6.22559E+0	-9.27246E-2	2.40413E-3	4.88281E-4
6.23462E+0	-9.27734E-2	3.20864E-3	0.00000E+0
6.23965E+0	-9.27246E-2	1.59472E-3	4.88281E-4
6.24023E+0	-9.27734E-2	0.00000E+0	0.00000E+0
6.24404E+0	-9.27734E-2	2.03288E-3	0.00000E+0
6.24683E+0	-9.28223E-2	2.34069E-3	4.88281E-4
6.25034E+0	-9.27734E-2	1.43159E-3	0.00000E+0
6.25659E+0	-9.27734E-2	2.72129E-3	0.00000E+0
6.25977E+0	-9.28223E-2	0.00000E+0	4.88281E-4
6.25977E+0	-9.27734E-2	0.00000E+0	0.00000E+0
6.25977E+0	-9.28223E-2	0.00000E+0	4.88281E-4
6.26006E+0	-9.27734E-2	1.16545E-3	0.00000E+0
6.26255E+0	-9.27734E-2	2.42954E-3	0.00000E+0
6.26382E+0	-9.27734E-2	1.84338E-3	0.00000E+0
6.26426E+0	-9.28711E-2	1.33135E-3	6.87038E-4
6.26421E+0	-9.27734E-2	1.40441E-3	0.00000E+0
6.26416E+0	-9.28223E-2	1.47222E-3	4.88281E-4
6.26406E+0	-9.27734E-2	1.59472E-3	0.00000E+0
6.26396E+0	-9.27734E-2	1.70281E-3	0.00000E+0
6.26411E+0	-9.28711E-2	1.53548E-3	6.87038E-4
6.26445E+0	-9.28223E-2	9.61652E-4	4.88281E-4
6.26416E+0	-9.27734E-2	1.47222E-3	0.00000E+0
6.26436E+0	-9.27734E-2	1.16545E-3	0.00000E+0
6.26392E+0	-9.27734E-2	1.75230E-3	0.00000E+0
6.26372E+0	-9.28223E-2	1.92518E-3	4.88281E-4
6.26392E+0	-9.27734E-2	1.75230E-3	0.00000E+0
6.26421E+0	-9.28223E-2	1.40441E-3	4.88281E-4
6.26421E+0	-9.28223E-2	1.40441E-3	4.88281E-4
6.26431E+0	-9.27734E-2	1.25211E-3	0.00000E+0
6.26406E+0	-9.27734E-2	1.59472E-3	0.00000E+0
6.26401E+0	-9.28223E-2	1.65038E-3	4.88281E-4
6.26426E+0	-9.28711E-2	1.33135E-3	6.87038E-4
6.26416E+0	-9.28223E-2	1.47222E-3	4.88281E-4
6.26401E+0	-9.27734E-2	1.65038E-3	0.00000E+0
6.26421E+0	-9.27734E-2	1.40441E-3	0.00000E+0
6.26421E+0	-9.27734E-2	1.40441E-3	0.00000E+0
6.26436E+0	-9.27734E-2	1.16545E-3	0.00000E+0
6.26421E+0	-9.28223E-2	1.40441E-3	4.88281E-4
6.26450E+0	-9.28223E-2	8.37142E-4	4.88281E-4
6.26465E+0	-9.28223E-2	0.00000E+0	4.88281E-4
6.26450E+0	-9.28711E-2	8.37142E-4	6.87038E-4
6.26455E+0	-9.28711E-2	6.87038E-4	6.87038E-4
6.26465E+0	-9.27734E-2	0.00000E+0	0.00000E+0
6.26680E+0	-9.27734E-2	2.43597E-3	0.00000E+0
6.26733E+0	-9.28223E-2	2.44141E-3	4.88281E-4
6.26758E+0	-9.28223E-2	2.40413E-3	4.88281E-4
6.26763E+0	-9.29199E-2	2.39359E-3	8.37142E-4
6.26733E+0	-9.27734E-2	2.44141E-3	0.00000E+0
6.26797E+0	-9.28223E-2	2.28919E-3	4.88281E-4
6.26802E+0	-9.27734E-2	2.26964E-3	0.00000E+0
6.26782E+0	-9.27734E-2	2.34069E-3	0.00000E+0
6.26777E+0	-9.28223E-2	2.35556E-3	4.88281E-4
6.26768E+0	-9.28223E-2	2.38199E-3	4.88281E-4
6.26753E+0	-9.27734E-2	2.41363E-3	0.00000E+0
6.26807E+0	-9.28223E-2	2.24886E-3	4.88281E-4
6.26807E+0	-9.27734E-2	2.24886E-3	0.00000E+0
6.26763E+0	-9.27734E-2	2.39359E-3	0.00000E+0
6.26743E+0	-9.28223E-2	2.42954E-3	4.88281E-4
6.26738E+0	-9.27734E-2	2.43597E-3	0.00000E+0
6.26777E+0	-9.27734E-2	2.35556E-3	0.00000E+0
6.26738E+0	-9.28223E-2	2.43597E-3	4.88281E-4
6.26699E+0	-9.27734E-2	2.45174E-3	0.00000E+0
6.26704E+0	-9.27734E-2	2.45321E-3	0.00000E+0
6.26753E+0	-9.27734E-2	2.41363E-3	0.00000E+0
6.26738E+0	-9.27734E-2	2.43597E-3	0.00000E+0
6.26733E+0	-9.27734E-2	2.44141E-3	0.00000E+0
6.26709E+0	-9.27734E-2	2.45371E-3	0.00000E+0
6.26748E+0	-9.27734E-2	2.42209E-3	0.00000E+0
6.26709E+0	-9.27734E-2	2.45371E-3	0.00000E+0
6.26709E+0	-9.27734E-2	2.45371E-3	0.00000E+0
6.26758E+0	-9.28223E-2	2.40413E-3	4.88281E-4
6.26768E+0	-9.29199E-2	2.38199E-3	8.37142E-4
6.26797E+0	-9.28223E-2	2.28919E-3	4.88281E-4
6.26768E+0	-9.27734E-2	2.38199E-3	0.00000E+0
6.26729E+0	-9.27734E-2	2.44584E-3	0.00000E+0
6.26753E+0	-9.28223E-2	2.41363E-3	4.88281E-4
6.26772E+0	-9.28223E-2	2.36932E-3	4.88281E-4
6.26758E+0	-9.29688E-2	2.40413E-3	9.61652E-4
6.26689E+0	-9.27734E-2	2.44584E-3	0.00000E+0
6.26738E+0	-9.28223E-2	2.43597E-3	4.88281E-4
6.26714E+0	-9.28223E-2	2.45321E-3	4.88281E-4
6.26743E+0	-9.28223E-2	2.42954E-3	4.88281E-4
