4.75586E+0	-9.28711E-2	0.00000E+0	6.87038E-4
4.75586E+0	-9.28711E-2	0.00000E+0	6.87038E-4
4.75586E+0	-9.28711E-2	0.00000E+0	6.87038E-4
4.75586E+0	-9.28711E-2	0.00000E+0	6.87038E-4
4.75586E+0	-9.28711E-2	0.00000E+0	6.87038E-4
4.75586E+0	-9.28223E-2	0.00000E+0	4.88281E-4
4.75586E+0	-9.28223E-2	0.00000E+0	4.88281E-4
4.75586E+0	-9.28711E-2	0.00000E+0	6.87038E-4
4.75586E+0	-9.27734E-2	0.00000E+0	0.00000E+0
4.75586E+0	-9.28223E-2	0.00000E+0	4.88281E-4
4.75586E+0	-9.29199E-2	0.00000E+0	8.37142E-4
4.75586E+0	-9.28223E-2	0.00000E+0	4.88281E-4
4.75586E+0	-9.28711E-2	0.00000E+0	6.87038E-4
4.75586E+0	-9.28223E-2	0.00000E+0	4.88281E-4
4.75586E+0	-9.28711E-2	0.00000E+0	6.87038E-4
4.75586E+0	-9.28711E-2	0.00000E+0	6.87038E-4
4.75586E+0	-9.30176E-2	0.00000E+0	1.06955E-3
4.75586E+0	-9.28711E-2	0.00000E+0	6.87038E-4
4.75879E+0	-9.28223E-2	2.40413E-3	4.88281E-4
4.76406E+0	-9.29199E-2	2.28919E-3	8.37142E-4
4.76890E+0	-9.29199E-2	2.50759E-3	8.37142E-4
4.77402E+0	-9.28711E-2	2.20342E-3	6.87038E-4
4.77544E+0	-9.29199E-2	4.88281E-4	8.37142E-4
4.77749E+0	-9.29688E-2	2.42954E-3	9.61652E-4
4.78037E+0	-9.28223E-2	9.76562E-4	4.88281E-4
4.78472E+0	-9.28711E-2	1.97459E-3	6.87038E-4
4.78984E+0	-9.28223E-2	1.53939E-3	4.88281E-4
4.79419E+0	-9.29199E-2	1.75230E-3	8.37142E-4
4.79722E+0	-9.28711E-2	2.44928E-3	6.87038E-4
4.80337E+0	-9.28223E-2	2.17869E-3	4.88281E-4
4.80474E+0	-9.27734E-2	4.88281E-4	0.00000E+0
4.80854E+0	-9.29199E-2	1.99883E-3	8.37142E-4
4.81353E+0	-9.28223E-2	1.92518E-3	4.88281E-4
4.81465E+0	-9.27734E-2	9.61652E-4	0.00000E+0
4.81899E+0	-9.28223E-2	1.73573E-3	4.88281E-4
4.82314E+0	-9.28223E-2	2.03288E-3	4.88281E-4
4.82803E+0	-9.28223E-2	2.03288E-3	4.88281E-4
4.83091E+0	-9.28223E-2	2.36932E-3	4.88281E-4
4.83394E+0	-9.28711E-2	4.88281E-4	6.87038E-4
4.83589E+0	-9.28711E-2	2.39359E-3	6.87038E-4
4.84199E+0	-9.29199E-2	2.35556E-3	8.37142E-4
4.84482E+0	-9.28223E-2	2.03288E-3	4.88281E-4
4.84932E+0	-9.28711E-2	2.08435E-3	6.87038E-4
4.85410E+0	-9.27734E-2	1.59472E-3	0.00000E+0
4.85825E+0	-9.28223E-2	8.37142E-4	4.88281E-4
4.85825E+0	-9.28223E-2	8.37142E-4	4.88281E-4
4.85825E+0	-9.28223E-2	8.37142E-4	4.88281E-4
4.86250E+0	-9.28711E-2	3.00276E-3	6.87038E-4
4.87339E+0	-9.28711E-2	4.96862E-3	6.87038E-4
4.87852E+0	-9.28223E-2	1.59472E-3	4.88281E-4
4.88506E+0	-9.27734E-2	2.72527E-3	0.00000E+0
4.89282E+0	-9.28711E-2	3.28283E-3	6.87038E-4
4.89746E+0	-9.28711E-2	0.00000E+0	6.87038E-4
4.89746E+0	-9.28223E-2	0.00000E+0	4.88281E-4
4.89746E+0	-9.28223E-2	0.00000E+0	4.88281E-4
4.89746E+0	-9.27734E-2	0.00000E+0	0.00000E+0
4.89888E+0	-9.27734E-2	2.22680E-3	0.00000E+0
4.90703E+0	-9.28711E-2	3.46451E-3	6.87038E-4
4.91982E+0	-9.28223E-2	4.50734E-3	4.88281E-4
4.93208E+0	-9.28223E-2	3.47665E-3	4.88281E-4
4.93652E+0	-9.28223E-2	0.00000E+0	4.88281E-4
4.93652E+0	-9.28223E-2	0.00000E+0	4.88281E-4
4.93652E+0	-9.27734E-2	0.00000E+0	0.00000E+0
4.93872E+0	-9.29688E-2	2.44141E-3	9.61652E-4
4.94902E+0	-9.28223E-2	4.46116E-3	4.88281E-4
4.95937E+0	-9.29199E-2	2.58561E-3	8.37142E-4
4.96587E+0	-9.28711E-2	1.09623E-3	6.87038E-4
4.97080E+0	-9.28711E-2	2.85980E-3	6.87038E-4
4.97554E+0	-9.28711E-2	4.88281E-4	6.87038E-4
4.97578E+0	-9.28223E-2	9.61652E-4	4.88281E-4
4.97729E+0	-9.29688E-2	2.34069E-3	9.61652E-4
4.98413E+0	-9.28223E-2	3.20864E-3	4.88281E-4
4.99048E+0	-9.28223E-2	1.06955E-3	4.88281E-4
4.99087E+0	-9.27734E-2	1.65038E-3	0.00000E+0
4.99165E+0	-9.28711E-2	2.22680E-3	6.87038E-4
4.99150E+0	-9.28711E-2	2.15256E-3	6.87038E-4
4.99492E+0	-9.28711E-2	9.61652E-4	6.87038E-4
4.99585E+0	-9.27734E-2	1.75230E-3	0.00000E+0
4.99727E+0	-9.28223E-2	2.43597E-3	4.88281E-4
5.00239E+0	-9.28711E-2	2.54949E-3	6.87038E-4
5.00649E+0	-9.29199E-2	2.30753E-3	8.37142E-4
5.01011E+0	-9.27734E-2	1.25211E-3	0.00000E+0
5.01440E+0	-9.27734E-2	1.06955E-3	0.00000E+0
5.01860E+0	-9.29199E-2	2.04646E-3	8.37142E-4
5.02412E+0	-9.27734E-2	2.06111E-3	0.00000E+0
5.02949E+0	-9.27734E-2	1.68861E-3	0.00000E+0
5.03379E+0	-9.29199E-2	1.33135E-3	8.37142E-4
5.03955E+0	-9.27734E-2	2.98506E-3	0.00000E+0
5.04546E+0	-9.27734E-2	2.26964E-3	0.00000E+0
5.05200E+0	-9.29199E-2	2.34069E-3	8.37142E-4
5.05552E+0	-9.28711E-2	2.36932E-3	6.87038E-4
5.06157E+0	-9.28223E-2	2.67848E-3	4.88281E-4
5.07192E+0	-9.29688E-2	3.66285E-3	9.61652E-4
5.07754E+0	-9.28223E-2	1.59472E-3	4.88281E-4
5.08125E+0	-9.29688E-2	2.35556E-3	9.61652E-4
5.08789E+0	-9.28223E-2	2.19466E-3	4.88281E-4
5.09443E+0	-9.27734E-2	2.32468E-3	0.00000E+0
5.10034E+0	-9.27734E-2	2.63131E-3	0.00000E+0
5.10957E+0	-9.28223E-2	2.71642E-3	4.88281E-4
5.11504E+0	-9.28711E-2	2.43597E-3	6.87038E-4
5.11758E+0	-9.28711E-2	1.33135E-3	6.87038E-4
5.12451E+0	-9.28223E-2	3.06468E-3	4.88281E-4
5.13193E+0	-9.28711E-2	2.40213E-3	6.87038E-4
5.13657E+0	-9.28711E-2	8.37142E-4	6.87038E-4
5.14063E+0	-9.28711E-2	2.19466E-3	6.87038E-4
5.14648E+0	-9.28711E-2	2.30178E-3	6.87038E-4
5.15166E+0	-9.28711E-2	1.35644E-3	6.87038E-4
5.15688E+0	-9.28223E-2	1.92017E-3	4.88281E-4
5.16333E+0	-9.28223E-2	2.53813E-3	4.88281E-4
5.16650E+0	-9.28223E-2	1.47222E-3	4.88281E-4
5.16973E+0	-9.29688E-2	2.09587E-3	9.61652E-4
5.17114E+0	-9.29199E-2	1.06955E-3	8.37142E-4
5.17529E+0	-9.27734E-2	1.47222E-3	0.00000E+0
5.17642E+0	-9.28711E-2	1.65038E-3	6.87038E-4
5.18032E+0	-9.28711E-2	1.43159E-3	6.87038E-4
5.18618E+0	-9.28223E-2	3.15413E-3	4.88281E-4
5.19351E+0	-9.27734E-2	2.36932E-3	0.00000E+0
5.19629E+0	-9.27734E-2	1.96296E-3	0.00000E+0
5.20186E+0	-9.27734E-2	2.42607E-3	0.00000E+0
5.20728E+0	-9.28711E-2	2.44141E-3	6.87038E-4
5.21265E+0	-9.28711E-2	2.44141E-3	6.87038E-4
5.21743E+0	-9.28223E-2	2.44928E-3	4.88281E-4
5.22100E+0	-9.27734E-2	2.15256E-3	0.00000E+0
5.22183E+0	-9.28223E-2	2.42954E-3	4.88281E-4
5.22207E+0	-9.27734E-2	2.45174E-3	0.00000E+0
5.22358E+0	-9.28223E-2	2.22680E-3	4.88281E-4
5.23086E+0	-9.28223E-2	3.74252E-3	4.88281E-4
5.24717E+0	-9.27734E-2	5.45496E-3	0.00000E+0
5.26299E+0	-9.27734E-2	5.28635E-3	0.00000E+0
5.26929E+0	-9.28711E-2	1.75230E-3	6.87038E-4
5.27271E+0	-9.28223E-2	1.75230E-3	4.88281E-4
5.27437E+0	-9.28711E-2	2.16093E-3	6.87038E-4
5.27979E+0	-9.28711E-2	2.35351E-3	6.87038E-4
5.28740E+0	-9.27734E-2	2.08435E-3	0.00000E+0
5.29209E+0	-9.27734E-2	1.88537E-3	0.00000E+0
5.29272E+0	-9.28711E-2	1.06955E-3	6.87038E-4
5.29297E+0	-9.27734E-2	0.00000E+0	0.00000E+0
5.29297E+0	-9.29199E-2	0.00000E+0	8.37142E-4
5.29380E+0	-9.28223E-2	1.84338E-3	4.88281E-4
5.29775E+0	-9.28223E-2	6.87038E-4	4.88281E-4
5.30220E+0	-9.27734E-2	2.39359E-3	0.00000E+0
5.31030E+0	-9.28223E-2	2.63131E-3	4.88281E-4
5.31743E+0	-9.28223E-2	1.90000E-3	4.88281E-4
5.32236E+0	-9.27734E-2	1.19805E-3	0.00000E+0
5.32573E+0	-9.27734E-2	2.22680E-3	0.00000E+0
5.32998E+0	-9.28223E-2	2.42209E-3	4.88281E-4
5.33252E+0	-9.28223E-2	1.47222E-3	4.88281E-4
5.33462E+0	-9.27734E-2	2.44928E-3	0.00000E+0
5.33540E+0	-9.28711E-2	2.26964E-3	6.87038E-4
5.33657E+0	-9.28223E-2	1.25211E-3	4.88281E-4
5.33726E+0	-9.28223E-2	1.25211E-3	4.88281E-4
5.34092E+0	-9.28711E-2	1.88537E-3	6.87038E-4
5.34189E+0	-9.28223E-2	6.87038E-4	4.88281E-4
5.34214E+0	-9.27734E-2	1.25211E-3	0.00000E+0
5.34502E+0	-9.27734E-2	2.32468E-3	0.00000E+0
5.34658E+0	-9.29199E-2	6.87038E-4	8.37142E-4
5.34663E+0	-9.28711E-2	4.88281E-4	6.87038E-4
5.34697E+0	-9.27734E-2	1.16545E-3	0.00000E+0
5.34800E+0	-9.27734E-2	2.17869E-3	0.00000E+0
5.35127E+0	-9.28223E-2	1.16545E-3	4.88281E-4
5.35435E+0	-9.28223E-2	2.42954E-3	4.88281E-4
5.35684E+0	-9.27734E-2	1.33135E-3	0.00000E+0
5.36206E+0	-9.27734E-2	1.88473E-3	0.00000E+0
5.36582E+0	-9.27734E-2	1.33135E-3	0.00000E+0
5.36831E+0	-9.27734E-2	2.42954E-3	0.00000E+0
5.37153E+0	-9.28711E-2	1.56653E-3	6.87038E-4
5.37539E+0	-9.27734E-2	1.59472E-3	0.00000E+0
5.37598E+0	-9.27734E-2	0.00000E+0	0.00000E+0
5.37627E+0	-9.28223E-2	1.16545E-3	4.88281E-4
5.37988E+0	-9.27734E-2	1.96296E-3	0.00000E+0
5.38125E+0	-9.27734E-2	1.33135E-3	0.00000E+0
5.38433E+0	-9.27734E-2	2.22680E-3	0.00000E+0
5.38569E+0	-9.27734E-2	4.88281E-4	0.00000E+0
5.38872E+0	-9.27734E-2	2.39359E-3	0.00000E+0
5.39253E+0	-9.27734E-2	2.39359E-3	0.00000E+0
5.39575E+0	-9.27734E-2	1.06955E-3	0.00000E+0
5.39956E+0	-9.27734E-2	1.84338E-3	0.00000E+0
5.40259E+0	-9.27734E-2	2.44141E-3	0.00000E+0
5.40571E+0	-9.27734E-2	1.56653E-3	0.00000E+0
5.40991E+0	-9.27734E-2	1.27498E-3	0.00000E+0
5.41343E+0	-9.27734E-2	2.30753E-3	0.00000E+0
5.41504E+0	-9.27734E-2	0.00000E+0	0.00000E+0
5.41729E+0	-9.27734E-2	2.44584E-3	0.00000E+0
5.42285E+0	-9.27734E-2	2.40413E-3	0.00000E+0
5.42886E+0	-9.27734E-2	2.08839E-3	0.00000E+0
5.43369E+0	-9.27734E-2	1.88537E-3	0.00000E+0
5.43457E+0	-9.27734E-2	0.00000E+0	0.00000E+0
5.43516E+0	-9.28223E-2	1.59472E-3	4.88281E-4
5.43945E+0	-9.27734E-2	1.83619E-3	0.00000E+0
5.44380E+0	-9.27734E-2	1.53548E-3	0.00000E+0
5.44634E+0	-9.27734E-2	2.41363E-3	0.00000E+0
5.45488E+0	-9.27734E-2	4.84419E-3	0.00000E+0
5.45898E+0	-9.27734E-2	0.00000E+0	0.00000E+0
5.45898E+0	-9.27246E-2	0.00000E+0	4.88281E-4
5.45908E+0	-9.27734E-2	6.87038E-4	0.00000E+0
5.46055E+0	-9.27246E-2	2.28919E-3	4.88281E-4
5.46543E+0	-9.27246E-2	2.39208E-3	4.88281E-4
5.46860E+0	-9.27734E-2	1.08741E-3	0.00000E+0
5.47202E+0	-9.27734E-2	2.30753E-3	0.00000E+0
5.47378E+0	-9.27734E-2	8.37142E-4	0.00000E+0
5.47729E+0	-9.27734E-2	2.12497E-3	0.00000E+0
5.48071E+0	-9.27734E-2	2.44141E-3	0.00000E+0
5.48521E+0	-9.27734E-2	2.36932E-3	0.00000E+0
5.48838E+0	-9.27734E-2	6.87038E-4	0.00000E+0
5.49072E+0	-9.27734E-2	2.45371E-3	0.00000E+0
5.49316E+0	-9.27734E-2	0.00000E+0	0.00000E+0
5.49316E+0	-9.27734E-2	0.00000E+0	0.00000E+0
5.49458E+0	-9.27734E-2	2.22680E-3	0.00000E+0
5.49790E+0	-9.27734E-2	8.37142E-4	0.00000E+0
5.49995E+0	-9.28223E-2	2.39359E-3	4.88281E-4
5.50288E+0	-9.28223E-2	4.88281E-4	4.88281E-4
5.50332E+0	-9.27734E-2	1.33135E-3	0.00000E+0
5.50508E+0	-9.28223E-2	2.43597E-3	4.88281E-4
5.50635E+0	-9.28223E-2	2.24886E-3	4.88281E-4
5.50757E+0	-9.27734E-2	1.27498E-3	0.00000E+0
5.50820E+0	-9.29688E-2	1.33135E-3	9.61652E-4
5.51187E+0	-9.27734E-2	1.84338E-3	0.00000E+0
5.51270E+0	-9.28711E-2	0.00000E+0	6.87038E-4
5.51602E+0	-9.27734E-2	2.28919E-3	0.00000E+0
5.51792E+0	-9.28711E-2	1.25211E-3	6.87038E-4
5.52183E+0	-9.28223E-2	1.65038E-3	4.88281E-4
5.52407E+0	-9.28223E-2	2.30753E-3	4.88281E-4
5.52690E+0	-9.27734E-2	1.40441E-3	0.00000E+0
5.52739E+0	-9.28223E-2	4.88281E-4	4.88281E-4
5.53027E+0	-9.28223E-2	2.40413E-3	4.88281E-4
5.53247E+0	-9.28223E-2	1.06955E-3	4.88281E-4
5.53638E+0	-9.27734E-2	1.75230E-3	0.00000E+0
5.53711E+0	-9.28711E-2	0.00000E+0	6.87038E-4
5.53721E+0	-9.27734E-2	6.87038E-4	0.00000E+0
5.53882E+0	-9.27734E-2	2.34069E-3	0.00000E+0
5.54351E+0	-9.27734E-2	2.26964E-3	0.00000E+0
5.54775E+0	-9.28711E-2	1.88537E-3	6.87038E-4
5.55142E+0	-9.27734E-2	1.25211E-3	0.00000E+0
5.55522E+0	-9.22852E-2	2.22680E-3	1.47222E-3
5.55835E+0	-8.98926E-2	2.34069E-3	2.41363E-3
5.56426E+0	-8.79883E-2	2.53291E-3	6.87038E-4
5.56743E+0	-8.70605E-2	1.99883E-3	1.84338E-3
5.57144E+0	-8.38379E-2	8.37142E-4	1.84338E-3
5.57227E+0	-8.21289E-2	1.96296E-3	1.88537E-3
5.57534E+0	-8.06641E-2	1.84338E-3	2.45174E-3
5.57617E+0	-7.82227E-2	0.00000E+0	9.76562E-4
5.57964E+0	-7.24121E-2	2.22680E-3	3.47388E-3
5.58384E+0	-6.34766E-2	2.42954E-3	3.47006E-3
5.58628E+0	-5.54199E-2	1.25211E-3	2.63131E-3
5.58608E+0	-5.04395E-2	8.37142E-4	2.30753E-3
5.58750E+0	-4.99023E-2	2.28919E-3	2.03288E-3
5.59067E+0	-4.87305E-2	8.37142E-4	1.38455E-3
5.59155E+0	-4.62402E-2	1.75230E-3	2.63862E-3
5.59502E+0	-3.85254E-2	1.70281E-3	3.39251E-3
5.59590E+0	-2.64648E-2	9.61652E-4	3.87530E-3
5.60020E+0	-1.32324E-2	1.33135E-3	4.06427E-3
5.60088E+0	-4.98047E-3	1.16545E-3	3.25373E-3
5.60063E+0	-2.88086E-3	4.88281E-4	2.60555E-3
5.60078E+0	-2.34375E-3	9.61652E-4	2.45174E-3
5.60234E+0	-1.17187E-3	2.35556E-3	2.95425E-3
5.60527E+0	8.54492E-3	9.61652E-4	4.57075E-3
5.60771E+0	2.18750E-2	2.44584E-3	4.97951E-3
5.61299E+0	3.62793E-2	2.44584E-3	6.21732E-3
5.61519E+0	5.41992E-2	4.88281E-4	5.74398E-3
5.61523E+0	6.28418E-2	0.00000E+0	4.42511E-3
5.61611E+0	7.02148E-2	1.88537E-3	3.97349E-3
5.61880E+0	7.83203E-2	2.17869E-3	5.80321E-3
5.61997E+0	8.79883E-2	8.37142E-4	4.60251E-3
5.62002E+0	9.15527E-2	6.87038E-4	4.40985E-3
5.62153E+0	1.01416E-1	2.22680E-3	5.75884E-3
5.62476E+0	1.11377E-1	1.06955E-3	4.48136E-3
5.62485E+0	1.15479E-1	8.37142E-4	4.51775E-3
5.62490E+0	1.20557E-1	6.87038E-4	5.17935E-3
5.62632E+0	1.30225E-1	2.17869E-3	5.72529E-3
5.62861E+0	1.36523E-1	2.15256E-3	5.09615E-3
5.62920E+0	1.36816E-1	1.70281E-3	4.75690E-3
5.62988E+0	1.38428E-1	0.00000E+0	5.39257E-3
5.63130E+0	1.45410E-1	2.22680E-3	5.66291E-3
5.63452E+0	1.56885E-1	1.06955E-3	6.49764E-3
5.63481E+0	1.67334E-1	4.88281E-4	6.50505E-3
5.63604E+0	1.80225E-1	2.15256E-3	8.33090E-3
5.63960E+0	1.97266E-1	4.88281E-4	7.72820E-3
5.63965E+0	2.06104E-1	0.00000E+0	6.84562E-3
5.64087E+0	2.12305E-1	2.12497E-3	7.29473E-3
5.64453E+0	2.22607E-1	0.00000E+0	7.73116E-3
5.64453E+0	2.31738E-1	0.00000E+0	7.61582E-3
5.64580E+0	2.37842E-1	3.30076E-3	8.97654E-3
5.65244E+0	2.47119E-1	3.85036E-3	9.81225E-3
5.65430E+0	2.59131E-1	0.00000E+0	8.92164E-3
5.65479E+0	2.69336E-1	1.47222E-3	8.60464E-3
5.65518E+0	2.74463E-1	1.88537E-3	7.58016E-3
5.65718E+0	2.77637E-1	2.41363E-3	7.79089E-3
5.65879E+0	2.82373E-1	1.33135E-3	8.32974E-3
5.65918E+0	2.85889E-1	0.00000E+0	8.07489E-3
5.65957E+0	2.87354E-1	1.33135E-3	8.33899E-3
5.66143E+0	2.94434E-1	2.44584E-3	8.84696E-3
5.66299E+0	3.03711E-1	2.03288E-3	8.27012E-3
5.66421E+0	3.10254E-1	8.37142E-4	8.92609E-3
5.66597E+0	3.18262E-1	2.39359E-3	8.70647E-3
5.66738E+0	3.27734E-1	2.28919E-3	9.34421E-3
5.66860E+0	3.36182E-1	1.43159E-3	9.44916E-3
5.66919E+0	3.42383E-1	1.06955E-3	9.29252E-3
5.67368E+0	3.50684E-1	1.62093E-3	1.02324E-2
5.67739E+0	3.59863E-1	2.17869E-3	9.80255E-3
5.67866E+0	3.61426E-1	4.88281E-4	9.41354E-3
5.67871E+0	3.61768E-1	0.00000E+0	9.64391E-3
5.67949E+0	3.67480E-1	1.79909E-3	1.03317E-2
5.68438E+0	3.77734E-1	2.37592E-3	9.94935E-3
5.68843E+0	3.84570E-1	4.88281E-4	9.89108E-3
5.69067E+0	3.88574E-1	2.44141E-3	9.52038E-3
5.69307E+0	3.91602E-1	1.35644E-3	1.00811E-2
5.69697E+0	3.96924E-1	2.15256E-3	9.87097E-3
5.69971E+0	3.99463E-1	2.24886E-3	1.02163E-2
5.70313E+0	4.00488E-1	0.00000E+0	9.81433E-3
5.70381E+0	3.97461E-1	1.70281E-3	9.98510E-3
5.70508E+0	3.99121E-1	2.40413E-3	1.03317E-2
5.70576E+0	4.06641E-1	2.44584E-3	1.07534E-2
5.70884E+0	4.13574E-1	2.08839E-3	1.05823E-2
5.71411E+0	4.19385E-1	2.12497E-3	1.05913E-2
5.71748E+0	4.20215E-1	1.16545E-3	1.06576E-2
5.71768E+0	4.19336E-1	6.87038E-4	1.00878E-2
5.71777E+0	4.21777E-1	0.00000E+0	1.09245E-2
5.71973E+0	4.25977E-1	2.40413E-3	1.21625E-2
5.72251E+0	4.30127E-1	8.37142E-4	1.22998E-2
5.72373E+0	4.32959E-1	2.03288E-3	1.25126E-2
5.72725E+0	4.33887E-1	1.16545E-3	1.26459E-2
5.72954E+0	4.35645E-1	2.41363E-3	1.26946E-2
5.73242E+0	4.34326E-1	6.94013E-4	1.24995E-2
5.73296E+0	4.32471E-1	1.53548E-3	1.26122E-2
5.73579E+0	4.33008E-1	2.26964E-3	1.28323E-2
5.73730E+0	4.32471E-1	0.00000E+0	1.24198E-2
5.74087E+0	4.33398E-1	2.17869E-3	1.30968E-2
5.74512E+0	4.35107E-1	2.40413E-3	1.26054E-2
5.74888E+0	4.33740E-1	2.36932E-3	1.28730E-2
5.75234E+0	4.31104E-1	1.33135E-3	1.26130E-2
5.75557E+0	4.24170E-1	2.15256E-3	1.17092E-2
5.75669E+0	4.16162E-1	8.37142E-4	1.06131E-2
5.75718E+0	4.08154E-1	1.25211E-3	1.14480E-2
5.76113E+0	3.86279E-1	1.73919E-3	1.16729E-2
5.76494E+0	3.71826E-1	2.32468E-3	1.05794E-2
5.76660E+0	3.70703E-1	0.00000E+0	1.01686E-2
5.76787E+0	3.64111E-1	2.15256E-3	1.07797E-2
5.77158E+0	3.54590E-1	1.54875E-3	1.02653E-2
5.77583E+0	3.67432E-1	1.53548E-3	1.01851E-2
5.77637E+0	3.70947E-1	0.00000E+0	9.27111E-3
5.77637E+0	3.65381E-1	0.00000E+0	1.06854E-2
5.78037E+0	3.41455E-1	1.88537E-3	1.29885E-2
5.78398E+0	3.07129E-1	2.43597E-3	1.11367E-2
5.78652E+0	3.09521E-1	1.33135E-3	1.25671E-2
5.78857E+0	3.19775E-1	2.45371E-3	8.42861E-3
5.79087E+0	3.18066E-1	8.37142E-4	8.88824E-3
5.79136E+0	3.30566E-1	1.25211E-3	9.40125E-3
5.79404E+0	3.31543E-1	2.38199E-3	8.73740E-3
5.79580E+0	3.25830E-1	6.87038E-4	8.80207E-3
5.79595E+0	3.22070E-1	4.88281E-4	8.69374E-3
5.79775E+0	3.23145E-1	2.38199E-3	8.78906E-3
5.79990E+0	3.23145E-1	1.88537E-3	8.42533E-3
5.80029E+0	3.22803E-1	1.47222E-3	8.46852E-3
5.80024E+0	3.21533E-1	1.53548E-3	8.22266E-3
5.80020E+0	3.18994E-1	1.59472E-3	8.41603E-3
5.80000E+0	3.19922E-1	1.79909E-3	8.31310E-3
5.80024E+0	3.16406E-1	1.53548E-3	8.21167E-3
5.80249E+0	3.11279E-1	2.34069E-3	7.67739E-3
5.80688E+0	3.05908E-1	2.12497E-3	8.01502E-3
5.81113E+0	2.93311E-1	1.59472E-3	8.92164E-3
5.81509E+0	2.80371E-1	1.25211E-3	8.15812E-3
5.81543E+0	2.70898E-1	0.00000E+0	7.36046E-3
5.81562E+0	2.61084E-1	9.61652E-4	8.37012E-3
5.81875E+0	2.45752E-1	2.28919E-3	9.84067E-3
5.82163E+0	2.31738E-1	2.17869E-3	9.00667E-3
5.82510E+0	2.13965E-1	6.87038E-4	7.70885E-3
5.82754E+0	2.02783E-1	2.45174E-3	6.67318E-3
5.83052E+0	1.94141E-1	1.56653E-3	6.69713E-3
5.83481E+0	1.81396E-1	8.37142E-4	6.98768E-3
5.83560E+0	1.68457E-1	1.65038E-3	6.26536E-3
5.83877E+0	1.60107E-1	2.03288E-3	5.90095E-3
5.83926E+0	1.56396E-1	1.59472E-3	5.16818E-3
5.84087E+0	1.52637E-1	3.12653E-3	5.17587E-3
5.84863E+0	1.42578E-1	2.94445E-3	6.28455E-3
5.85010E+0	1.29297E-1	1.47222E-3	5.94911E-3
5.85366E+0	1.18701E-1	1.84338E-3	5.53886E-3
5.85557E+0	1.08154E-1	2.03288E-3	5.43705E-3
5.85854E+0	9.94629E-2	1.84338E-3	4.93945E-3
5.85933E+0	9.25293E-2	4.88281E-4	4.46413E-3
5.85938E+0	8.46191E-2	0.00000E+0	4.50066E-3
5.85967E+0	7.91016E-2	1.16545E-3	4.22151E-3
5.86226E+0	7.34375E-2	2.41363E-3	3.85911E-3
5.86484E+0	6.44531E-2	1.59472E-3	4.80826E-3
5.86851E+0	5.25879E-2	1.65038E-3	6.46792E-3
5.86968E+0	3.87207E-2	1.53548E-3	4.66875E-3
5.87212E+0	3.31055E-2	2.39359E-3	3.51009E-3
5.87422E+0	2.65625E-2	1.37408E-3	4.00608E-3
5.87910E+0	1.25488E-2	1.82566E-3	5.47589E-3
5.88604E+0	-5.61523E-3	2.54240E-3	5.30250E-3
5.89106E+0	-2.06543E-2	2.45321E-3	4.69960E-3
5.89668E+0	-3.34961E-2	2.35556E-3	4.16523E-3
5.89902E+0	-4.46289E-2	1.59472E-3	3.10527E-3
5.90303E+0	-5.19531E-2	1.35644E-3	2.45567E-3
5.90703E+0	-5.96680E-2	2.09587E-3	3.07096E-3
5.91104E+0	-6.61133E-2	2.42209E-3	2.44584E-3
5.91616E+0	-7.05078E-2	2.36932E-3	2.43597E-3
5.92036E+0	-7.64160E-2	2.45321E-3	2.34069E-3
5.92505E+0	-7.87109E-2	2.44141E-3	1.59472E-3
5.92837E+0	-8.19824E-2	1.65038E-3	1.99883E-3
5.93472E+0	-8.30078E-2	2.62030E-3	0.00000E+0
5.93955E+0	-8.30078E-2	2.51956E-3	0.00000E+0
5.94722E+0	-8.43262E-2	2.81867E-3	2.17869E-3
5.95293E+0	-8.63281E-2	1.92831E-3	2.28919E-3
5.95698E+0	-8.72070E-2	4.88281E-4	1.70281E-3
5.96055E+0	-8.77930E-2	2.31013E-3	6.87038E-4
5.96587E+0	-8.78906E-2	1.92518E-3	0.00000E+0
5.97026E+0	-8.78906E-2	2.22680E-3	0.00000E+0
5.97261E+0	-8.78906E-2	1.92518E-3	0.00000E+0
5.97510E+0	-8.78906E-2	2.24886E-3	0.00000E+0
5.97573E+0	-8.79395E-2	1.84338E-3	4.88281E-4
5.97500E+0	-8.79395E-2	2.28919E-3	4.88281E-4
5.97588E+0	-8.79395E-2	1.70281E-3	4.88281E-4
5.97588E+0	-8.81836E-2	1.70281E-3	1.16545E-3
5.97588E+0	-8.84277E-2	1.70281E-3	1.53548E-3
5.97544E+0	-8.87695E-2	2.06520E-3	1.88537E-3
5.97612E+0	-8.91113E-2	1.40441E-3	2.12497E-3
5.97646E+0	-9.01367E-2	6.87038E-4	2.44584E-3
5.98232E+0	-9.00879E-2	2.44190E-3	2.44141E-3
5.98838E+0	-9.11621E-2	2.42209E-3	2.30753E-3
5.99419E+0	-9.06738E-2	2.39359E-3	2.42954E-3
5.99893E+0	-9.16016E-2	2.42209E-3	2.09587E-3
5.99946E+0	-9.20898E-2	2.26964E-3	1.70281E-3
6.00029E+0	-9.21875E-2	1.70281E-3	1.59472E-3
6.00000E+0	-9.20898E-2	1.96296E-3	1.70281E-3
6.00039E+0	-9.23828E-2	1.59472E-3	1.33135E-3
6.00044E+0	-9.23340E-2	1.53548E-3	1.40441E-3
6.00015E+0	-9.26758E-2	1.84338E-3	6.87038E-4
6.00049E+0	-9.26270E-2	1.47222E-3	8.37142E-4
6.00005E+0	-9.26758E-2	1.92518E-3	6.87038E-4
6.00034E+0	-9.26270E-2	1.65038E-3	8.37142E-4
6.00049E+0	-9.25781E-2	1.47222E-3	9.61652E-4
6.00073E+0	-9.27246E-2	1.06955E-3	4.88281E-4
6.00083E+0	-9.27246E-2	8.37142E-4	4.88281E-4
6.00068E+0	-9.27734E-2	1.16545E-3	0.00000E+0
6.00068E+0	-9.27246E-2	1.16545E-3	4.88281E-4
6.00063E+0	-9.27734E-2	1.25211E-3	0.00000E+0
6.00068E+0	-9.27246E-2	1.16545E-3	4.88281E-4
6.00049E+0	-9.27734E-2	1.47222E-3	0.00000E+0
6.00054E+0	-9.27246E-2	1.40441E-3	4.88281E-4
6.00049E+0	-9.27734E-2	1.47222E-3	0.00000E+0
6.00063E+0	-9.27734E-2	1.25211E-3	0.00000E+0
6.00034E+0	-9.27734E-2	1.65038E-3	0.00000E+0
6.00063E+0	-9.27734E-2	1.25211E-3	0.00000E+0
6.00059E+0	-9.27246E-2	1.33135E-3	4.88281E-4
6.00020E+0	-9.27246E-2	1.79909E-3	4.88281E-4
6.00049E+0	-9.27246E-2	1.47222E-3	4.88281E-4
6.00044E+0	-9.27734E-2	1.53548E-3	0.00000E+0
6.00024E+0	-9.27734E-2	1.75230E-3	0.00000E+0
6.00015E+0	-9.27734E-2	1.84338E-3	0.00000E+0
6.00039E+0	-9.27734E-2	1.59472E-3	0.00000E+0
6.00044E+0	-9.27734E-2	1.53548E-3	0.00000E+0
