4.75615E+0	1.20605E-2	1.16545E-3	2.63862E-3
4.75610E+0	1.17676E-2	1.06955E-3	2.41363E-3
4.75620E+0	1.17676E-2	1.25211E-3	2.41363E-3
4.75601E+0	1.24023E-2	8.37142E-4	2.54240E-3
4.75601E+0	1.22559E-2	8.37142E-4	2.54949E-3
4.75620E+0	1.25000E-2	1.25211E-3	2.88829E-3
4.75596E+0	1.25000E-2	6.87038E-4	2.62627E-3
4.75601E+0	1.26465E-2	8.37142E-4	2.69640E-3
4.75591E+0	1.25488E-2	4.88281E-4	2.71065E-3
4.75596E+0	1.23535E-2	6.87038E-4	2.81525E-3
4.75601E+0	1.24023E-2	8.37142E-4	2.81225E-3
4.75591E+0	1.27441E-2	4.88281E-4	2.67848E-3
4.75596E+0	1.30371E-2	6.87038E-4	3.10798E-3
4.75605E+0	1.30371E-2	9.61652E-4	3.18453E-3
4.75596E+0	1.28906E-2	6.87038E-4	3.29345E-3
4.75625E+0	1.54297E-2	1.33135E-3	3.45058E-3
4.75601E+0	1.40137E-2	8.37142E-4	3.37543E-3
4.75591E+0	1.67480E-2	4.88281E-4	3.48772E-3
4.75601E+0	1.33301E-2	8.37142E-4	3.31786E-3
4.75596E+0	1.22559E-2	6.87038E-4	2.73189E-3
4.75605E+0	1.47461E-2	9.61652E-4	3.39854E-3
4.75610E+0	1.27441E-2	1.06955E-3	3.17241E-3
4.75610E+0	1.16211E-2	1.06955E-3	2.48103E-3
4.75596E+0	1.15723E-2	6.87038E-4	2.36932E-3
4.75596E+0	1.17187E-2	6.87038E-4	2.40413E-3
4.75605E+0	1.18164E-2	9.61652E-4	2.42209E-3
4.75615E+0	1.17187E-2	1.16545E-3	2.40413E-3
4.75605E+0	1.19629E-2	9.61652E-4	2.44141E-3
4.75601E+0	1.25488E-2	8.37142E-4	2.88287E-3
4.75620E+0	2.18262E-2	1.25211E-3	6.52723E-3
4.75601E+0	4.66797E-2	8.37142E-4	9.21549E-3
4.75630E+0	6.41113E-2	1.40441E-3	5.03602E-3
4.75615E+0	7.53418E-2	1.35644E-3	5.38721E-3
4.75938E+0	9.03320E-2	2.20342E-3	5.61679E-3
4.76133E+0	1.06445E-1	1.73919E-3	7.11151E-3
4.76548E+0	1.31836E-1	8.37142E-4	9.31116E-3
4.76572E+0	1.52393E-1	6.87038E-4	6.44704E-3
4.76631E+0	1.60791E-1	1.70281E-3	6.51984E-3
4.77046E+0	1.75879E-1	1.62686E-3	8.83279E-3
4.77515E+0	2.08740E-1	1.06955E-3	1.20081E-2
4.77539E+0	2.33740E-1	0.00000E+0	9.11921E-3
4.77539E+0	2.40771E-1	0.00000E+0	9.30327E-3
4.77563E+0	2.43262E-1	1.06955E-3	9.70080E-3
4.77549E+0	2.53027E-1	6.87038E-4	9.13833E-3
4.77578E+0	2.62549E-1	1.33135E-3	8.14852E-3
4.77905E+0	2.72070E-1	2.12497E-3	9.33905E-3
4.78408E+0	2.91406E-1	2.03288E-3	1.04996E-2
4.78521E+0	3.05225E-1	4.88281E-4	8.19685E-3
4.78516E+0	3.08887E-1	0.00000E+0	8.14157E-3
4.78516E+0	3.10254E-1	0.00000E+0	7.80325E-3
4.78516E+0	3.11426E-1	0.00000E+0	7.86963E-3
4.78516E+0	3.15723E-1	0.00000E+0	7.91966E-3
4.78530E+0	3.19189E-1	8.37142E-4	8.05339E-3
4.78525E+0	3.21045E-1	6.87038E-4	8.31006E-3
4.78755E+0	3.25928E-1	2.45321E-3	9.34665E-3
4.79004E+0	3.37012E-1	0.00000E+0	9.74044E-3
4.79048E+0	3.43701E-1	1.40441E-3	9.12554E-3
4.79370E+0	3.51660E-1	2.12497E-3	9.56580E-3
4.79551E+0	3.65869E-1	1.59472E-3	1.06221E-2
4.79941E+0	3.79150E-1	1.33135E-3	9.97002E-3
4.79971E+0	3.83691E-1	6.87038E-4	9.54564E-3
4.79995E+0	3.86914E-1	8.37142E-4	9.54413E-3
4.80337E+0	3.94141E-1	2.17869E-3	1.02489E-2
4.80469E+0	4.00244E-1	0.00000E+0	9.99607E-3
4.80469E+0	4.03125E-1	0.00000E+0	1.03480E-2
4.80474E+0	4.06201E-1	4.88281E-4	1.03101E-2
4.80469E+0	4.08838E-1	0.00000E+0	1.05903E-2
4.80488E+0	4.10352E-1	9.61652E-4	1.04083E-2
4.80591E+0	4.13867E-1	2.12497E-3	1.07543E-2
4.80850E+0	4.16504E-1	2.03288E-3	1.07628E-2
4.80889E+0	4.18311E-1	1.70281E-3	1.04806E-2
4.80972E+0	4.21387E-1	1.08741E-3	1.14143E-2
4.81187E+0	4.24707E-1	2.44928E-3	1.16540E-2
4.81279E+0	4.26953E-1	2.32468E-3	1.18251E-2
4.81416E+0	4.29150E-1	1.16545E-3	1.24322E-2
4.81445E+0	4.32471E-1	0.00000E+0	1.28581E-2
4.81445E+0	4.35889E-1	0.00000E+0	1.27942E-2
4.81445E+0	4.37012E-1	0.00000E+0	1.26930E-2
4.81445E+0	4.39502E-1	0.00000E+0	1.30115E-2
4.81445E+0	4.40137E-1	0.00000E+0	1.23179E-2
4.81445E+0	4.41797E-1	0.00000E+0	1.28060E-2
4.81445E+0	4.43457E-1	0.00000E+0	1.26337E-2
4.81484E+0	4.44580E-1	1.33135E-3	1.22661E-2
4.81816E+0	4.46484E-1	2.09587E-3	1.28780E-2
4.81934E+0	4.49951E-1	0.00000E+0	1.27475E-2
4.81934E+0	4.50928E-1	0.00000E+0	1.23248E-2
4.81934E+0	4.51807E-1	0.00000E+0	1.22676E-2
4.82070E+0	4.53564E-1	2.20342E-3	1.21580E-2
4.82236E+0	4.55322E-1	2.38199E-3	1.22267E-2
4.82305E+0	4.56689E-1	2.09587E-3	1.17051E-2
4.82378E+0	4.58057E-1	1.40441E-3	1.10976E-2
4.82422E+0	4.58936E-1	0.00000E+0	1.07850E-2
4.82422E+0	4.59961E-1	0.00000E+0	1.12550E-2
4.82446E+0	4.61328E-1	1.06955E-3	1.10057E-2
4.82573E+0	4.61816E-1	2.26964E-3	1.09112E-2
4.82876E+0	4.63867E-1	1.25211E-3	1.10607E-2
4.82915E+0	4.65527E-1	4.88281E-4	1.08235E-2
4.82910E+0	4.65967E-1	0.00000E+0	1.10008E-2
4.82949E+0	4.66699E-1	1.33135E-3	1.04605E-2
4.83086E+0	4.68018E-1	2.35556E-3	1.05794E-2
4.83359E+0	4.69189E-1	1.33135E-3	1.07537E-2
4.83398E+0	4.70361E-1	0.00000E+0	1.08642E-2
4.83394E+0	4.71094E-1	4.88281E-4	1.09179E-2
4.83398E+0	4.71680E-1	0.00000E+0	1.10389E-2
4.83398E+0	4.72119E-1	0.00000E+0	1.07672E-2
4.83398E+0	4.73389E-1	0.00000E+0	1.08713E-2
4.83486E+0	4.74268E-1	1.88537E-3	1.06764E-2
4.83540E+0	4.73779E-1	2.22680E-3	1.10706E-2
4.83667E+0	4.74561E-1	2.44141E-3	1.09885E-2
4.83838E+0	4.75732E-1	1.47222E-3	1.11530E-2
4.83906E+0	4.76514E-1	9.61652E-4	1.12997E-2
4.84028E+0	4.77051E-1	2.22680E-3	1.07851E-2
4.83989E+0	4.77100E-1	1.99883E-3	1.10236E-2
4.84063E+0	4.78027E-1	2.35556E-3	1.08519E-2
4.84448E+0	4.79199E-1	1.88473E-3	1.06846E-2
4.85005E+0	4.80859E-1	2.22680E-3	1.09399E-2
4.85352E+0	4.81982E-1	0.00000E+0	1.08252E-2
4.85352E+0	4.82520E-1	0.00000E+0	1.05110E-2
4.85352E+0	4.82666E-1	0.00000E+0	1.08713E-2
4.85352E+0	4.82959E-1	0.00000E+0	1.07984E-2
4.85498E+0	4.83008E-1	2.24886E-3	1.09882E-2
4.85767E+0	4.83691E-1	1.75230E-3	1.12511E-2
4.85835E+0	4.83643E-1	4.88281E-4	1.09596E-2
4.85845E+0	4.83301E-1	4.88281E-4	1.08847E-2
4.86143E+0	4.82861E-1	2.38199E-3	1.08163E-2
4.86328E+0	4.83301E-1	0.00000E+0	1.09729E-2
4.86328E+0	4.83301E-1	0.00000E+0	1.10167E-2
4.86353E+0	4.83105E-1	1.06955E-3	1.11003E-2
4.86626E+0	4.82764E-1	2.39359E-3	1.07214E-2
4.86758E+0	4.82666E-1	1.59472E-3	1.07824E-2
4.86821E+0	4.82471E-1	1.09623E-3	1.05639E-2
4.86904E+0	4.81689E-1	2.80882E-3	1.07600E-2
4.87031E+0	4.81494E-1	4.06575E-3	1.05913E-2
4.87568E+0	4.81201E-1	4.13040E-3	1.08047E-2
4.87793E+0	4.80566E-1	0.00000E+0	1.12160E-2
4.87852E+0	4.79443E-1	1.59472E-3	1.09885E-2
4.88169E+0	4.77979E-1	2.06520E-3	1.06366E-2
4.88237E+0	4.77100E-1	1.40441E-3	1.06457E-2
4.88403E+0	4.76025E-1	2.12497E-3	1.09402E-2
4.88760E+0	4.74365E-1	6.87038E-4	1.08713E-2
4.88770E+0	4.73779E-1	0.00000E+0	1.08287E-2
4.88770E+0	4.72900E-1	0.00000E+0	1.08047E-2
4.88774E+0	4.72656E-1	4.88281E-4	1.05936E-2
4.88872E+0	4.71240E-1	1.99883E-3	1.06049E-2
4.88882E+0	4.70166E-1	2.06520E-3	1.05548E-2
4.89146E+0	4.69092E-1	2.06520E-3	1.06448E-2
4.89253E+0	4.67627E-1	4.88281E-4	1.05903E-2
4.89331E+0	4.66309E-1	1.75230E-3	1.04218E-2
4.89629E+0	4.64062E-1	2.09587E-3	1.03387E-2
4.89746E+0	4.62451E-1	0.00000E+0	1.09358E-2
4.89746E+0	4.59619E-1	0.00000E+0	1.05858E-2
4.89746E+0	4.58643E-1	0.00000E+0	1.09349E-2
4.89746E+0	4.57422E-1	0.00000E+0	1.16932E-2
4.89746E+0	4.56934E-1	0.00000E+0	1.12160E-2
4.89746E+0	4.55518E-1	0.00000E+0	1.21263E-2
4.89746E+0	4.55273E-1	0.00000E+0	1.20631E-2
4.89746E+0	4.54492E-1	0.00000E+0	1.21735E-2
4.89849E+0	4.52295E-1	1.99883E-3	1.19736E-2
4.90186E+0	4.48877E-1	1.47222E-3	1.25356E-2
4.90625E+0	4.42188E-1	1.96296E-3	1.24405E-2
4.90723E+0	4.35693E-1	0.00000E+0	1.28506E-2
4.90728E+0	4.32910E-1	4.88281E-4	1.27256E-2
4.90767E+0	4.29395E-1	1.40441E-3	1.21763E-2
4.91172E+0	4.23975E-1	1.33135E-3	1.15310E-2
4.91211E+0	4.18311E-1	0.00000E+0	1.04806E-2
4.91211E+0	4.16797E-1	0.00000E+0	1.06281E-2
4.91211E+0	4.15771E-1	0.00000E+0	1.03957E-2
4.91211E+0	4.14697E-1	0.00000E+0	1.01111E-2
4.91211E+0	4.13818E-1	0.00000E+0	9.94583E-3
4.91406E+0	4.11230E-1	2.40413E-3	1.02371E-2
4.91699E+0	4.05176E-1	0.00000E+0	1.01994E-2
4.91699E+0	4.03174E-1	0.00000E+0	1.00633E-2
4.91694E+0	4.01367E-1	4.88281E-4	1.00092E-2
4.91709E+0	3.97461E-1	6.87038E-4	9.54110E-3
4.91719E+0	3.95215E-1	9.61652E-4	9.98076E-3
4.91758E+0	3.93213E-1	1.59472E-3	9.75218E-3
4.92227E+0	3.86670E-1	2.04469E-3	9.92936E-3
4.92666E+0	3.73584E-1	6.87038E-4	9.65389E-3
4.92666E+0	3.69580E-1	6.87038E-4	9.75810E-3
4.92676E+0	3.66113E-1	0.00000E+0	9.51532E-3
4.92681E+0	3.61182E-1	4.88281E-4	9.70266E-3
4.92817E+0	3.54053E-1	2.22680E-3	9.08852E-3
4.92910E+0	3.48584E-1	2.45174E-3	8.63746E-3
4.93022E+0	3.46094E-1	2.22680E-3	9.05627E-3
4.93013E+0	3.43799E-1	2.26964E-3	8.75378E-3
4.93135E+0	3.40723E-1	1.16545E-3	8.87631E-3
4.93184E+0	3.32666E-1	9.61652E-4	9.01295E-3
4.93218E+0	3.28467E-1	1.53548E-3	8.85662E-3
4.93213E+0	3.27344E-1	1.47222E-3	8.80385E-3
4.93218E+0	3.25879E-1	1.53548E-3	8.87740E-3
4.93262E+0	3.24365E-1	1.96296E-3	8.59161E-3
4.93496E+0	3.20361E-1	2.28919E-3	8.29614E-3
4.93652E+0	3.12451E-1	0.00000E+0	8.48557E-3
4.93652E+0	3.03662E-1	0.00000E+0	8.14379E-3
4.93667E+0	2.95605E-1	8.37142E-4	8.42647E-3
4.93682E+0	2.89404E-1	1.16545E-3	7.90855E-3
4.93706E+0	2.86523E-1	1.53548E-3	7.66185E-3
4.93921E+0	2.82764E-1	2.44141E-3	8.00660E-3
4.94131E+0	2.75488E-1	6.87038E-4	7.51267E-3
4.94131E+0	2.70801E-1	6.87038E-4	7.61582E-3
4.94141E+0	2.68604E-1	0.00000E+0	7.86703E-3
4.94141E+0	2.64355E-1	0.00000E+0	7.47539E-3
4.94219E+0	2.59814E-1	1.79909E-3	7.12150E-3
4.94233E+0	2.54980E-1	1.92518E-3	8.62867E-3
4.94297E+0	2.53613E-1	2.28919E-3	8.93688E-3
4.94224E+0	2.53711E-1	1.84338E-3	8.91259E-3
4.94424E+0	2.50635E-1	2.42209E-3	9.18237E-3
4.94629E+0	2.40771E-1	0.00000E+0	9.25135E-3
4.94722E+0	2.29248E-1	1.92518E-3	7.92437E-3
4.95034E+0	2.16846E-1	1.84338E-3	7.24886E-3
4.95044E+0	2.11328E-1	1.75230E-3	6.65963E-3
4.95107E+0	2.09326E-1	6.87038E-4	6.64424E-3
4.95127E+0	2.04590E-1	6.87038E-4	6.81759E-3
4.95200E+0	1.95312E-1	1.84338E-3	6.24611E-3
4.95190E+0	1.91895E-1	1.75230E-3	5.65950E-3
4.95313E+0	1.89600E-1	2.40413E-3	5.72529E-3
4.95601E+0	1.81006E-1	4.88281E-4	6.94897E-3
4.95605E+0	1.67773E-1	0.00000E+0	6.38039E-3
4.95610E+0	1.58789E-1	4.88281E-4	6.14819E-3
4.95640E+0	1.53223E-1	1.25211E-3	5.08953E-3
4.95645E+0	1.50049E-1	1.33135E-3	4.64807E-3
4.95659E+0	1.49121E-1	1.53548E-3	4.72846E-3
4.95645E+0	1.48877E-1	1.33135E-3	4.78290E-3
4.95645E+0	1.48389E-1	1.33135E-3	4.95114E-3
4.95654E+0	1.47217E-1	1.47222E-3	4.72617E-3
4.95645E+0	1.48291E-1	1.33135E-3	4.68934E-3
4.95640E+0	1.47070E-1	1.25211E-3	4.67004E-3
4.95713E+0	1.46436E-1	2.03288E-3	4.93164E-3
4.96045E+0	1.39063E-1	1.62760E-3	6.92206E-3
4.96455E+0	1.20215E-1	2.15256E-3	6.39020E-3
4.96582E+0	1.05859E-1	9.81482E-4	6.79566E-3
4.96973E+0	8.46191E-2	1.96296E-3	7.28069E-3
4.97095E+0	6.98242E-2	1.06955E-3	4.13506E-3
4.97202E+0	6.34766E-2	2.17869E-3	3.98680E-3
4.97534E+0	5.06836E-2	1.06955E-3	8.74511E-3
4.97559E+0	2.75391E-2	0.00000E+0	5.70274E-3
4.97729E+0	1.42578E-2	2.34069E-3	3.65133E-3
4.98003E+0	6.34766E-3	1.40441E-3	3.63943E-3
4.98057E+0	-6.34766E-4	6.87038E-4	3.07683E-3
4.98047E+0	-5.02930E-3	0.00000E+0	2.98143E-3
4.98086E+0	-9.17969E-3	1.33135E-3	2.71287E-3
4.98418E+0	-1.66504E-2	2.09587E-3	3.99253E-3
4.98560E+0	-2.75391E-2	1.06955E-3	3.57400E-3
4.98892E+0	-3.87207E-2	2.17869E-3	3.34677E-3
4.98989E+0	-4.36523E-2	1.25211E-3	1.81242E-3
4.99229E+0	-5.06348E-2	2.42209E-3	3.71508E-3
4.99521E+0	-6.31836E-2	6.87038E-4	3.72576E-3
4.99570E+0	-6.84082E-2	1.59472E-3	4.88281E-4
4.99707E+0	-7.03613E-2	2.40413E-3	2.41363E-3
5.00000E+0	-7.49512E-2	9.81482E-4	2.34069E-3
5.00308E+0	-7.82715E-2	2.36932E-3	8.37142E-4
5.00488E+0	-8.12500E-2	0.00000E+0	2.35556E-3
5.00601E+0	-8.30078E-2	2.06520E-3	0.00000E+0
5.00918E+0	-8.33008E-2	1.59472E-3	1.16545E-3
5.00996E+0	-8.59863E-2	9.61652E-4	2.39359E-3
5.01279E+0	-8.77441E-2	2.38199E-3	8.37142E-4
5.01460E+0	-8.78906E-2	4.88281E-4	0.00000E+0
5.01465E+0	-8.78906E-2	0.00000E+0	0.00000E+0
5.01543E+0	-8.78906E-2	1.79909E-3	0.00000E+0
5.01919E+0	-8.79395E-2	1.59094E-3	4.88281E-4
5.02378E+0	-8.80859E-2	1.92017E-3	9.61652E-4
5.02847E+0	-8.86230E-2	1.84338E-3	1.75230E-3
5.02935E+0	-8.95020E-2	4.88281E-4	2.30753E-3
5.02979E+0	-9.00391E-2	1.47222E-3	2.43597E-3
5.03252E+0	-9.11621E-2	2.32468E-3	2.30753E-3
5.03418E+0	-9.14551E-2	0.00000E+0	2.17869E-3
5.03418E+0	-9.21875E-2	0.00000E+0	1.59472E-3
5.03418E+0	-9.25781E-2	0.00000E+0	9.61652E-4
5.03418E+0	-9.26758E-2	0.00000E+0	6.87038E-4
5.03418E+0	-9.26758E-2	0.00000E+0	6.87038E-4
5.03794E+0	-9.27246E-2	3.01357E-3	4.88281E-4
5.04443E+0	-9.25781E-2	1.76939E-3	9.61652E-4
5.04849E+0	-9.27734E-2	1.25211E-3	0.00000E+0
5.04883E+0	-9.27246E-2	0.00000E+0	4.88281E-4
5.05249E+0	-9.27734E-2	2.12497E-3	0.00000E+0
5.05605E+0	-9.27734E-2	2.45174E-3	0.00000E+0
5.06069E+0	-9.27734E-2	2.42954E-3	0.00000E+0
5.06348E+0	-9.27734E-2	0.00000E+0	0.00000E+0
5.06504E+0	-9.27734E-2	3.59817E-3	0.00000E+0
5.07305E+0	-9.27734E-2	2.18586E-3	0.00000E+0
5.07769E+0	-9.27734E-2	1.40441E-3	0.00000E+0
5.07944E+0	-9.27246E-2	2.17869E-3	4.88281E-4
5.08286E+0	-9.27734E-2	8.37142E-4	0.00000E+0
5.08628E+0	-9.27734E-2	2.30753E-3	0.00000E+0
5.08789E+0	-9.27734E-2	0.00000E+0	0.00000E+0
5.08848E+0	-9.27734E-2	1.59472E-3	0.00000E+0
5.08921E+0	-9.27734E-2	2.17869E-3	0.00000E+0
5.09170E+0	-9.27734E-2	2.03288E-3	0.00000E+0
5.09375E+0	-9.27246E-2	1.96296E-3	4.88281E-4
5.09746E+0	-9.27734E-2	9.61652E-4	0.00000E+0
5.09805E+0	-9.27734E-2	1.33135E-3	0.00000E+0
5.10254E+0	-9.27734E-2	1.69998E-3	0.00000E+0
5.10723E+0	-9.27734E-2	1.18593E-3	0.00000E+0
5.11021E+0	-9.27734E-2	2.42954E-3	0.00000E+0
5.11421E+0	-9.27734E-2	2.39359E-3	0.00000E+0
5.11724E+0	-9.27734E-2	4.88281E-4	0.00000E+0
5.12065E+0	-9.27734E-2	2.43350E-3	0.00000E+0
5.12607E+0	-9.27734E-2	1.88537E-3	0.00000E+0
5.12827E+0	-9.27734E-2	2.17869E-3	0.00000E+0
5.13188E+0	-9.27734E-2	8.48571E-4	0.00000E+0
5.13379E+0	-9.27734E-2	2.40413E-3	0.00000E+0
5.13643E+0	-9.27734E-2	1.16545E-3	0.00000E+0
5.13672E+0	-9.27734E-2	0.00000E+0	0.00000E+0
5.14004E+0	-9.27734E-2	2.28919E-3	0.00000E+0
5.14448E+0	-9.27734E-2	2.41363E-3	0.00000E+0
5.14922E+0	-9.27734E-2	2.43597E-3	0.00000E+0
5.15161E+0	-9.27734E-2	1.06955E-3	0.00000E+0
5.15576E+0	-9.27734E-2	1.47222E-3	0.00000E+0
5.15830E+0	-9.27734E-2	2.42209E-3	0.00000E+0
5.16387E+0	-9.27734E-2	2.43597E-3	0.00000E+0
5.16606E+0	-9.27734E-2	4.88281E-4	0.00000E+0
5.16909E+0	-9.28223E-2	2.36932E-3	4.88281E-4
5.17056E+0	-9.27734E-2	1.25211E-3	0.00000E+0
5.17090E+0	-9.27734E-2	0.00000E+0	0.00000E+0
5.17148E+0	-9.27734E-2	1.59472E-3	0.00000E+0
5.17529E+0	-9.27734E-2	1.47222E-3	0.00000E+0
5.17803E+0	-9.28223E-2	2.44584E-3	4.88281E-4
5.18154E+0	-9.28223E-2	1.88537E-3	4.88281E-4
5.18745E+0	-9.28711E-2	2.67848E-3	6.87038E-4
5.19385E+0	-9.28223E-2	2.24886E-3	4.88281E-4
5.19912E+0	-9.28223E-2	2.55751E-3	4.88281E-4
5.20396E+0	-9.28223E-2	2.06520E-3	4.88281E-4
5.20376E+0	-9.28223E-2	2.17869E-3	4.88281E-4
5.20371E+0	-9.29199E-2	2.20342E-3	8.37142E-4
5.20371E+0	-9.28711E-2	2.20342E-3	6.87038E-4
5.20474E+0	-9.27734E-2	1.25211E-3	0.00000E+0
5.20962E+0	-9.28711E-2	3.19962E-3	6.87038E-4
5.21997E+0	-9.27734E-2	4.12777E-3	0.00000E+0
5.23296E+0	-9.29199E-2	3.69167E-3	8.37142E-4
5.24614E+0	-9.28223E-2	3.80728E-3	4.88281E-4
5.25474E+0	-9.28711E-2	2.86611E-3	6.87038E-4
5.26348E+0	-9.29199E-2	1.82566E-3	8.37142E-4
5.26626E+0	-9.28223E-2	2.44928E-3	4.88281E-4
5.26816E+0	-9.28711E-2	1.33135E-3	6.87038E-4
5.26895E+0	-9.27734E-2	1.33135E-3	0.00000E+0
5.27466E+0	-9.28223E-2	2.72129E-3	4.88281E-4
5.28281E+0	-9.27734E-2	3.71670E-3	0.00000E+0
5.29292E+0	-9.27734E-2	3.43484E-3	0.00000E+0
5.30044E+0	-9.28223E-2	2.54571E-3	4.88281E-4
5.30889E+0	-9.28223E-2	2.99473E-3	4.88281E-4
5.31641E+0	-9.28711E-2	2.86149E-3	6.87038E-4
5.32539E+0	-9.27734E-2	2.64454E-3	0.00000E+0
5.33428E+0	-9.28711E-2	2.72527E-3	6.87038E-4
5.34321E+0	-9.27734E-2	2.88621E-3	0.00000E+0
5.35200E+0	-9.28223E-2	2.86947E-3	4.88281E-4
5.35640E+0	-9.28223E-2	8.48571E-4	4.88281E-4
5.36035E+0	-9.29199E-2	1.96296E-3	8.37142E-4
5.36240E+0	-9.28223E-2	2.03288E-3	4.88281E-4
5.36494E+0	-9.27734E-2	2.15256E-3	0.00000E+0
5.36621E+0	-9.28223E-2	0.00000E+0	4.88281E-4
5.36826E+0	-9.29199E-2	2.42209E-3	8.37142E-4
5.37046E+0	-9.29199E-2	1.65038E-3	8.37142E-4
5.37095E+0	-9.28223E-2	8.37142E-4	4.88281E-4
5.37129E+0	-9.29199E-2	9.61652E-4	8.37142E-4
5.37339E+0	-9.27734E-2	2.44928E-3	0.00000E+0
5.37593E+0	-9.27734E-2	4.88281E-4	0.00000E+0
5.37598E+0	-9.27734E-2	0.00000E+0	0.00000E+0
5.37598E+0	-9.28223E-2	0.00000E+0	4.88281E-4
5.37603E+0	-9.27734E-2	4.88281E-4	0.00000E+0
5.37915E+0	-9.28223E-2	2.34069E-3	4.88281E-4
5.38086E+0	-9.27734E-2	0.00000E+0	0.00000E+0
5.38335E+0	-9.28711E-2	2.45321E-3	6.87038E-4
5.38569E+0	-9.28223E-2	4.88281E-4	4.88281E-4
5.38647E+0	-9.28223E-2	1.75230E-3	4.88281E-4
5.39033E+0	-9.28223E-2	1.16545E-3	4.88281E-4
5.39121E+0	-9.28223E-2	1.59472E-3	4.88281E-4
5.39531E+0	-9.27734E-2	9.61652E-4	0.00000E+0
5.39800E+0	-9.29199E-2	2.45321E-3	8.37142E-4
5.40352E+0	-9.28711E-2	2.35556E-3	6.87038E-4
5.40591E+0	-9.28711E-2	1.65038E-3	6.87038E-4
5.40967E+0	-9.28223E-2	1.62760E-3	4.88281E-4
5.41016E+0	-9.28711E-2	0.00000E+0	6.87038E-4
5.41021E+0	-9.28711E-2	4.88281E-4	6.87038E-4
5.41016E+0	-9.27734E-2	0.00000E+0	0.00000E+0
5.41050E+0	-9.27734E-2	1.25211E-3	0.00000E+0
5.41470E+0	-9.28711E-2	1.25211E-3	6.87038E-4
5.41958E+0	-9.27734E-2	2.52672E-3	0.00000E+0
5.42471E+0	-9.29688E-2	1.96051E-3	9.61652E-4
5.43066E+0	-9.29199E-2	2.59676E-3	8.37142E-4
5.43457E+0	-9.28711E-2	0.00000E+0	6.87038E-4
5.43462E+0	-9.28223E-2	4.88281E-4	4.88281E-4
5.43457E+0	-9.29199E-2	0.00000E+0	8.37142E-4
5.43506E+0	-9.28711E-2	1.47222E-3	6.87038E-4
5.44131E+0	-9.28711E-2	2.92640E-3	6.87038E-4
5.45049E+0	-9.28711E-2	4.88873E-3	6.87038E-4
5.45903E+0	-9.28711E-2	4.88281E-4	6.87038E-4
5.46279E+0	-9.27734E-2	2.36168E-3	0.00000E+0
5.46909E+0	-9.28711E-2	1.99400E-3	6.87038E-4
5.47354E+0	-9.29688E-2	1.19805E-3	9.61652E-4
5.47749E+0	-9.28223E-2	1.99883E-3	4.88281E-4
5.48081E+0	-9.28223E-2	2.44928E-3	4.88281E-4
5.48843E+0	-9.29199E-2	2.98143E-3	8.37142E-4
5.49463E+0	-9.29199E-2	2.35351E-3	8.37142E-4
5.50000E+0	-9.28711E-2	2.40413E-3	6.87038E-4
5.50537E+0	-9.27734E-2	2.45371E-3	0.00000E+0
5.51128E+0	-9.29199E-2	2.22680E-3	8.37142E-4
5.51475E+0	-9.28223E-2	2.42209E-3	4.88281E-4
5.51738E+0	-9.28223E-2	9.61652E-4	4.88281E-4
5.51758E+0	-9.29199E-2	0.00000E+0	8.37142E-4
5.51763E+0	-9.29199E-2	4.88281E-4	8.37142E-4
5.51943E+0	-9.28223E-2	2.38199E-3	4.88281E-4
5.52427E+0	-9.28711E-2	2.36932E-3	6.87038E-4
5.52910E+0	-9.28223E-2	2.35556E-3	4.88281E-4
5.53398E+0	-9.27734E-2	2.35556E-3	0.00000E+0
5.53779E+0	-9.28223E-2	1.70281E-3	4.88281E-4
5.54199E+0	-9.29688E-2	6.94013E-4	9.61652E-4
5.54629E+0	-9.28711E-2	1.99702E-3	6.87038E-4
5.55068E+0	-9.28711E-2	2.03288E-3	6.87038E-4
5.55439E+0	-9.28711E-2	2.44584E-3	6.87038E-4
5.55864E+0	-9.27734E-2	2.41363E-3	0.00000E+0
5.56426E+0	-9.28711E-2	2.43597E-3	6.87038E-4
5.56870E+0	-9.28711E-2	2.44928E-3	6.87038E-4
5.57476E+0	-9.27734E-2	2.22680E-3	0.00000E+0
5.57871E+0	-9.27734E-2	2.45174E-3	0.00000E+0
5.58511E+0	-9.28711E-2	2.78082E-3	6.87038E-4
5.59268E+0	-9.29199E-2	2.48103E-3	8.37142E-4
5.59829E+0	-9.28711E-2	2.54571E-3	6.87038E-4
5.60508E+0	-9.28223E-2	1.50138E-3	4.88281E-4
5.60928E+0	-9.28711E-2	2.14808E-3	6.87038E-4
5.61431E+0	-9.28223E-2	1.92518E-3	4.88281E-4
5.61641E+0	-9.28223E-2	2.09587E-3	4.88281E-4
5.62188E+0	-9.28223E-2	2.35556E-3	4.88281E-4
5.62715E+0	-9.29199E-2	2.43597E-3	8.37142E-4
5.63223E+0	-9.29199E-2	2.45174E-3	8.37142E-4
5.63711E+0	-9.29688E-2	2.45174E-3	9.61652E-4
5.64180E+0	-9.29199E-2	2.43597E-3	8.37142E-4
5.64805E+0	-9.28223E-2	4.71111E-3	4.88281E-4
5.65625E+0	-9.28223E-2	2.40413E-3	4.88281E-4
5.65967E+0	-9.27734E-2	1.47222E-3	0.00000E+0
5.66338E+0	-9.27734E-2	1.70281E-3	0.00000E+0
5.66465E+0	-9.27734E-2	1.59472E-3	0.00000E+0
5.66890E+0	-9.28223E-2	1.47141E-3	4.88281E-4
5.67197E+0	-9.27734E-2	2.38199E-3	0.00000E+0
5.67378E+0	-9.28711E-2	4.88281E-4	6.87038E-4
5.67388E+0	-9.27734E-2	4.88281E-4	0.00000E+0
5.67383E+0	-9.28711E-2	0.00000E+0	6.87038E-4
5.67437E+0	-9.27734E-2	1.53548E-3	0.00000E+0
5.67402E+0	-9.28223E-2	9.61652E-4	4.88281E-4
5.67397E+0	-9.29199E-2	8.37142E-4	8.37142E-4
5.67383E+0	-9.28223E-2	0.00000E+0	4.88281E-4
5.67417E+0	-9.27734E-2	1.25211E-3	0.00000E+0
5.67412E+0	-9.28711E-2	1.16545E-3	6.87038E-4
5.67397E+0	-9.28711E-2	8.37142E-4	6.87038E-4
5.67388E+0	-9.27734E-2	4.88281E-4	0.00000E+0
5.67397E+0	-9.27734E-2	8.37142E-4	0.00000E+0
5.67407E+0	-9.28711E-2	1.06955E-3	6.87038E-4
5.67417E+0	-9.27734E-2	1.25211E-3	0.00000E+0
5.67412E+0	-9.28711E-2	1.16545E-3	6.87038E-4
5.67407E+0	-9.28223E-2	1.06955E-3	4.88281E-4
5.67393E+0	-9.28711E-2	6.87038E-4	6.87038E-4
5.67422E+0	-9.28711E-2	1.33135E-3	6.87038E-4
5.67402E+0	-9.28223E-2	9.61652E-4	4.88281E-4
5.67407E+0	-9.28223E-2	1.06955E-3	4.88281E-4
5.67427E+0	-9.28223E-2	1.40441E-3	4.88281E-4
5.67397E+0	-9.28223E-2	8.37142E-4	4.88281E-4
5.67383E+0	-9.29199E-2	0.00000E+0	8.37142E-4
5.67417E+0	-9.28223E-2	1.25211E-3	4.88281E-4
5.67412E+0	-9.28223E-2	1.16545E-3	4.88281E-4
5.67402E+0	-9.27734E-2	9.61652E-4	0.00000E+0
5.67393E+0	-9.28223E-2	6.87038E-4	4.88281E-4
5.67412E+0	-9.28711E-2	1.16545E-3	6.87038E-4
5.67393E+0	-9.27734E-2	6.87038E-4	0.00000E+0
5.67412E+0	-9.28711E-2	1.16545E-3	6.87038E-4
5.67383E+0	-9.28223E-2	0.00000E+0	4.88281E-4
5.67397E+0	-9.29199E-2	8.37142E-4	8.37142E-4
5.67402E+0	-9.27734E-2	9.61652E-4	0.00000E+0
5.67388E+0	-9.28223E-2	4.88281E-4	4.88281E-4
5.67388E+0	-9.27734E-2	4.88281E-4	0.00000E+0
5.67412E+0	-9.28223E-2	1.16545E-3	4.88281E-4
