1.56714E+0	2.78320E-3	1.06955E-3	2.42954E-3
1.56719E+0	2.00195E-3	9.61652E-4	2.41363E-3
1.56709E+0	2.24609E-3	1.16545E-3	2.44584E-3
1.56729E+0	2.24609E-3	6.87038E-4	2.44584E-3
1.56719E+0	2.39258E-3	9.61652E-4	2.45321E-3
1.56699E+0	2.39258E-3	1.33135E-3	2.45321E-3
1.56714E+0	2.19727E-3	1.06955E-3	2.44141E-3
1.56719E+0	2.00195E-3	9.61652E-4	2.41363E-3
1.56714E+0	2.24609E-3	1.06955E-3	2.44584E-3
1.56709E+0	2.63672E-3	1.16545E-3	2.44584E-3
1.56719E+0	2.49023E-3	9.61652E-4	2.45321E-3
1.56714E+0	2.78320E-3	1.06955E-3	2.42954E-3
1.56729E+0	2.29492E-3	6.87038E-4	2.44928E-3
1.56719E+0	2.34375E-3	9.61652E-4	2.45174E-3
1.56704E+0	2.63672E-3	1.25211E-3	2.44584E-3
1.56724E+0	2.05078E-3	8.37142E-4	2.42209E-3
1.56714E+0	2.34375E-3	1.06955E-3	2.45174E-3
1.56704E+0	2.58789E-3	1.25211E-3	2.44928E-3
1.56704E+0	2.83203E-3	1.25211E-3	2.42209E-3
1.56709E+0	2.53906E-3	1.16545E-3	2.45174E-3
1.56714E+0	2.58789E-3	1.06955E-3	2.44928E-3
1.56724E+0	2.39258E-3	8.37142E-4	2.45321E-3
1.56719E+0	2.63672E-3	9.61652E-4	2.44584E-3
1.56719E+0	2.19727E-3	9.61652E-4	2.44141E-3
1.56724E+0	2.58789E-3	8.37142E-4	2.44928E-3
1.56709E+0	2.39258E-3	1.16545E-3	2.45321E-3
1.56714E+0	2.09961E-3	1.06955E-3	2.42954E-3
1.56709E+0	2.49023E-3	1.16545E-3	2.45321E-3
1.56704E+0	2.53906E-3	1.25211E-3	2.45174E-3
1.56709E+0	2.49023E-3	1.16545E-3	2.45321E-3
1.56719E+0	1.95312E-3	9.61652E-4	2.40413E-3
1.56709E+0	2.24609E-3	1.16545E-3	2.44584E-3
1.56699E+0	2.39258E-3	1.33135E-3	2.45321E-3
1.56685E+0	3.22266E-3	1.53548E-3	2.32468E-3
1.56719E+0	3.07617E-3	9.61652E-4	2.36932E-3
1.56709E+0	2.44141E-3	1.16545E-3	2.45371E-3
1.56733E+0	2.63672E-3	4.88281E-4	2.44584E-3
1.56719E+0	2.29492E-3	9.61652E-4	2.44928E-3
1.56709E+0	2.49023E-3	1.16545E-3	2.45321E-3
1.56714E+0	2.49023E-3	1.06955E-3	2.45321E-3
1.56724E+0	2.53906E-3	8.37142E-4	2.45174E-3
1.56724E+0	2.44141E-3	8.37142E-4	2.45371E-3
1.56704E+0	2.63672E-3	1.25211E-3	2.44584E-3
1.56685E+0	2.05078E-3	1.53548E-3	2.42209E-3
1.56714E+0	2.49023E-3	1.06955E-3	2.45321E-3
1.56729E+0	2.73437E-3	6.87038E-4	2.43597E-3
1.56724E+0	2.58789E-3	8.37142E-4	2.44928E-3
1.56699E+0	2.39258E-3	1.33135E-3	2.45321E-3
1.56733E+0	2.49023E-3	4.88281E-4	2.45321E-3
1.56685E+0	2.53906E-3	1.53548E-3	2.45174E-3
1.56729E+0	2.88086E-3	6.87038E-4	2.41363E-3
1.56724E+0	2.88086E-3	8.37142E-4	2.41363E-3
1.56719E+0	2.49023E-3	9.61652E-4	2.45321E-3
1.56714E+0	2.88086E-3	1.06955E-3	2.41363E-3
1.56709E+0	2.73437E-3	1.16545E-3	2.43597E-3
1.56719E+0	2.53906E-3	9.61652E-4	2.45174E-3
1.56714E+0	2.58789E-3	1.06955E-3	2.44928E-3
1.56709E+0	3.12500E-3	1.16545E-3	2.35556E-3
1.56729E+0	3.17383E-3	6.87038E-4	2.34069E-3
1.56694E+0	3.12500E-3	1.40441E-3	2.35556E-3
1.56709E+0	2.63672E-3	1.16545E-3	2.44584E-3
1.56729E+0	2.39258E-3	6.87038E-4	2.45321E-3
1.56714E+0	2.68555E-3	1.06955E-3	2.44141E-3
1.56714E+0	2.78320E-3	1.06955E-3	2.42954E-3
1.56724E+0	3.17383E-3	8.37142E-4	2.34069E-3
1.56733E+0	2.68555E-3	4.88281E-4	2.44141E-3
1.56743E+0	3.90625E-3	4.88281E-4	1.96296E-3
1.57217E+0	4.49219E-3	1.69714E-3	1.33135E-3
1.57969E+0	4.39453E-3	4.46979E-3	1.47222E-3
1.58779E+0	-8.78906E-4	1.88537E-3	2.72173E-3
1.59233E+0	-2.24609E-3	1.53548E-3	2.97860E-3
1.60469E+0	9.76563E-5	5.39904E-3	6.87038E-4
1.62031E+0	0.00000E+0	3.78348E-3	0.00000E+0
1.62544E+0	0.00000E+0	1.53548E-3	0.00000E+0
1.62886E+0	0.00000E+0	3.33523E-3	0.00000E+0
1.64600E+0	0.00000E+0	5.30818E-3	0.00000E+0
1.65615E+0	0.00000E+0	2.23597E-3	0.00000E+0
1.66118E+0	0.00000E+0	2.43350E-3	0.00000E+0
1.67305E+0	0.00000E+0	4.63068E-3	0.00000E+0
1.68398E+0	0.00000E+0	1.87255E-3	0.00000E+0
1.68589E+0	0.00000E+0	2.17869E-3	0.00000E+0
1.69482E+0	0.00000E+0	5.12349E-3	0.00000E+0
1.71240E+0	0.00000E+0	4.68137E-3	0.00000E+0
1.71895E+0	0.00000E+0	9.61652E-4	0.00000E+0
1.71924E+0	0.00000E+0	1.47222E-3	0.00000E+0
1.72031E+0	0.00000E+0	2.28919E-3	0.00000E+0
1.72026E+0	0.00000E+0	2.26964E-3	0.00000E+0
1.72075E+0	0.00000E+0	2.41363E-3	0.00000E+0
1.71997E+0	0.00000E+0	2.12497E-3	0.00000E+0
1.72017E+0	0.00000E+0	2.22680E-3	0.00000E+0
1.72031E+0	0.00000E+0	2.28919E-3	0.00000E+0
1.72046E+0	0.00000E+0	2.34069E-3	0.00000E+0
1.72021E+0	0.00000E+0	2.24886E-3	0.00000E+0
1.72041E+0	0.00000E+0	2.32468E-3	0.00000E+0
1.72183E+0	0.00000E+0	2.36932E-3	0.00000E+0
1.72358E+0	0.00000E+0	1.29745E-3	0.00000E+0
1.73364E+0	0.00000E+0	6.06517E-3	0.00000E+0
1.76270E+0	1.46484E-3	9.41405E-3	3.43519E-3
1.78926E+0	4.88281E-5	3.56050E-3	8.48571E-4
1.79199E+0	0.00000E+0	0.00000E+0	0.00000E+0
1.79199E+0	0.00000E+0	0.00000E+0	0.00000E+0
1.79355E+0	0.00000E+0	2.28919E-3	0.00000E+0
1.79712E+0	0.00000E+0	1.27498E-3	0.00000E+0
1.79795E+0	0.00000E+0	2.03288E-3	0.00000E+0
1.79946E+0	0.00000E+0	2.44928E-3	0.00000E+0
1.80151E+0	0.00000E+0	1.06955E-3	0.00000E+0
1.80176E+0	0.00000E+0	0.00000E+0	0.00000E+0
1.80190E+0	0.00000E+0	8.37142E-4	0.00000E+0
1.80322E+0	0.00000E+0	2.24886E-3	0.00000E+0
1.80327E+0	0.00000E+0	2.26964E-3	0.00000E+0
1.80264E+0	0.00000E+0	1.88537E-3	0.00000E+0
1.80522E+0	0.00000E+0	2.22680E-3	0.00000E+0
1.80654E+0	0.00000E+0	6.87038E-4	0.00000E+0
1.80664E+0	0.00000E+0	0.00000E+0	0.00000E+0
1.80762E+0	0.00000E+0	1.96296E-3	0.00000E+0
1.81260E+0	0.00000E+0	2.55751E-3	0.00000E+0
1.82471E+0	0.00000E+0	5.26261E-3	0.00000E+0
1.84307E+0	0.00000E+0	4.52015E-3	0.00000E+0
1.84844E+0	0.00000E+0	2.43597E-3	0.00000E+0
1.84839E+0	0.00000E+0	2.44141E-3	0.00000E+0
1.84844E+0	0.00000E+0	2.43597E-3	0.00000E+0
1.84951E+0	-4.88281E-5	2.03288E-3	4.88281E-4
1.85044E+0	0.00000E+0	8.37142E-4	0.00000E+0
1.85356E+0	0.00000E+0	2.67848E-3	0.00000E+0
1.86377E+0	0.00000E+0	3.50459E-3	0.00000E+0
1.87407E+0	0.00000E+0	3.65231E-3	0.00000E+0
1.88545E+0	0.00000E+0	4.04794E-3	0.00000E+0
1.90098E+0	0.00000E+0	4.85214E-3	0.00000E+0
1.90918E+0	0.00000E+0	0.00000E+0	0.00000E+0
1.90947E+0	0.00000E+0	1.16545E-3	0.00000E+0
1.91201E+0	0.00000E+0	2.42209E-3	0.00000E+0
1.91714E+0	0.00000E+0	2.36932E-3	0.00000E+0
1.91992E+0	0.00000E+0	1.96296E-3	0.00000E+0
1.92642E+0	1.95313E-4	2.89953E-3	9.61652E-4
1.93164E+0	1.95313E-4	2.40413E-3	9.61652E-4
1.93799E+0	9.76562E-4	1.90063E-3	1.96296E-3
1.94180E+0	2.29492E-3	2.28919E-3	2.44928E-3
1.94868E+0	4.24805E-3	2.95221E-3	1.65038E-3
1.95713E+0	-1.75781E-3	2.00904E-3	3.06625E-3
1.96230E+0	-1.12305E-3	1.59472E-3	2.17869E-3
1.96943E+0	2.44141E-4	4.61505E-3	1.06955E-3
1.97358E+0	0.00000E+0	1.92518E-3	0.00000E+0
1.98032E+0	0.00000E+0	3.27402E-3	0.00000E+0
1.99082E+0	0.00000E+0	2.20342E-3	0.00000E+0
1.99370E+0	0.00000E+0	2.26964E-3	0.00000E+0
1.99629E+0	0.00000E+0	1.92831E-3	0.00000E+0
2.00015E+0	0.00000E+0	2.36932E-3	0.00000E+0
2.00591E+0	0.00000E+0	2.16093E-3	0.00000E+0
2.01226E+0	0.00000E+0	1.95004E-3	0.00000E+0
2.01870E+0	0.00000E+0	2.52672E-3	0.00000E+0
2.02720E+0	0.00000E+0	2.94894E-3	0.00000E+0
2.03140E+0	0.00000E+0	8.37142E-4	0.00000E+0
2.03174E+0	0.00000E+0	1.47222E-3	0.00000E+0
2.03354E+0	0.00000E+0	2.44928E-3	0.00000E+0
2.03462E+0	0.00000E+0	2.26964E-3	0.00000E+0
2.03433E+0	0.00000E+0	2.36932E-3	0.00000E+0
2.03486E+0	0.00000E+0	2.15256E-3	0.00000E+0
2.03613E+0	0.00000E+0	0.00000E+0	0.00000E+0
2.03618E+0	0.00000E+0	4.88281E-4	0.00000E+0
2.03765E+0	0.00000E+0	2.26964E-3	0.00000E+0
2.03882E+0	0.00000E+0	2.44141E-3	0.00000E+0
2.03936E+0	0.00000E+0	2.32468E-3	0.00000E+0
2.03911E+0	0.00000E+0	2.39359E-3	0.00000E+0
2.03896E+0	0.00000E+0	2.42209E-3	0.00000E+0
2.03857E+0	0.00000E+0	2.45371E-3	0.00000E+0
2.03921E+0	0.00000E+0	2.36932E-3	0.00000E+0
2.03892E+0	0.00000E+0	2.42954E-3	0.00000E+0
2.03989E+0	0.00000E+0	2.06520E-3	0.00000E+0
2.04019E+0	0.00000E+0	1.84338E-3	0.00000E+0
2.04121E+0	0.00000E+0	1.53939E-3	0.00000E+0
2.05181E+0	0.00000E+0	4.97056E-3	0.00000E+0
2.06738E+0	0.00000E+0	3.47006E-3	0.00000E+0
2.07017E+0	0.00000E+0	8.37142E-4	0.00000E+0
2.07026E+0	0.00000E+0	4.88281E-4	0.00000E+0
2.07031E+0	0.00000E+0	0.00000E+0	0.00000E+0
2.07031E+0	0.00000E+0	0.00000E+0	0.00000E+0
2.07285E+0	0.00000E+0	3.14074E-3	0.00000E+0
2.08633E+0	0.00000E+0	4.65972E-3	0.00000E+0
2.09468E+0	0.00000E+0	8.48571E-4	0.00000E+0
2.09492E+0	0.00000E+0	9.61652E-4	0.00000E+0
2.09570E+0	0.00000E+0	1.96296E-3	0.00000E+0
2.09565E+0	0.00000E+0	1.92518E-3	0.00000E+0
2.09658E+0	0.00000E+0	2.38199E-3	0.00000E+0
2.09863E+0	0.00000E+0	1.96296E-3	0.00000E+0
2.10122E+0	0.00000E+0	2.40963E-3	0.00000E+0
2.11558E+0	4.88281E-5	6.12365E-3	4.88281E-4
2.13848E+0	1.90430E-3	7.14260E-3	2.39359E-3
2.15894E+0	-4.39453E-4	7.29126E-3	2.20506E-3
2.17520E+0	0.00000E+0	2.64090E-3	0.00000E+0
2.18203E+0	0.00000E+0	1.59472E-3	0.00000E+0
2.18271E+0	0.00000E+0	6.87038E-4	0.00000E+0
2.18506E+0	0.00000E+0	2.45371E-3	0.00000E+0
2.18784E+0	0.00000E+0	1.25211E-3	0.00000E+0
2.19097E+0	0.00000E+0	2.22680E-3	0.00000E+0
2.19238E+0	0.00000E+0	0.00000E+0	0.00000E+0
2.19956E+0	0.00000E+0	3.28870E-3	0.00000E+0
2.20879E+0	0.00000E+0	2.98667E-3	0.00000E+0
2.21396E+0	0.00000E+0	2.42209E-3	0.00000E+0
2.22495E+0	0.00000E+0	5.00724E-3	0.00000E+0
2.23867E+0	0.00000E+0	3.29053E-3	0.00000E+0
2.24160E+0	0.00000E+0	1.33135E-3	0.00000E+0
2.24624E+0	0.00000E+0	2.54571E-3	0.00000E+0
2.25029E+0	0.00000E+0	1.70281E-3	0.00000E+0
2.25083E+0	0.00000E+0	8.37142E-4	0.00000E+0
2.25098E+0	0.00000E+0	0.00000E+0	0.00000E+0
2.25098E+0	0.00000E+0	0.00000E+0	0.00000E+0
2.25098E+0	0.00000E+0	0.00000E+0	0.00000E+0
2.25098E+0	0.00000E+0	0.00000E+0	0.00000E+0
2.25117E+0	0.00000E+0	9.61652E-4	0.00000E+0
2.25205E+0	0.00000E+0	2.03288E-3	0.00000E+0
2.25552E+0	0.00000E+0	1.25211E-3	0.00000E+0
2.25786E+0	0.00000E+0	2.41363E-3	0.00000E+0
2.25811E+0	0.00000E+0	2.44584E-3	0.00000E+0
2.25928E+0	0.00000E+0	2.24886E-3	0.00000E+0
2.26069E+0	0.00000E+0	4.88281E-4	0.00000E+0
2.26084E+0	0.00000E+0	6.87038E-4	0.00000E+0
2.26152E+0	0.00000E+0	1.79909E-3	0.00000E+0
2.26533E+0	0.00000E+0	1.16545E-3	0.00000E+0
2.26978E+0	0.00000E+0	2.80839E-3	0.00000E+0
2.28110E+0	0.00000E+0	3.99012E-3	0.00000E+0
2.29497E+0	0.00000E+0	4.19261E-3	0.00000E+0
2.30713E+0	4.88281E-5	2.98506E-3	4.88281E-4
2.31670E+0	9.76562E-4	4.13040E-3	1.96296E-3
2.32920E+0	3.12500E-3	2.94281E-3	2.35556E-3
2.33403E+0	1.51367E-3	4.88281E-4	2.26964E-3
2.33403E+0	1.26953E-3	4.88281E-4	2.15256E-3
2.33535E+0	2.44141E-4	2.20342E-3	1.06955E-3
2.33716E+0	-4.88281E-5	2.34069E-3	4.88281E-4
2.33857E+0	-2.68555E-3	1.52367E-3	2.44141E-3
2.34438E+0	0.00000E+0	2.74596E-3	2.30178E-3
2.35952E+0	0.00000E+0	7.07263E-3	0.00000E+0
2.37251E+0	0.00000E+0	1.53548E-3	0.00000E+0
2.37280E+0	0.00000E+0	1.06955E-3	0.00000E+0
2.37305E+0	0.00000E+0	0.00000E+0	0.00000E+0
2.37305E+0	0.00000E+0	0.00000E+0	0.00000E+0
2.37305E+0	0.00000E+0	0.00000E+0	0.00000E+0
2.37500E+0	0.00000E+0	2.40413E-3	0.00000E+0
2.38042E+0	0.00000E+0	2.54949E-3	0.00000E+0
2.38994E+0	0.00000E+0	2.89662E-3	0.00000E+0
2.40415E+0	0.00000E+0	5.40506E-3	0.00000E+0
2.41890E+0	0.00000E+0	4.65014E-3	0.00000E+0
2.43081E+0	0.00000E+0	2.69282E-3	0.00000E+0
2.43555E+0	0.00000E+0	1.96296E-3	0.00000E+0
2.43643E+0	0.00000E+0	6.87038E-4	0.00000E+0
2.43872E+0	0.00000E+0	2.44141E-3	0.00000E+0
2.44917E+0	0.00000E+0	5.00917E-3	0.00000E+0
2.46909E+0	0.00000E+0	5.10253E-3	0.00000E+0
2.48208E+0	0.00000E+0	2.86611E-3	0.00000E+0
2.48950E+0	1.46484E-4	1.75230E-3	8.37142E-4
2.49395E+0	4.39453E-4	2.09587E-3	1.40441E-3
2.49517E+0	7.81250E-4	4.88281E-4	1.79909E-3
2.49512E+0	6.83594E-4	0.00000E+0	1.70281E-3
2.49531E+0	7.32422E-4	9.61652E-4	1.75230E-3
2.49551E+0	8.30078E-4	1.33135E-3	1.84338E-3
2.49551E+0	7.32422E-4	1.33135E-3	1.75230E-3
2.49551E+0	9.27734E-4	1.33135E-3	1.92518E-3
2.49565E+0	9.76562E-4	1.53548E-3	1.96296E-3
2.50005E+0	2.29492E-3	1.76871E-3	2.44928E-3
2.50791E+0	3.80859E-3	3.23889E-3	2.03288E-3
2.52539E+0	-1.46484E-4	5.76490E-3	1.46484E-3
2.54448E+0	0.00000E+0	7.50353E-3	0.00000E+0
2.56670E+0	0.00000E+0	4.71827E-3	0.00000E+0
2.57451E+0	0.00000E+0	2.15256E-3	0.00000E+0
2.58843E+0	0.00000E+0	5.67629E-3	0.00000E+0
2.60605E+0	0.00000E+0	3.33415E-3	0.00000E+0
2.61172E+0	0.00000E+0	1.59472E-3	0.00000E+0
2.61182E+0	0.00000E+0	1.47222E-3	0.00000E+0
2.61196E+0	0.00000E+0	1.25211E-3	0.00000E+0
2.61230E+0	0.00000E+0	0.00000E+0	0.00000E+0
2.61274E+0	0.00000E+0	1.40441E-3	0.00000E+0
2.61953E+0	0.00000E+0	2.81738E-3	0.00000E+0
2.62690E+0	0.00000E+0	8.48571E-4	0.00000E+0
2.62715E+0	0.00000E+0	9.61652E-4	0.00000E+0
2.62866E+0	0.00000E+0	2.34069E-3	0.00000E+0
2.63032E+0	0.00000E+0	2.26964E-3	0.00000E+0
2.63115E+0	0.00000E+0	1.70281E-3	0.00000E+0
2.63184E+0	0.00000E+0	0.00000E+0	0.00000E+0
2.63228E+0	0.00000E+0	1.40441E-3	0.00000E+0
2.63306E+0	0.00000E+0	2.12497E-3	0.00000E+0
2.63564E+0	0.00000E+0	2.03288E-3	0.00000E+0
2.64526E+0	0.00000E+0	4.62314E-3	0.00000E+0
2.65991E+0	0.00000E+0	2.12497E-3	0.00000E+0
2.66113E+0	0.00000E+0	0.00000E+0	0.00000E+0
2.66113E+0	0.00000E+0	0.00000E+0	0.00000E+0
2.66118E+0	0.00000E+0	4.88281E-4	0.00000E+0
2.66123E+0	4.88281E-5	6.87038E-4	4.88281E-4
2.66113E+0	0.00000E+0	0.00000E+0	0.00000E+0
2.66108E+0	4.88281E-5	4.88281E-4	4.88281E-4
2.66108E+0	0.00000E+0	4.88281E-4	0.00000E+0
2.66118E+0	4.88281E-5	4.88281E-4	4.88281E-4
2.66113E+0	0.00000E+0	0.00000E+0	0.00000E+0
2.66113E+0	0.00000E+0	0.00000E+0	0.00000E+0
2.66113E+0	0.00000E+0	0.00000E+0	0.00000E+0
2.66118E+0	4.88281E-5	4.88281E-4	4.88281E-4
2.66118E+0	0.00000E+0	4.88281E-4	0.00000E+0
2.66113E+0	4.88281E-5	0.00000E+0	4.88281E-4
2.66113E+0	0.00000E+0	0.00000E+0	0.00000E+0
2.66118E+0	4.88281E-5	4.88281E-4	4.88281E-4
2.66128E+0	4.88281E-5	8.37142E-4	4.88281E-4
2.66333E+0	0.00000E+0	2.44141E-3	0.00000E+0
2.67285E+0	2.92969E-4	5.37580E-3	1.16545E-3
2.69277E+0	2.92969E-3	4.13389E-3	2.40413E-3
2.70020E+0	9.76563E-5	0.00000E+0	6.87038E-4
2.70234E+0	-9.27734E-4	2.43597E-3	1.92518E-3
2.71172E+0	3.41797E-4	4.57838E-3	1.25211E-3
2.71973E+0	0.00000E+0	0.00000E+0	0.00000E+0
2.71973E+0	0.00000E+0	0.00000E+0	0.00000E+0
2.71973E+0	0.00000E+0	0.00000E+0	0.00000E+0
2.71973E+0	0.00000E+0	0.00000E+0	0.00000E+0
2.71997E+0	0.00000E+0	1.06955E-3	0.00000E+0
2.72407E+0	0.00000E+0	1.53548E-3	0.00000E+0
2.72866E+0	0.00000E+0	1.84338E-3	0.00000E+0
2.73491E+0	0.00000E+0	4.27227E-3	0.00000E+0
2.75122E+0	0.00000E+0	2.72129E-3	0.00000E+0
2.75376E+0	0.00000E+0	8.37142E-4	0.00000E+0
2.75532E+0	0.00000E+0	2.33244E-3	0.00000E+0
2.76523E+0	0.00000E+0	2.39208E-3	0.00000E+0
2.76797E+0	0.00000E+0	1.59472E-3	0.00000E+0
2.76816E+0	0.00000E+0	1.33135E-3	0.00000E+0
2.76812E+0	0.00000E+0	1.40441E-3	0.00000E+0
2.76816E+0	0.00000E+0	1.33135E-3	0.00000E+0
2.76831E+0	0.00000E+0	1.06955E-3	0.00000E+0
2.77061E+0	0.00000E+0	2.42209E-3	0.00000E+0
2.78691E+0	0.00000E+0	8.78194E-3	0.00000E+0
2.81226E+0	0.00000E+0	4.87664E-3	0.00000E+0
2.81729E+0	0.00000E+0	6.87038E-4	0.00000E+0
2.81729E+0	0.00000E+0	6.87038E-4	0.00000E+0
2.81738E+0	0.00000E+0	0.00000E+0	0.00000E+0
2.81870E+0	0.00000E+0	2.17869E-3	0.00000E+0
2.82505E+0	0.00000E+0	2.42954E-3	0.00000E+0
2.82715E+0	0.00000E+0	0.00000E+0	0.00000E+0
2.82715E+0	0.00000E+0	0.00000E+0	0.00000E+0
2.82876E+0	0.00000E+0	2.30753E-3	0.00000E+0
2.83760E+0	0.00000E+0	4.10701E-3	0.00000E+0
2.84468E+0	0.00000E+0	2.41363E-3	0.00000E+0
2.85107E+0	1.46484E-4	2.02338E-3	8.37142E-4
2.85884E+0	2.44141E-4	2.54949E-3	1.06955E-3
2.86172E+0	3.90625E-4	1.33135E-3	1.33135E-3
2.86333E+0	2.44141E-4	2.41363E-3	1.06955E-3
2.86748E+0	6.83594E-4	2.36576E-3	1.70281E-3
2.87983E+0	2.09961E-3	6.14093E-3	2.62030E-3
2.89326E+0	3.41797E-4	2.44584E-3	1.25211E-3
2.89521E+0	0.00000E+0	1.16545E-3	0.00000E+0
2.89551E+0	0.00000E+0	0.00000E+0	0.00000E+0
2.90420E+0	0.00000E+0	4.73661E-3	0.00000E+0
2.92261E+0	0.00000E+0	5.30250E-3	0.00000E+0
2.93623E+0	0.00000E+0	4.61505E-3	0.00000E+0
2.93950E+0	0.00000E+0	4.88281E-4	0.00000E+0
2.94468E+0	0.00000E+0	3.12344E-3	0.00000E+0
2.95308E+0	0.00000E+0	1.99883E-3	0.00000E+0
2.96055E+0	0.00000E+0	3.59817E-3	0.00000E+0
2.96816E+0	0.00000E+0	1.59472E-3	0.00000E+0
2.96875E+0	0.00000E+0	0.00000E+0	0.00000E+0
2.97217E+0	0.00000E+0	2.54997E-3	0.00000E+0
2.98438E+0	0.00000E+0	4.70702E-3	0.00000E+0
2.99751E+0	0.00000E+0	4.04050E-3	0.00000E+0
3.01113E+0	0.00000E+0	3.91856E-3	0.00000E+0
3.02036E+0	0.00000E+0	2.52672E-3	0.00000E+0
3.02793E+0	0.00000E+0	3.27586E-3	0.00000E+0
3.03623E+0	4.88281E-5	3.76178E-3	4.88281E-4
3.04341E+0	9.76563E-5	2.22680E-3	6.87038E-4
3.04668E+0	3.41797E-4	1.18593E-3	1.25211E-3
3.05034E+0	3.41797E-4	2.22680E-3	1.25211E-3
3.05176E+0	7.32422E-4	0.00000E+0	1.75230E-3
3.05854E+0	2.49023E-3	4.59806E-3	2.45321E-3
3.07554E+0	6.83594E-4	5.44944E-3	1.83881E-3
3.08164E+0	9.76563E-5	1.59472E-3	6.87038E-4
3.08223E+0	0.00000E+0	2.09587E-3	0.00000E+0
3.08716E+0	0.00000E+0	2.89288E-3	0.00000E+0
3.10181E+0	0.00000E+0	5.65418E-3	0.00000E+0
3.11426E+0	0.00000E+0	1.96296E-3	0.00000E+0
3.11519E+0	0.00000E+0	4.88281E-4	0.00000E+0
3.11577E+0	0.00000E+0	1.53548E-3	0.00000E+0
3.11963E+0	0.00000E+0	1.47222E-3	0.00000E+0
3.12036E+0	0.00000E+0	1.06955E-3	0.00000E+0
3.12397E+0	0.00000E+0	4.61897E-3	0.00000E+0
3.14722E+0	0.00000E+0	8.10466E-3	0.00000E+0
3.16377E+0	0.00000E+0	1.16545E-3	0.00000E+0
3.16406E+0	0.00000E+0	0.00000E+0	0.00000E+0
3.16406E+0	0.00000E+0	0.00000E+0	0.00000E+0
3.16406E+0	0.00000E+0	0.00000E+0	0.00000E+0
3.16406E+0	0.00000E+0	0.00000E+0	0.00000E+0
3.16406E+0	0.00000E+0	0.00000E+0	0.00000E+0
3.16406E+0	0.00000E+0	0.00000E+0	0.00000E+0
3.16406E+0	0.00000E+0	0.00000E+0	0.00000E+0
3.16406E+0	0.00000E+0	0.00000E+0	0.00000E+0
3.16406E+0	0.00000E+0	0.00000E+0	0.00000E+0
3.16416E+0	0.00000E+0	6.87038E-4	0.00000E+0
3.16577E+0	0.00000E+0	2.34069E-3	0.00000E+0
3.17495E+0	0.00000E+0	4.27001E-3	0.00000E+0
3.18740E+0	0.00000E+0	2.25741E-3	0.00000E+0
3.18926E+0	0.00000E+0	1.79909E-3	0.00000E+0
3.19224E+0	0.00000E+0	2.06520E-3	0.00000E+0
3.20479E+0	0.00000E+0	6.62846E-3	0.00000E+0
3.21938E+0	4.88281E-5	3.10798E-3	4.88281E-4
3.22148E+0	4.88281E-5	2.09587E-3	4.88281E-4
3.22153E+0	0.00000E+0	2.06520E-3	0.00000E+0
3.22295E+0	9.76563E-5	1.35644E-3	6.87038E-4
3.22886E+0	9.76563E-5	2.67488E-3	6.87038E-4
3.23408E+0	5.37109E-4	2.32468E-3	1.53548E-3
3.23872E+0	4.39453E-4	2.33244E-3	1.40441E-3
3.24619E+0	2.49023E-3	3.20901E-3	2.45321E-3
3.25190E+0	3.85742E-3	4.88281E-4	1.99883E-3
3.25190E+0	3.90625E-3	4.88281E-4	1.96296E-3
3.25444E+0	2.39258E-3	2.54949E-3	2.45321E-3
3.26968E+0	-9.76563E-5	5.62343E-3	9.76562E-4
3.28364E+0	0.00000E+0	2.54949E-3	0.00000E+0
3.28589E+0	0.00000E+0	1.06955E-3	0.00000E+0
3.28896E+0	0.00000E+0	2.42209E-3	0.00000E+0
3.30469E+0	0.00000E+0	7.14530E-3	0.00000E+0
3.31899E+0	0.00000E+0	2.17869E-3	0.00000E+0
3.31943E+0	0.00000E+0	1.88537E-3	0.00000E+0
3.31997E+0	0.00000E+0	1.25211E-3	0.00000E+0
3.32017E+0	0.00000E+0	8.37142E-4	0.00000E+0
3.32476E+0	0.00000E+0	5.10442E-3	0.00000E+0
3.34014E+0	0.00000E+0	5.41241E-3	0.00000E+0
3.34966E+0	0.00000E+0	4.88281E-4	0.00000E+0
3.35068E+0	0.00000E+0	2.03288E-3	0.00000E+0
3.35396E+0	0.00000E+0	2.18311E-3	0.00000E+0
3.36753E+0	0.00000E+0	6.32485E-3	0.00000E+0
3.38550E+0	0.00000E+0	3.56421E-3	0.00000E+0
3.38843E+0	0.00000E+0	1.06955E-3	0.00000E+0
3.39199E+0	0.00000E+0	3.59817E-3	0.00000E+0
3.40981E+0	4.88281E-5	5.19607E-3	4.88281E-4
3.41797E+0	1.46484E-4	0.00000E+0	8.37142E-4
3.41890E+0	2.92969E-4	1.92518E-3	1.16545E-3
3.42788E+0	1.56250E-3	4.73025E-3	2.28919E-3
3.44023E+0	1.22070E-3	2.62627E-3	2.12497E-3
3.44160E+0	9.76563E-5	1.79909E-3	6.87038E-4
3.44189E+0	2.92969E-4	1.47222E-3	1.16545E-3
3.44199E+0	9.76563E-5	1.33135E-3	6.87038E-4
3.44224E+0	9.76563E-5	8.37142E-4	6.87038E-4
3.44238E+0	0.00000E+0	0.00000E+0	0.00000E+0
3.44238E+0	0.00000E+0	0.00000E+0	0.00000E+0
3.44536E+0	-3.41797E-4	2.85264E-3	1.73573E-3
3.45288E+0	9.76563E-5	2.44141E-3	6.87038E-4
3.46191E+0	4.88281E-5	2.94445E-3	4.88281E-4
3.46709E+0	0.00000E+0	1.16545E-3	0.00000E+0
3.46768E+0	0.00000E+0	1.88537E-3	0.00000E+0
3.47080E+0	0.00000E+0	1.88537E-3	0.00000E+0
3.47241E+0	0.00000E+0	1.75230E-3	0.00000E+0
3.47856E+0	0.00000E+0	2.60555E-3	0.00000E+0
3.48154E+0	0.00000E+0	6.87038E-4	0.00000E+0
3.49199E+0	0.00000E+0	6.19657E-3	0.00000E+0
3.51807E+0	0.00000E+0	7.36112E-3	0.00000E+0
3.52544E+0	0.00000E+0	4.88281E-4	0.00000E+0
3.53042E+0	0.00000E+0	4.01419E-3	0.00000E+0
3.55166E+0	0.00000E+0	9.83394E-3	0.00000E+0
3.57354E+0	0.00000E+0	1.70281E-3	0.00000E+0
3.57422E+0	0.00000E+0	0.00000E+0	0.00000E+0
3.57422E+0	4.88281E-5	0.00000E+0	4.88281E-4
3.57422E+0	0.00000E+0	0.00000E+0	0.00000E+0
3.57422E+0	4.88281E-5	0.00000E+0	4.88281E-4
3.57422E+0	0.00000E+0	0.00000E+0	0.00000E+0
3.57422E+0	0.00000E+0	0.00000E+0	0.00000E+0
3.57422E+0	0.00000E+0	0.00000E+0	0.00000E+0
3.57422E+0	4.88281E-5	0.00000E+0	4.88281E-4
3.57422E+0	0.00000E+0	0.00000E+0	0.00000E+0
3.57422E+0	0.00000E+0	0.00000E+0	0.00000E+0
3.57422E+0	0.00000E+0	0.00000E+0	0.00000E+0
3.57524E+0	0.00000E+0	1.99883E-3	0.00000E+0
3.58130E+0	0.00000E+0	2.97496E-3	0.00000E+0
3.59541E+0	9.76563E-5	4.76903E-3	6.87038E-4
3.60352E+0	5.37109E-4	0.00000E+0	1.53548E-3
3.60352E+0	4.39453E-4	0.00000E+0	1.40441E-3
3.60352E+0	5.85937E-4	0.00000E+0	1.59472E-3
3.60391E+0	5.85937E-4	1.33135E-3	1.59472E-3
3.61226E+0	2.44141E-3	4.00458E-3	2.45371E-3
3.62578E+0	-2.44141E-4	3.05050E-3	1.06955E-3
3.62788E+0	9.76563E-5	4.88281E-4	6.87038E-4
3.62798E+0	2.92969E-4	4.88281E-4	1.16545E-3
3.62793E+0	6.34766E-4	0.00000E+0	1.65038E-3
3.63164E+0	3.41797E-4	2.09587E-3	1.25211E-3
3.63340E+0	0.00000E+0	1.59472E-3	0.00000E+0
3.64312E+0	0.00000E+0	3.73060E-3	0.00000E+0
3.65137E+0	0.00000E+0	1.96296E-3	0.00000E+0
3.65181E+0	0.00000E+0	1.53548E-3	0.00000E+0
3.65151E+0	0.00000E+0	1.84338E-3	0.00000E+0
3.65229E+0	0.00000E+0	4.88281E-4	0.00000E+0
3.65225E+0	0.00000E+0	6.87038E-4	0.00000E+0
3.65244E+0	0.00000E+0	6.87038E-4	0.00000E+0
3.65669E+0	0.00000E+0	1.53548E-3	0.00000E+0
3.65723E+0	0.00000E+0	0.00000E+0	0.00000E+0
3.65723E+0	0.00000E+0	0.00000E+0	0.00000E+0
3.65737E+0	0.00000E+0	8.37142E-4	0.00000E+0
3.65786E+0	0.00000E+0	1.65038E-3	0.00000E+0
3.66294E+0	0.00000E+0	2.50759E-3	0.00000E+0
3.66699E+0	0.00000E+0	0.00000E+0	0.00000E+0
3.66714E+0	0.00000E+0	8.37142E-4	0.00000E+0
3.67480E+0	0.00000E+0	4.55095E-3	0.00000E+0
3.69072E+0	0.00000E+0	1.70281E-3	0.00000E+0
3.69141E+0	0.00000E+0	0.00000E+0	0.00000E+0
3.69141E+0	0.00000E+0	0.00000E+0	0.00000E+0
3.69141E+0	0.00000E+0	0.00000E+0	0.00000E+0
3.69141E+0	0.00000E+0	0.00000E+0	0.00000E+0
3.69238E+0	0.00000E+0	1.96296E-3	0.00000E+0
3.69551E+0	0.00000E+0	1.79909E-3	0.00000E+0
3.70415E+0	0.00000E+0	5.67629E-3	0.00000E+0
3.72578E+0	0.00000E+0	4.85412E-3	0.00000E+0
3.72998E+0	0.00000E+0	1.47222E-3	0.00000E+0
3.73013E+0	0.00000E+0	1.25211E-3	0.00000E+0
3.73755E+0	0.00000E+0	5.16445E-3	0.00000E+0
3.76006E+0	0.00000E+0	5.67310E-3	0.00000E+0
3.76489E+0	9.76563E-5	1.06955E-3	6.87038E-4
3.76479E+0	0.00000E+0	8.37142E-4	0.00000E+0
3.76709E+0	0.00000E+0	2.45371E-3	0.00000E+0
3.77490E+0	9.76563E-5	3.06468E-3	6.87038E-4
3.78354E+0	2.44141E-4	1.65038E-3	1.06955E-3
3.78423E+0	6.34766E-4	4.88281E-4	1.65038E-3
3.79141E+0	1.80664E-3	3.06311E-3	2.36932E-3
3.79883E+0	3.61328E-3	1.38803E-3	2.15256E-3
3.79927E+0	3.22266E-3	1.40441E-3	2.32468E-3
3.80186E+0	1.66016E-3	2.38199E-3	2.32468E-3
3.81216E+0	0.00000E+0	5.58907E-3	1.20207E-3
3.82769E+0	0.00000E+0	1.97459E-3	0.00000E+0
3.82861E+0	0.00000E+0	1.47222E-3	0.00000E+0
3.82988E+0	0.00000E+0	2.35556E-3	0.00000E+0
3.83354E+0	0.00000E+0	2.58700E-3	0.00000E+0
3.84800E+0	0.00000E+0	4.77080E-3	0.00000E+0
3.85254E+0	0.00000E+0	0.00000E+0	0.00000E+0
3.85254E+0	0.00000E+0	0.00000E+0	0.00000E+0
3.85254E+0	0.00000E+0	0.00000E+0	0.00000E+0
3.85278E+0	0.00000E+0	1.06955E-3	0.00000E+0
3.85283E+0	0.00000E+0	1.16545E-3	0.00000E+0
3.85312E+0	0.00000E+0	1.59472E-3	0.00000E+0
3.85850E+0	0.00000E+0	2.36168E-3	0.00000E+0
3.86396E+0	0.00000E+0	2.32468E-3	0.00000E+0
3.87051E+0	0.00000E+0	3.97954E-3	0.00000E+0
3.88989E+0	0.00000E+0	5.48116E-3	0.00000E+0
3.89956E+0	0.00000E+0	2.36932E-3	0.00000E+0
3.89961E+0	0.00000E+0	2.35556E-3	0.00000E+0
3.90005E+0	0.00000E+0	2.17869E-3	0.00000E+0
3.90000E+0	0.00000E+0	2.20342E-3	0.00000E+0
3.90029E+0	0.00000E+0	2.03288E-3	0.00000E+0
3.90029E+0	0.00000E+0	2.03288E-3	0.00000E+0
3.90039E+0	0.00000E+0	1.96296E-3	0.00000E+0
3.90078E+0	0.00000E+0	1.59472E-3	0.00000E+0
3.90894E+0	0.00000E+0	6.02533E-3	0.00000E+0
3.92432E+0	0.00000E+0	5.07627E-3	0.00000E+0
3.93081E+0	0.00000E+0	8.37142E-4	0.00000E+0
3.93110E+0	0.00000E+0	1.40441E-3	0.00000E+0
3.93472E+0	0.00000E+0	1.84338E-3	0.00000E+0
3.94131E+0	0.00000E+0	2.89329E-3	0.00000E+0
3.95059E+0	4.88281E-5	2.99955E-3	4.88281E-4
3.95498E+0	0.00000E+0	6.87038E-4	0.00000E+0
3.96147E+0	9.76563E-5	4.63977E-3	6.87038E-4
3.97905E+0	1.31836E-3	6.05404E-3	2.17869E-3
3.98950E+0	0.00000E+0	1.06955E-3	0.00000E+0
3.98955E+0	0.00000E+0	1.16545E-3	0.00000E+0
3.99072E+0	0.00000E+0	2.24886E-3	0.00000E+0
3.99238E+0	-1.95313E-4	2.35556E-3	9.61652E-4
3.99771E+0	1.46484E-4	3.91702E-3	8.37142E-4
4.01309E+0	0.00000E+0	4.67004E-3	0.00000E+0
4.02285E+0	0.00000E+0	1.59472E-3	0.00000E+0
4.02319E+0	0.00000E+0	1.06955E-3	0.00000E+0
4.02549E+0	0.00000E+0	2.51956E-3	0.00000E+0
4.03989E+0	0.00000E+0	6.11578E-3	0.00000E+0
4.05137E+0	0.00000E+0	2.20342E-3	0.00000E+0
4.05244E+0	0.00000E+0	1.16545E-3	0.00000E+0
4.05249E+0	0.00000E+0	1.06955E-3	0.00000E+0
4.06528E+0	0.00000E+0	7.18747E-3	0.00000E+0
4.08789E+0	0.00000E+0	4.44385E-3	0.00000E+0
4.09180E+0	0.00000E+0	0.00000E+0	0.00000E+0
4.09180E+0	0.00000E+0	0.00000E+0	0.00000E+0
4.09736E+0	4.88281E-5	5.93046E-3	4.88281E-4
4.11714E+0	0.00000E+0	5.95781E-3	0.00000E+0
4.12603E+0	4.88281E-5	4.88281E-4	4.88281E-4
4.12603E+0	0.00000E+0	4.88281E-4	0.00000E+0
4.12700E+0	0.00000E+0	1.99883E-3	0.00000E+0
4.13247E+0	0.00000E+0	2.94894E-3	0.00000E+0
4.14644E+0	4.88281E-5	6.82448E-3	4.88281E-4
4.16104E+0	4.39453E-4	2.72173E-3	1.40441E-3
4.16572E+0	7.32422E-4	2.19685E-3	1.75230E-3
4.17690E+0	6.34766E-4	4.34825E-3	1.65038E-3
4.19019E+0	0.00000E+0	3.42641E-3	0.00000E+0
4.20146E+0	0.00000E+0	4.92798E-3	0.00000E+0
4.21079E+0	0.00000E+0	2.46887E-3	0.00000E+0
4.21206E+0	0.00000E+0	2.36932E-3	0.00000E+0
4.21357E+0	0.00000E+0	1.16545E-3	0.00000E+0
4.21631E+0	0.00000E+0	2.64272E-3	0.00000E+0
4.22578E+0	0.00000E+0	2.88829E-3	0.00000E+0
4.22964E+0	0.00000E+0	2.06520E-3	0.00000E+0
4.23384E+0	0.00000E+0	1.97459E-3	0.00000E+0
4.24370E+0	0.00000E+0	3.79461E-3	0.00000E+0
4.25513E+0	0.00000E+0	3.94887E-3	0.00000E+0
4.26704E+0	0.00000E+0	2.58700E-3	0.00000E+0
4.26895E+0	0.00000E+0	2.20342E-3	0.00000E+0
4.27095E+0	0.00000E+0	2.26964E-3	0.00000E+0
4.27476E+0	0.00000E+0	2.98143E-3	0.00000E+0
4.28696E+0	0.00000E+0	4.88059E-3	0.00000E+0
4.29976E+0	0.00000E+0	2.86947E-3	0.00000E+0
4.31118E+0	0.00000E+0	4.40329E-3	0.00000E+0
4.32910E+0	0.00000E+0	6.01033E-3	0.00000E+0
4.34077E+0	1.46484E-4	2.90285E-3	8.37142E-4
4.34316E+0	2.44141E-4	2.45174E-3	1.06955E-3
4.34321E+0	4.88281E-4	2.45321E-3	1.47222E-3
4.34360E+0	2.92969E-4	2.42954E-3	1.16545E-3
4.34297E+0	1.46484E-4	2.43597E-3	8.37142E-4
4.34312E+0	3.41797E-4	2.44928E-3	1.25211E-3
4.34297E+0	1.46484E-4	2.43597E-3	8.37142E-4
4.34360E+0	2.92969E-4	2.42954E-3	1.16545E-3
4.34346E+0	2.44141E-4	2.44584E-3	1.06955E-3
4.34429E+0	3.90625E-4	2.22680E-3	1.33135E-3
4.34648E+0	5.37109E-4	1.79909E-3	1.53548E-3
4.34824E+0	1.07422E-3	2.45174E-3	2.03288E-3
4.35361E+0	1.26953E-3	3.00757E-3	2.15256E-3
4.36694E+0	1.95313E-4	4.62314E-3	9.61652E-4
4.37939E+0	0.00000E+0	3.29199E-3	0.00000E+0
4.38447E+0	4.88281E-5	1.16545E-3	4.88281E-4
4.38989E+0	0.00000E+0	4.24285E-3	0.00000E+0
4.41064E+0	0.00000E+0	5.17028E-3	0.00000E+0
4.41821E+0	0.00000E+0	1.75230E-3	0.00000E+0
4.41855E+0	0.00000E+0	1.33135E-3	0.00000E+0
4.41890E+0	0.00000E+0	4.88281E-4	0.00000E+0
4.42373E+0	0.00000E+0	3.73608E-3	0.00000E+0
4.43623E+0	0.00000E+0	2.97860E-3	0.00000E+0
4.43848E+0	0.00000E+0	0.00000E+0	0.00000E+0
4.43853E+0	0.00000E+0	4.88281E-4	0.00000E+0
4.43848E+0	0.00000E+0	0.00000E+0	0.00000E+0
4.43921E+0	0.00000E+0	1.75230E-3	0.00000E+0
4.43916E+0	0.00000E+0	1.70281E-3	0.00000E+0
4.44053E+0	0.00000E+0	2.42209E-3	0.00000E+0
4.44365E+0	0.00000E+0	1.52367E-3	0.00000E+0
4.45518E+0	0.00000E+0	5.85526E-3	0.00000E+0
4.47505E+0	0.00000E+0	3.21763E-3	0.00000E+0
4.47759E+0	0.00000E+0	4.88281E-4	0.00000E+0
4.47754E+0	0.00000E+0	0.00000E+0	0.00000E+0
4.48604E+0	0.00000E+0	6.96161E-3	0.00000E+0
4.50342E+0	0.00000E+0	3.83281E-3	0.00000E+0
4.50693E+0	0.00000E+0	6.87038E-4	0.00000E+0
4.50688E+0	0.00000E+0	4.88281E-4	0.00000E+0
4.50732E+0	0.00000E+0	1.47222E-3	0.00000E+0
4.50996E+0	0.00000E+0	2.35556E-3	0.00000E+0
4.51162E+0	0.00000E+0	6.87038E-4	0.00000E+0
4.51162E+0	4.88281E-5	6.87038E-4	4.88281E-4
4.51304E+0	0.00000E+0	2.17869E-3	0.00000E+0
4.52427E+0	7.32422E-4	6.62973E-3	1.75230E-3
4.54521E+0	3.90625E-4	4.75892E-3	1.33135E-3
4.55078E+0	4.88281E-4	0.00000E+0	1.47222E-3
4.55083E+0	3.90625E-4	4.88281E-4	1.33135E-3
4.55283E+0	4.88281E-5	2.42209E-3	4.88281E-4
4.56030E+0	0.00000E+0	4.00939E-3	0.00000E+0
4.56934E+0	0.00000E+0	1.96296E-3	0.00000E+0
4.56997E+0	0.00000E+0	1.25211E-3	0.00000E+0
4.57002E+0	4.88281E-5	1.16545E-3	4.88281E-4
4.57456E+0	0.00000E+0	1.79036E-3	0.00000E+0
4.57578E+0	0.00000E+0	1.59472E-3	0.00000E+0
4.57578E+0	0.00000E+0	1.59472E-3	0.00000E+0
4.57603E+0	0.00000E+0	1.84338E-3	0.00000E+0
4.57896E+0	0.00000E+0	2.06520E-3	0.00000E+0
4.58008E+0	0.00000E+0	0.00000E+0	0.00000E+0
4.58521E+0	0.00000E+0	3.05484E-3	0.00000E+0
4.59355E+0	0.00000E+0	2.09587E-3	0.00000E+0
4.59473E+0	0.00000E+0	0.00000E+0	0.00000E+0
4.59473E+0	0.00000E+0	0.00000E+0	0.00000E+0
4.60024E+0	0.00000E+0	3.77934E-3	0.00000E+0
4.61230E+0	0.00000E+0	2.94445E-3	0.00000E+0
4.61431E+0	0.00000E+0	4.88281E-4	0.00000E+0
4.61426E+0	-4.88281E-5	0.00000E+0	4.88281E-4
4.61426E+0	0.00000E+0	0.00000E+0	0.00000E+0
4.61748E+0	0.00000E+0	2.87994E-3	0.00000E+0
4.62827E+0	0.00000E+0	3.44604E-3	0.00000E+0
4.63320E+0	0.00000E+0	1.59472E-3	0.00000E+0
4.63384E+0	0.00000E+0	1.09623E-3	0.00000E+0
4.64199E+0	0.00000E+0	4.03961E-3	0.00000E+0
4.65801E+0	0.00000E+0	4.65144E-3	0.00000E+0
4.66323E+0	0.00000E+0	8.37142E-4	0.00000E+0
4.66333E+0	0.00000E+0	1.06955E-3	0.00000E+0
4.66323E+0	0.00000E+0	8.37142E-4	0.00000E+0
4.66323E+0	4.88281E-5	8.37142E-4	4.88281E-4
4.66318E+0	0.00000E+0	6.87038E-4	0.00000E+0
4.66338E+0	0.00000E+0	1.16545E-3	0.00000E+0
4.66323E+0	0.00000E+0	8.37142E-4	0.00000E+0
4.66328E+0	0.00000E+0	9.61652E-4	0.00000E+0
4.66528E+0	0.00000E+0	2.44141E-3	0.00000E+0
4.66934E+0	0.00000E+0	2.20342E-3	0.00000E+0
4.68271E+0	0.00000E+0	6.79920E-3	0.00000E+0
4.69639E+0	0.00000E+0	2.44190E-3	0.00000E+0
4.70171E+0	4.88281E-5	1.40441E-3	4.88281E-4
4.70566E+0	2.44141E-4	3.03149E-3	1.06955E-3
4.71514E+0	8.78906E-4	2.52338E-3	1.88537E-3
4.72266E+0	9.76562E-4	3.53878E-3	1.96296E-3
4.72739E+0	0.00000E+0	1.84338E-3	0.00000E+0
4.73135E+0	4.88281E-5	2.29969E-3	4.88281E-4
4.73843E+0	1.46484E-4	3.04536E-3	8.37142E-4
4.75317E+0	0.00000E+0	4.29924E-3	0.00000E+0
4.75957E+0	0.00000E+0	2.09587E-3	0.00000E+0
4.76011E+0	0.00000E+0	1.92017E-3	0.00000E+0
4.76792E+0	0.00000E+0	4.73025E-3	0.00000E+0
4.78979E+0	0.00000E+0	6.81318E-3	0.00000E+0
4.79893E+0	0.00000E+0	1.88537E-3	0.00000E+0
4.79888E+0	0.00000E+0	1.92518E-3	0.00000E+0
4.79961E+0	0.00000E+0	9.61652E-4	0.00000E+0
4.80029E+0	0.00000E+0	1.47222E-3	0.00000E+0
4.80449E+0	0.00000E+0	2.39610E-3	0.00000E+0
4.81489E+0	0.00000E+0	3.99253E-3	0.00000E+0
4.82378E+0	0.00000E+0	1.84860E-3	0.00000E+0
4.82598E+0	0.00000E+0	2.35556E-3	0.00000E+0
4.83125E+0	0.00000E+0	2.43597E-3	0.00000E+0
4.83398E+0	0.00000E+0	0.00000E+0	0.00000E+0
4.83403E+0	0.00000E+0	4.88281E-4	0.00000E+0
4.83843E+0	0.00000E+0	3.18755E-3	0.00000E+0
4.84932E+0	0.00000E+0	3.86535E-3	0.00000E+0
4.85728E+0	0.00000E+0	2.06520E-3	0.00000E+0
4.85820E+0	0.00000E+0	9.61652E-4	0.00000E+0
4.86265E+0	0.00000E+0	3.30331E-3	0.00000E+0
4.88145E+0	0.00000E+0	6.01353E-3	0.00000E+0
4.88872E+0	9.76563E-5	1.99883E-3	6.87038E-4
4.88877E+0	4.88281E-5	2.03288E-3	4.88281E-4
4.89077E+0	9.76563E-5	2.36932E-3	6.87038E-4
4.89492E+0	3.41797E-4	2.98345E-3	1.25211E-3
4.91187E+0	4.88281E-4	6.22197E-3	1.62760E-3
4.92285E+0	0.00000E+0	1.96296E-3	0.00000E+0
4.92437E+0	0.00000E+0	2.45321E-3	0.00000E+0
4.92520E+0	4.88281E-5	2.28919E-3	4.88281E-4
4.93530E+0	0.00000E+0	4.57075E-3	0.00000E+0
4.94590E+0	0.00000E+0	1.33135E-3	0.00000E+0
4.94624E+0	0.00000E+0	4.88281E-4	0.00000E+0
4.94863E+0	0.00000E+0	2.73057E-3	0.00000E+0
4.95796E+0	0.00000E+0	2.58700E-3	0.00000E+0
4.96108E+0	0.00000E+0	8.37142E-4	0.00000E+0
4.96289E+0	0.00000E+0	2.40413E-3	0.00000E+0
4.97163E+0	0.00000E+0	5.36212E-3	0.00000E+0
4.99048E+0	0.00000E+0	4.51775E-3	0.00000E+0
4.99453E+0	0.00000E+0	1.59472E-3	0.00000E+0
4.99502E+0	0.00000E+0	6.87038E-4	0.00000E+0
5.00430E+0	0.00000E+0	5.77659E-3	0.00000E+0
5.02163E+0	0.00000E+0	3.19962E-3	0.00000E+0
5.02378E+0	0.00000E+0	1.65038E-3	0.00000E+0
5.02368E+0	0.00000E+0	1.75230E-3	0.00000E+0
5.02344E+0	0.00000E+0	1.96296E-3	0.00000E+0
5.02310E+0	0.00000E+0	2.17869E-3	0.00000E+0
5.02339E+0	0.00000E+0	1.99883E-3	0.00000E+0
5.02388E+0	0.00000E+0	1.53548E-3	0.00000E+0
5.02954E+0	0.00000E+0	5.16445E-3	0.00000E+0
5.06440E+0	9.76563E-5	1.45196E-2	6.87038E-4
5.10229E+0	3.41797E-4	5.98523E-3	1.25211E-3
5.10884E+0	9.76563E-5	2.22680E-3	6.87038E-4
5.10850E+0	9.76563E-5	2.03288E-3	6.87038E-4
5.10889E+0	9.76563E-5	2.24886E-3	6.87038E-4
5.10962E+0	9.76563E-5	2.44141E-3	6.87038E-4
5.11162E+0	4.88281E-5	1.70281E-3	4.88281E-4
5.11240E+0	0.00000E+0	6.87038E-4	0.00000E+0
5.11514E+0	4.88281E-5	2.42209E-3	4.88281E-4
5.12095E+0	0.00000E+0	3.66285E-3	0.00000E+0
5.13496E+0	0.00000E+0	4.52547E-3	0.00000E+0
5.14160E+0	0.00000E+0	0.00000E+0	0.00000E+0
5.14189E+0	0.00000E+0	1.16545E-3	0.00000E+0
5.14448E+0	0.00000E+0	2.41363E-3	0.00000E+0
5.15127E+0	0.00000E+0	3.67106E-3	0.00000E+0
5.16289E+0	0.00000E+0	3.06625E-3	0.00000E+0
5.16533E+0	0.00000E+0	1.70281E-3	0.00000E+0
5.16602E+0	0.00000E+0	9.81482E-4	0.00000E+0
5.17212E+0	0.00000E+0	2.72129E-3	0.00000E+0
5.17578E+0	0.00000E+0	0.00000E+0	0.00000E+0
5.17578E+0	0.00000E+0	0.00000E+0	0.00000E+0
5.17778E+0	0.00000E+0	2.41363E-3	0.00000E+0
5.18442E+0	0.00000E+0	3.85505E-3	0.00000E+0
5.19902E+0	0.00000E+0	4.50414E-3	0.00000E+0
5.20815E+0	0.00000E+0	2.46887E-3	0.00000E+0
5.21445E+0	0.00000E+0	1.33135E-3	0.00000E+0
5.21489E+0	0.00000E+0	4.88281E-4	0.00000E+0
5.22261E+0	0.00000E+0	4.66049E-3	0.00000E+0
5.23379E+0	0.00000E+0	1.59472E-3	0.00000E+0
5.23438E+0	0.00000E+0	0.00000E+0	0.00000E+0
5.23438E+0	4.88281E-5	0.00000E+0	4.88281E-4
5.23726E+0	0.00000E+0	3.03268E-3	0.00000E+0
5.25186E+0	4.88281E-5	6.69929E-3	4.88281E-4
5.26782E+0	0.00000E+0	1.75230E-3	0.00000E+0
5.26836E+0	1.46484E-4	9.61652E-4	8.37142E-4
5.26855E+0	0.00000E+0	0.00000E+0	0.00000E+0
5.26953E+0	4.88281E-5	2.08204E-3	4.88281E-4
5.28364E+0	4.39453E-4	6.51393E-3	1.40441E-3
5.29741E+0	4.88281E-5	1.40441E-3	4.88281E-4
5.29878E+0	0.00000E+0	1.92518E-3	0.00000E+0
5.30938E+0	0.00000E+0	4.93286E-3	0.00000E+0
5.32119E+0	0.00000E+0	3.07096E-3	0.00000E+0
5.32407E+0	0.00000E+0	2.36932E-3	0.00000E+0
5.32437E+0	0.00000E+0	2.42954E-3	0.00000E+0
5.33086E+0	0.00000E+0	4.34077E-3	0.00000E+0
5.35073E+0	0.00000E+0	5.97234E-3	0.00000E+0
5.35654E+0	0.00000E+0	6.87038E-4	0.00000E+0
5.35698E+0	0.00000E+0	1.53548E-3	0.00000E+0
5.36680E+0	0.00000E+0	4.18024E-3	0.00000E+0
5.37212E+0	0.00000E+0	1.99883E-3	0.00000E+0
5.37983E+0	0.00000E+0	5.16072E-3	0.00000E+0
5.40093E+0	0.00000E+0	5.37109E-3	0.00000E+0
5.40527E+0	0.00000E+0	0.00000E+0	0.00000E+0
5.40527E+0	0.00000E+0	0.00000E+0	0.00000E+0
5.40527E+0	0.00000E+0	0.00000E+0	0.00000E+0
5.40527E+0	0.00000E+0	0.00000E+0	0.00000E+0
5.40532E+0	0.00000E+0	4.88281E-4	0.00000E+0
5.40527E+0	0.00000E+0	0.00000E+0	0.00000E+0
5.40527E+0	0.00000E+0	0.00000E+0	0.00000E+0
5.40527E+0	0.00000E+0	0.00000E+0	0.00000E+0
5.40527E+0	4.88281E-5	0.00000E+0	4.88281E-4
5.40532E+0	0.00000E+0	4.88281E-4	0.00000E+0
5.40737E+0	0.00000E+0	2.42954E-3	0.00000E+0
5.41230E+0	0.00000E+0	2.43597E-3	0.00000E+0
5.41455E+0	0.00000E+0	1.47222E-3	0.00000E+0
5.41504E+0	0.00000E+0	0.00000E+0	0.00000E+0
5.41968E+0	0.00000E+0	3.42641E-3	0.00000E+0
5.43003E+0	0.00000E+0	3.41797E-3	0.00000E+0
5.43452E+0	0.00000E+0	4.88281E-4	0.00000E+0
5.43481E+0	4.88281E-5	1.06955E-3	4.88281E-4
5.44312E+0	1.46484E-4	3.56421E-3	8.37142E-4
5.46191E+0	3.41797E-4	4.33411E-3	1.25211E-3
5.46890E+0	5.85937E-4	8.37142E-4	1.59472E-3
5.47056E+0	3.41797E-4	2.36932E-3	1.25211E-3
5.48052E+0	0.00000E+0	5.28977E-3	0.00000E+0
5.49883E+0	0.00000E+0	5.53994E-3	0.00000E+0
5.51499E+0	0.00000E+0	3.36113E-3	0.00000E+0
5.51758E+0	0.00000E+0	0.00000E+0	0.00000E+0
5.52051E+0	0.00000E+0	3.39995E-3	0.00000E+0
5.53437E+0	0.00000E+0	4.62027E-3	0.00000E+0
5.54805E+0	0.00000E+0	3.61420E-3	0.00000E+0
5.55186E+0	0.00000E+0	6.87038E-4	0.00000E+0
5.55186E+0	0.00000E+0	6.87038E-4	0.00000E+0
5.55181E+0	0.00000E+0	4.88281E-4	0.00000E+0
5.55190E+0	0.00000E+0	8.37142E-4	0.00000E+0
5.55195E+0	0.00000E+0	9.61652E-4	0.00000E+0
5.55264E+0	0.00000E+0	1.88537E-3	0.00000E+0
5.55317E+0	0.00000E+0	2.22680E-3	0.00000E+0
5.55483E+0	0.00000E+0	2.36932E-3	0.00000E+0
5.56221E+0	0.00000E+0	5.28635E-3	0.00000E+0
5.57759E+0	0.00000E+0	3.12653E-3	0.00000E+0
5.58105E+0	0.00000E+0	0.00000E+0	0.00000E+0
5.58105E+0	0.00000E+0	0.00000E+0	0.00000E+0
5.58105E+0	0.00000E+0	0.00000E+0	0.00000E+0
5.58105E+0	0.00000E+0	0.00000E+0	0.00000E+0
5.58105E+0	0.00000E+0	0.00000E+0	0.00000E+0
5.58101E+0	0.00000E+0	4.88281E-4	0.00000E+0
5.58105E+0	0.00000E+0	0.00000E+0	0.00000E+0
5.58105E+0	0.00000E+0	0.00000E+0	0.00000E+0
5.58101E+0	0.00000E+0	4.88281E-4	0.00000E+0
5.58110E+0	0.00000E+0	4.88281E-4	0.00000E+0
5.59761E+0	0.00000E+0	1.06366E-2	0.00000E+0
5.63091E+0	1.46484E-4	5.90095E-3	8.37142E-4
5.63477E+0	2.92969E-4	0.00000E+0	1.16545E-3
5.63477E+0	1.95313E-4	0.00000E+0	9.61652E-4
5.63477E+0	2.92969E-4	0.00000E+0	1.16545E-3
5.63770E+0	3.41797E-4	2.50230E-3	1.25211E-3
5.64458E+0	5.85937E-4	2.35300E-3	1.59472E-3
5.65811E+0	4.88281E-5	4.73661E-3	4.88281E-4
5.67666E+0	0.00000E+0	3.34137E-3	0.00000E+0
5.67871E+0	0.00000E+0	0.00000E+0	0.00000E+0
5.67920E+0	0.00000E+0	1.47222E-3	0.00000E+0
5.69526E+0	0.00000E+0	6.24207E-3	0.00000E+0
5.70313E+0	0.00000E+0	0.00000E+0	0.00000E+0
5.70313E+0	0.00000E+0	0.00000E+0	0.00000E+0
5.70313E+0	0.00000E+0	0.00000E+0	0.00000E+0
5.70313E+0	0.00000E+0	0.00000E+0	0.00000E+0
5.70313E+0	0.00000E+0	0.00000E+0	0.00000E+0
5.70313E+0	0.00000E+0	0.00000E+0	0.00000E+0
5.70313E+0	0.00000E+0	0.00000E+0	0.00000E+0
5.70313E+0	0.00000E+0	0.00000E+0	0.00000E+0
5.70313E+0	0.00000E+0	0.00000E+0	0.00000E+0
5.70313E+0	0.00000E+0	0.00000E+0	0.00000E+0
5.70313E+0	0.00000E+0	0.00000E+0	0.00000E+0
5.70313E+0	0.00000E+0	0.00000E+0	0.00000E+0
5.70313E+0	0.00000E+0	0.00000E+0	0.00000E+0
5.70313E+0	0.00000E+0	0.00000E+0	0.00000E+0
5.70313E+0	0.00000E+0	0.00000E+0	0.00000E+0
5.70313E+0	0.00000E+0	0.00000E+0	0.00000E+0
5.70313E+0	0.00000E+0	0.00000E+0	0.00000E+0
5.70581E+0	0.00000E+0	3.28283E-3	0.00000E+0
5.72251E+0	0.00000E+0	7.58525E-3	0.00000E+0
5.73999E+0	0.00000E+0	2.44141E-3	0.00000E+0
5.74121E+0	0.00000E+0	1.96296E-3	0.00000E+0
5.74141E+0	0.00000E+0	1.79909E-3	0.00000E+0
5.74277E+0	0.00000E+0	1.59472E-3	0.00000E+0
5.75449E+0	0.00000E+0	6.60152E-3	0.00000E+0
5.77319E+0	4.88281E-5	3.69688E-3	4.88281E-4
5.77588E+0	0.00000E+0	1.47222E-3	0.00000E+0
5.77627E+0	0.00000E+0	6.87038E-4	0.00000E+0
5.78511E+0	0.00000E+0	6.73925E-3	0.00000E+0
5.79971E+0	0.00000E+0	2.03288E-3	0.00000E+0
5.80117E+0	9.76563E-5	1.33135E-3	6.87038E-4
5.80112E+0	4.88281E-5	1.25211E-3	4.88281E-4
5.80513E+0	9.76563E-5	3.09556E-3	6.87038E-4
5.82158E+0	1.95313E-4	6.57007E-3	9.61652E-4
5.83086E+0	4.88281E-5	1.79909E-3	4.88281E-4
5.83120E+0	1.46484E-4	2.06520E-3	8.37142E-4
5.83140E+0	4.88281E-5	2.17869E-3	4.88281E-4
5.83223E+0	4.88281E-5	2.43597E-3	4.88281E-4
5.83276E+0	1.46484E-4	2.44141E-3	8.37142E-4
5.84580E+0	4.88281E-5	9.30029E-3	4.88281E-4
5.87036E+0	0.00000E+0	4.40985E-3	0.00000E+0
5.87402E+0	0.00000E+0	0.00000E+0	0.00000E+0
5.87397E+0	0.00000E+0	4.88281E-4	0.00000E+0
5.87520E+0	0.00000E+0	2.09587E-3	0.00000E+0
5.88916E+0	0.00000E+0	6.60225E-3	0.00000E+0
5.90054E+0	0.00000E+0	2.42954E-3	0.00000E+0
5.90156E+0	0.00000E+0	2.35556E-3	0.00000E+0
5.90098E+0	0.00000E+0	2.45174E-3	0.00000E+0
5.90415E+0	0.00000E+0	2.40963E-3	0.00000E+0
5.91563E+0	0.00000E+0	4.93091E-3	0.00000E+0
5.93062E+0	0.00000E+0	2.51142E-3	0.00000E+0
5.93257E+0	0.00000E+0	4.88281E-4	0.00000E+0
5.93252E+0	0.00000E+0	6.87038E-4	0.00000E+0
5.93262E+0	0.00000E+0	6.94013E-4	0.00000E+0
5.93423E+0	0.00000E+0	2.30753E-3	0.00000E+0
5.94277E+0	0.00000E+0	4.63900E-3	0.00000E+0
5.95610E+0	0.00000E+0	2.16093E-3	0.00000E+0
5.95708E+0	0.00000E+0	4.88281E-4	0.00000E+0
5.95918E+0	0.00000E+0	2.43597E-3	0.00000E+0
5.96128E+0	0.00000E+0	2.36932E-3	0.00000E+0
5.97124E+0	0.00000E+0	4.96086E-3	0.00000E+0
5.99346E+0	0.00000E+0	5.30455E-3	0.00000E+0
6.00098E+0	4.88281E-5	0.00000E+0	4.88281E-4
6.00122E+0	0.00000E+0	1.06955E-3	0.00000E+0
6.00688E+0	2.92969E-4	3.62584E-3	1.16545E-3
6.03037E+0	0.00000E+0	1.09509E-2	0.00000E+0
6.04546E+0	4.88281E-5	1.53548E-3	4.88281E-4
6.04526E+0	0.00000E+0	1.25211E-3	0.00000E+0
6.04551E+0	0.00000E+0	1.59472E-3	0.00000E+0
6.04521E+0	0.00000E+0	1.16545E-3	0.00000E+0
6.04565E+0	0.00000E+0	1.75230E-3	0.00000E+0
6.04531E+0	0.00000E+0	1.33135E-3	0.00000E+0
6.04585E+0	0.00000E+0	1.92518E-3	0.00000E+0
6.04604E+0	0.00000E+0	2.06520E-3	0.00000E+0
6.04683E+0	0.00000E+0	2.39359E-3	0.00000E+0
6.04771E+0	0.00000E+0	2.42954E-3	0.00000E+0
6.04927E+0	0.00000E+0	1.68504E-3	0.00000E+0
6.05986E+0	0.00000E+0	4.59413E-3	0.00000E+0
6.07803E+0	0.00000E+0	4.31071E-3	0.00000E+0
6.08638E+0	0.00000E+0	2.45321E-3	0.00000E+0
6.08892E+0	0.00000E+0	1.47141E-3	0.00000E+0
6.09810E+0	0.00000E+0	3.17241E-3	0.00000E+0
6.11729E+0	0.00000E+0	7.58286E-3	0.00000E+0
6.13540E+0	0.00000E+0	2.54571E-3	0.00000E+0
6.13589E+0	0.00000E+0	2.36932E-3	0.00000E+0
6.13643E+0	0.00000E+0	2.15256E-3	0.00000E+0
6.13750E+0	0.00000E+0	9.61652E-4	0.00000E+0
6.14492E+0	0.00000E+0	4.97951E-3	0.00000E+0
6.16084E+0	0.00000E+0	3.15146E-3	0.00000E+0
6.16367E+0	0.00000E+0	2.28919E-3	0.00000E+0
6.16318E+0	0.00000E+0	2.03288E-3	0.00000E+0
6.16504E+0	0.00000E+0	2.50230E-3	0.00000E+0
6.17642E+0	0.00000E+0	4.40329E-3	0.00000E+0
6.18628E+0	0.00000E+0	1.06955E-3	0.00000E+0
6.18667E+0	4.88281E-5	8.37142E-4	4.88281E-4
6.19678E+0	3.90625E-4	5.35335E-3	1.33135E-3
6.21313E+0	9.76563E-5	3.82495E-3	6.87038E-4
6.21582E+0	0.00000E+0	0.00000E+0	0.00000E+0
6.21582E+0	0.00000E+0	0.00000E+0	0.00000E+0
6.21582E+0	0.00000E+0	0.00000E+0	0.00000E+0
6.21582E+0	0.00000E+0	0.00000E+0	0.00000E+0
6.21582E+0	0.00000E+0	0.00000E+0	0.00000E+0
6.21582E+0	0.00000E+0	0.00000E+0	0.00000E+0
6.21582E+0	0.00000E+0	0.00000E+0	0.00000E+0
6.21582E+0	0.00000E+0	0.00000E+0	0.00000E+0
6.21582E+0	0.00000E+0	0.00000E+0	0.00000E+0
6.21582E+0	0.00000E+0	0.00000E+0	0.00000E+0
6.21582E+0	0.00000E+0	0.00000E+0	0.00000E+0
6.21582E+0	0.00000E+0	0.00000E+0	0.00000E+0
6.21582E+0	4.88281E-5	0.00000E+0	4.88281E-4
