5.37231E+0	-8.85254E-2	2.12497E-3	1.65038E-3
5.37227E+0	-8.91113E-2	2.09587E-3	2.12497E-3
5.37168E+0	-8.97949E-2	1.59472E-3	2.39359E-3
5.37188E+0	-9.03320E-2	1.79909E-3	2.45371E-3
5.37163E+0	-9.17480E-2	1.53548E-3	1.99883E-3
5.37148E+0	-9.18945E-2	1.33135E-3	1.88537E-3
5.37178E+0	-9.22852E-2	1.70281E-3	1.47222E-3
5.37197E+0	-9.21387E-2	1.88537E-3	1.65038E-3
5.37178E+0	-9.23828E-2	1.70281E-3	1.33135E-3
5.37183E+0	-9.23828E-2	1.75230E-3	1.33135E-3
5.37197E+0	-9.27246E-2	1.88537E-3	4.88281E-4
5.37202E+0	-9.27246E-2	1.92518E-3	4.88281E-4
5.37173E+0	-9.27734E-2	1.65038E-3	0.00000E+0
5.37183E+0	-9.27246E-2	1.75230E-3	4.88281E-4
5.37183E+0	-9.27734E-2	1.75230E-3	0.00000E+0
5.37163E+0	-9.27734E-2	1.53548E-3	0.00000E+0
5.37183E+0	-9.27246E-2	1.75230E-3	4.88281E-4
5.37183E+0	-9.27734E-2	1.75230E-3	0.00000E+0
5.37192E+0	-9.27734E-2	1.84338E-3	0.00000E+0
5.37158E+0	-9.27734E-2	1.47222E-3	0.00000E+0
5.37183E+0	-9.27734E-2	1.75230E-3	0.00000E+0
5.37207E+0	-9.27734E-2	1.96296E-3	0.00000E+0
5.37192E+0	-9.27734E-2	1.84338E-3	0.00000E+0
5.37197E+0	-9.27734E-2	1.88537E-3	0.00000E+0
5.37183E+0	-9.27246E-2	1.75230E-3	4.88281E-4
5.37158E+0	-9.28223E-2	1.47222E-3	4.88281E-4
5.37163E+0	-9.27734E-2	1.53548E-3	0.00000E+0
5.37158E+0	-9.27734E-2	1.47222E-3	0.00000E+0
5.37183E+0	-9.27734E-2	1.75230E-3	0.00000E+0
5.37158E+0	-9.27734E-2	1.47222E-3	0.00000E+0
5.37129E+0	-9.27734E-2	9.61652E-4	0.00000E+0
5.37144E+0	-9.27734E-2	1.25211E-3	0.00000E+0
5.37202E+0	-9.27734E-2	1.92518E-3	0.00000E+0
5.37168E+0	-9.27734E-2	1.59472E-3	0.00000E+0
5.37173E+0	-9.27734E-2	1.65038E-3	0.00000E+0
5.37139E+0	-9.28223E-2	1.16545E-3	4.88281E-4
5.37173E+0	-9.27734E-2	1.65038E-3	0.00000E+0
5.37163E+0	-9.27734E-2	1.53548E-3	0.00000E+0
5.37183E+0	-9.28223E-2	1.75230E-3	4.88281E-4
5.37158E+0	-9.27734E-2	1.47222E-3	0.00000E+0
5.37173E+0	-9.28223E-2	1.65038E-3	4.88281E-4
5.37168E+0	-9.27734E-2	1.59472E-3	0.00000E+0
5.37148E+0	-9.27734E-2	1.33135E-3	0.00000E+0
5.37158E+0	-9.27734E-2	1.47222E-3	0.00000E+0
5.37153E+0	-9.27734E-2	1.40441E-3	0.00000E+0
5.37163E+0	-9.27734E-2	1.53548E-3	0.00000E+0
5.37173E+0	-9.27734E-2	1.65038E-3	0.00000E+0
5.37163E+0	-9.27734E-2	1.53548E-3	0.00000E+0
5.37144E+0	-9.27734E-2	1.25211E-3	0.00000E+0
5.37158E+0	-9.27734E-2	1.47222E-3	0.00000E+0
5.37192E+0	-9.27734E-2	1.84338E-3	0.00000E+0
5.37158E+0	-9.27734E-2	1.47222E-3	0.00000E+0
5.37178E+0	-9.27734E-2	1.70281E-3	0.00000E+0
5.37168E+0	-9.28223E-2	1.59472E-3	4.88281E-4
5.37446E+0	-9.27734E-2	2.26964E-3	0.00000E+0
5.37598E+0	-9.27734E-2	0.00000E+0	0.00000E+0
5.37603E+0	-9.27734E-2	4.88281E-4	0.00000E+0
5.37935E+0	-9.28223E-2	2.26964E-3	4.88281E-4
5.38286E+0	-9.27734E-2	2.41363E-3	0.00000E+0
5.38784E+0	-9.27734E-2	2.42954E-3	0.00000E+0
5.39307E+0	-9.28711E-2	2.54997E-3	6.87038E-4
5.40132E+0	-9.27734E-2	3.58577E-3	0.00000E+0
5.40947E+0	-9.27734E-2	3.25669E-3	0.00000E+0
5.41660E+0	-9.27734E-2	2.49072E-3	0.00000E+0
5.42573E+0	-9.27734E-2	3.51797E-3	0.00000E+0
5.43306E+0	-9.27734E-2	2.26964E-3	0.00000E+0
5.43589E+0	-9.27734E-2	2.17869E-3	0.00000E+0
5.44023E+0	-9.28223E-2	1.79909E-3	4.88281E-4
5.44434E+0	-9.27734E-2	6.94013E-4	0.00000E+0
5.44678E+0	-9.27734E-2	2.45371E-3	0.00000E+0
5.45112E+0	-9.27734E-2	3.98045E-3	0.00000E+0
5.45879E+0	-9.27734E-2	1.37408E-3	0.00000E+0
5.46089E+0	-9.28223E-2	2.39359E-3	4.88281E-4
5.46675E+0	-9.27734E-2	2.41363E-3	0.00000E+0
5.47222E+0	-9.28223E-2	2.22680E-3	4.88281E-4
5.47661E+0	-9.27734E-2	2.39359E-3	0.00000E+0
5.48154E+0	-9.27734E-2	2.66812E-3	0.00000E+0
5.48794E+0	-9.27734E-2	1.59094E-3	0.00000E+0
5.49253E+0	-9.27734E-2	1.65038E-3	0.00000E+0
5.49722E+0	-9.27734E-2	1.84338E-3	0.00000E+0
5.50093E+0	-9.27734E-2	2.41363E-3	0.00000E+0
5.50479E+0	-9.27734E-2	2.38199E-3	0.00000E+0
5.50913E+0	-9.27734E-2	2.28656E-3	0.00000E+0
5.51348E+0	-9.27734E-2	2.04940E-3	0.00000E+0
5.51777E+0	-9.27734E-2	9.61652E-4	0.00000E+0
5.52305E+0	-9.27734E-2	2.80024E-3	0.00000E+0
5.52827E+0	-9.27734E-2	1.92518E-3	0.00000E+0
5.53276E+0	-9.28711E-2	1.53548E-3	6.87038E-4
5.53682E+0	-9.27734E-2	1.16545E-3	0.00000E+0
5.53926E+0	-9.28223E-2	2.43597E-3	4.88281E-4
5.54399E+0	-9.27734E-2	2.41363E-3	0.00000E+0
5.54937E+0	-9.27734E-2	2.45321E-3	0.00000E+0
5.55396E+0	-9.27734E-2	2.44141E-3	0.00000E+0
5.55806E+0	-9.27734E-2	2.22680E-3	0.00000E+0
5.56362E+0	-9.27734E-2	2.42954E-3	0.00000E+0
5.56792E+0	-9.27734E-2	2.26964E-3	0.00000E+0
5.57324E+0	-9.27734E-2	2.40413E-3	0.00000E+0
5.57661E+0	-9.28223E-2	1.40441E-3	4.88281E-4
5.58188E+0	-9.27734E-2	2.30753E-3	0.00000E+0
5.58789E+0	-9.27734E-2	2.40413E-3	0.00000E+0
5.59331E+0	-9.27734E-2	2.45321E-3	0.00000E+0
5.59639E+0	-9.27734E-2	1.70281E-3	0.00000E+0
5.60229E+0	-9.28223E-2	2.53813E-3	4.88281E-4
5.60776E+0	-9.27734E-2	2.44928E-3	0.00000E+0
5.61431E+0	-9.27734E-2	1.92518E-3	0.00000E+0
5.61714E+0	-9.27734E-2	2.39359E-3	0.00000E+0
5.62207E+0	-9.27734E-2	2.40413E-3	0.00000E+0
5.62695E+0	-9.27734E-2	2.40413E-3	0.00000E+0
5.63179E+0	-9.27734E-2	2.39359E-3	0.00000E+0
5.63813E+0	-9.27734E-2	3.23257E-3	0.00000E+0
5.64678E+0	-9.27734E-2	4.30176E-3	0.00000E+0
5.65469E+0	-9.27734E-2	1.33135E-3	0.00000E+0
5.65869E+0	-9.27734E-2	1.47222E-3	0.00000E+0
5.65918E+0	-9.27734E-2	0.00000E+0	0.00000E+0
5.66177E+0	-9.27734E-2	2.44928E-3	0.00000E+0
5.66680E+0	-9.28223E-2	2.53291E-3	4.88281E-4
5.67217E+0	-9.27734E-2	2.32468E-3	0.00000E+0
5.67661E+0	-9.27734E-2	2.42954E-3	0.00000E+0
5.67871E+0	-9.27734E-2	0.00000E+0	0.00000E+0
5.67891E+0	-9.27734E-2	9.61652E-4	0.00000E+0
5.67954E+0	-9.27734E-2	1.84338E-3	0.00000E+0
5.68223E+0	-9.27734E-2	2.20342E-3	0.00000E+0
5.68564E+0	-9.27734E-2	2.42209E-3	0.00000E+0
5.68853E+0	-9.27734E-2	8.48571E-4	0.00000E+0
5.69307E+0	-9.27734E-2	2.28287E-3	0.00000E+0
5.69854E+0	-9.27734E-2	1.81242E-3	0.00000E+0
5.70596E+0	-9.27734E-2	3.19397E-3	0.00000E+0
5.71626E+0	-9.27734E-2	2.83570E-3	0.00000E+0
5.72632E+0	-9.27734E-2	2.97496E-3	0.00000E+0
5.73545E+0	-9.27734E-2	2.48103E-3	0.00000E+0
5.74209E+0	-9.27734E-2	2.50037E-3	0.00000E+0
5.74912E+0	-9.28223E-2	2.42209E-3	4.88281E-4
5.75444E+0	-9.27734E-2	2.45321E-3	0.00000E+0
5.75688E+0	-9.28223E-2	4.88281E-4	4.88281E-4
5.76069E+0	-9.28223E-2	2.11589E-3	4.88281E-4
5.76548E+0	-9.27734E-2	2.06520E-3	0.00000E+0
5.76670E+0	-9.27734E-2	6.87038E-4	0.00000E+0
5.76968E+0	-9.27734E-2	2.36932E-3	0.00000E+0
5.77212E+0	-9.27734E-2	1.92017E-3	0.00000E+0
5.77603E+0	-9.27734E-2	1.25211E-3	0.00000E+0
5.77637E+0	-9.27734E-2	0.00000E+0	0.00000E+0
5.77788E+0	-9.27734E-2	2.26964E-3	0.00000E+0
5.78154E+0	-9.27734E-2	1.35644E-3	0.00000E+0
5.78594E+0	-9.27734E-2	1.37408E-3	0.00000E+0
5.78965E+0	-9.27734E-2	2.20342E-3	0.00000E+0
5.79326E+0	-9.27734E-2	2.44584E-3	0.00000E+0
5.79658E+0	-9.27734E-2	1.70281E-3	0.00000E+0
5.80264E+0	-9.27734E-2	2.66812E-3	0.00000E+0
5.80693E+0	-9.27734E-2	2.15256E-3	0.00000E+0
5.81094E+0	-9.27734E-2	1.33135E-3	0.00000E+0
5.81519E+0	-9.27734E-2	1.06955E-3	0.00000E+0
5.81807E+0	-9.27734E-2	2.44584E-3	0.00000E+0
5.82246E+0	-9.27734E-2	2.43597E-3	0.00000E+0
5.82744E+0	-9.27734E-2	2.44584E-3	0.00000E+0
5.83232E+0	-9.27734E-2	2.44584E-3	0.00000E+0
5.83501E+0	-9.27246E-2	4.88281E-4	4.88281E-4
5.83770E+0	-9.27734E-2	2.43597E-3	0.00000E+0
5.84531E+0	-9.27734E-2	4.87195E-3	0.00000E+0
5.85166E+0	-9.27734E-2	2.42209E-3	0.00000E+0
5.85771E+0	-9.27734E-2	2.32468E-3	0.00000E+0
5.86118E+0	-9.27734E-2	2.36932E-3	0.00000E+0
5.86626E+0	-9.27246E-2	2.41363E-3	4.88281E-4
5.87075E+0	-9.22363E-2	2.30753E-3	1.53548E-3
5.87534E+0	-9.22363E-2	2.17869E-3	1.53548E-3
5.87900E+0	-9.18457E-2	9.76562E-4	1.92518E-3
5.88320E+0	-9.16504E-2	2.22517E-3	2.06520E-3
5.88872E+0	-9.15527E-2	1.62686E-3	2.12497E-3
5.89424E+0	-9.15039E-2	2.08435E-3	2.15256E-3
5.89844E+0	-8.98437E-2	0.00000E+0	2.40413E-3
5.90195E+0	-8.89160E-2	2.20342E-3	1.99883E-3
5.90635E+0	-8.85742E-2	2.38199E-3	1.70281E-3
5.90884E+0	-8.81836E-2	1.65038E-3	1.16545E-3
5.91250E+0	-8.81348E-2	1.59472E-3	1.06955E-3
5.91680E+0	-8.82813E-2	2.09587E-3	1.33135E-3
5.91880E+0	-8.82324E-2	1.84338E-3	1.25211E-3
5.92290E+0	-8.80371E-2	1.09623E-3	8.37142E-4
5.92715E+0	-8.92090E-2	1.59472E-3	2.17869E-3
5.93013E+0	-9.09668E-2	2.45321E-3	2.36932E-3
5.93535E+0	-9.09180E-2	2.43597E-3	2.38199E-3
5.93750E+0	-8.89160E-2	0.00000E+0	1.99883E-3
5.93872E+0	-8.81348E-2	2.12497E-3	1.06955E-3
5.94233E+0	-8.78906E-2	4.88281E-4	0.00000E+0
5.94473E+0	-8.78906E-2	2.45174E-3	0.00000E+0
5.94741E+0	-8.78906E-2	1.08741E-3	0.00000E+0
5.95005E+0	-8.77441E-2	2.42954E-3	8.37142E-4
5.95210E+0	-8.73047E-2	4.88281E-4	1.59472E-3
5.95420E+0	-8.64258E-2	2.42209E-3	2.24886E-3
5.95703E+0	-8.45215E-2	6.94013E-4	2.26964E-3
5.96172E+0	-8.34961E-2	2.58933E-3	1.47222E-3
5.96724E+0	-8.30078E-2	1.71338E-3	0.00000E+0
5.97148E+0	-8.20312E-2	9.61652E-4	1.96296E-3
5.97339E+0	-7.89551E-2	2.34069E-3	1.84338E-3
5.97646E+0	-7.81250E-2	6.87038E-4	6.94013E-4
5.97739E+0	-7.81250E-2	1.84338E-3	0.00000E+0
5.97876E+0	-7.75879E-2	2.44141E-3	1.53548E-3
5.98037E+0	-7.61230E-2	2.03288E-3	2.41363E-3
5.98066E+0	-7.44141E-2	1.79909E-3	2.09587E-3
5.98145E+0	-7.36328E-2	0.00000E+0	1.33135E-3
5.98140E+0	-7.31445E-2	4.88281E-4	6.87038E-4
5.98320E+0	-7.30469E-2	2.35556E-3	1.18593E-3
5.98677E+0	-7.23633E-2	1.40441E-3	1.88537E-3
5.99019E+0	-7.12891E-2	1.99883E-3	2.40413E-3
5.99434E+0	-7.07031E-2	2.35556E-3	2.45174E-3
5.99722E+0	-6.96777E-2	2.06520E-3	2.17869E-3
6.00352E+0	-6.93359E-2	2.45174E-3	1.96296E-3
6.00757E+0	-6.93848E-2	2.34069E-3	1.99883E-3
6.01265E+0	-7.01172E-2	2.39359E-3	2.35556E-3
6.01572E+0	-6.99219E-2	6.87038E-4	2.28919E-3
6.02046E+0	-6.96289E-2	1.76871E-3	2.15256E-3
6.02563E+0	-6.87012E-2	2.00844E-3	1.25211E-3
6.03130E+0	-6.84570E-2	3.34965E-3	6.87038E-4
6.04004E+0	-6.84082E-2	2.40413E-3	4.88281E-4
6.04619E+0	-6.83594E-2	2.56127E-3	0.00000E+0
6.05000E+0	-6.82129E-2	9.61652E-4	8.37142E-4
6.05435E+0	-6.79199E-2	1.86933E-3	1.40441E-3
6.05908E+0	-6.74316E-2	1.47222E-3	1.92518E-3
6.06309E+0	-6.62109E-2	2.31013E-3	2.43597E-3
6.06807E+0	-6.55273E-2	2.15256E-3	2.42209E-3
6.07295E+0	-6.52832E-2	2.26167E-3	2.36932E-3
6.07817E+0	-6.41602E-2	1.92518E-3	1.70281E-3
6.08032E+0	-6.35254E-2	2.12497E-3	1.29745E-3
6.08501E+0	-6.29395E-2	2.11589E-3	1.68504E-3
6.08911E+0	-6.25000E-2	1.06955E-3	1.96296E-3
6.09395E+0	-6.23535E-2	2.29339E-3	2.06520E-3
6.09844E+0	-6.20117E-2	9.61652E-4	2.24886E-3
6.09868E+0	-6.23047E-2	4.88281E-4	2.09587E-3
6.10205E+0	-6.27441E-2	2.24886E-3	1.75230E-3
6.10615E+0	-6.25488E-2	2.44584E-3	1.92518E-3
6.11104E+0	-6.24023E-2	2.44584E-3	2.03288E-3
6.11577E+0	-6.29395E-2	2.45321E-3	1.53548E-3
6.11909E+0	-6.34277E-2	1.92518E-3	8.48571E-4
6.12407E+0	-6.39648E-2	2.43350E-3	1.47222E-3
6.12871E+0	-6.53320E-2	1.79909E-3	2.38199E-3
6.13335E+0	-6.61133E-2	1.95004E-3	2.44584E-3
6.13799E+0	-6.58691E-2	1.35644E-3	2.45321E-3
6.14370E+0	-6.65527E-2	2.67488E-3	2.36932E-3
6.14966E+0	-6.60156E-2	2.44141E-3	2.45174E-3
6.15552E+0	-6.54785E-2	2.34069E-3	2.41363E-3
6.15874E+0	-6.54297E-2	2.26964E-3	2.40413E-3
6.16519E+0	-6.40625E-2	2.36932E-3	1.73919E-3
6.17065E+0	-6.31836E-2	2.89288E-3	1.35644E-3
6.17759E+0	-6.15234E-2	2.30753E-3	2.40413E-3
6.18633E+0	-6.01563E-2	3.46451E-3	2.28919E-3
6.19502E+0	-6.07422E-2	2.56127E-3	2.43597E-3
6.20449E+0	-6.23535E-2	3.09439E-3	2.06520E-3
6.21426E+0	-6.32812E-2	2.85137E-3	9.61652E-4
6.22295E+0	-6.32324E-2	3.05838E-3	1.45163E-3
6.23677E+0	-6.31836E-2	3.27696E-3	1.16545E-3
6.24351E+0	-6.31836E-2	2.78082E-3	1.16545E-3
6.25142E+0	-6.37207E-2	2.53053E-3	1.06955E-3
6.25928E+0	-6.46484E-2	2.02338E-3	2.09587E-3
6.26685E+0	-6.64551E-2	2.80839E-3	2.39359E-3
6.27559E+0	-6.79687E-2	2.69863E-3	1.33135E-3
6.27949E+0	-6.82129E-2	9.61652E-4	8.37142E-4
6.28345E+0	-6.83594E-2	1.88473E-3	0.00000E+0
6.28823E+0	-6.84082E-2	1.84338E-3	4.88281E-4
6.28906E+0	-6.85547E-2	0.00000E+0	9.61652E-4
6.28906E+0	-6.91406E-2	0.00000E+0	1.79909E-3
6.29189E+0	-7.04590E-2	2.42209E-3	2.42954E-3
6.29590E+0	-7.24609E-2	2.40413E-3	1.92831E-3
6.29878E+0	-7.38281E-2	4.88281E-4	1.59472E-3
6.29917E+0	-7.47559E-2	1.25211E-3	2.26964E-3
6.30259E+0	-7.63184E-2	2.06520E-3	2.36932E-3
6.30615E+0	-7.73926E-2	2.45371E-3	1.75230E-3
6.31084E+0	-7.78809E-2	2.44584E-3	1.06955E-3
6.31465E+0	-7.78320E-2	2.09587E-3	1.16545E-3
6.31855E+0	-7.79297E-2	9.61652E-4	9.61652E-4
6.32471E+0	-7.80273E-2	2.35351E-3	6.87038E-4
6.32979E+0	-7.79297E-2	2.32468E-3	9.61652E-4
6.33545E+0	-7.72949E-2	2.45371E-3	1.84338E-3
6.33804E+0	-7.68555E-2	8.37142E-4	2.15256E-3
6.34287E+0	-7.51953E-2	2.29969E-3	2.40413E-3
6.34897E+0	-7.51953E-2	2.28656E-3	2.40413E-3
6.35508E+0	-7.77832E-2	2.45174E-3	1.25211E-3
6.36152E+0	-7.80273E-2	2.92146E-3	6.87038E-4
6.36846E+0	-7.80273E-2	2.15256E-3	6.87038E-4
6.37446E+0	-7.84180E-2	2.45321E-3	1.16545E-3
6.37695E+0	-8.04688E-2	0.00000E+0	2.45174E-3
6.37827E+0	-8.25684E-2	2.17869E-3	1.40441E-3
6.38184E+0	-8.29102E-2	6.94013E-4	6.87038E-4
6.38535E+0	-8.30078E-2	2.20342E-3	0.00000E+0
6.38706E+0	-8.30566E-2	1.25211E-3	4.88281E-4
6.39087E+0	-8.35449E-2	1.75230E-3	1.53548E-3
6.39189E+0	-8.43750E-2	1.16545E-3	2.20342E-3
6.39526E+0	-8.65723E-2	2.12497E-3	2.17869E-3
6.39673E+0	-8.76953E-2	1.06955E-3	9.61652E-4
6.40132E+0	-8.78906E-2	2.45321E-3	0.00000E+0
6.40645E+0	-8.78906E-2	1.82566E-3	0.00000E+0
6.41240E+0	-8.78906E-2	2.36576E-3	0.00000E+0
6.41616E+0	-8.78906E-2	8.37142E-4	0.00000E+0
6.42261E+0	-8.79395E-2	4.35490E-3	4.88281E-4
6.43276E+0	-8.78906E-2	2.71065E-3	0.00000E+0
6.43804E+0	-8.78906E-2	2.45321E-3	0.00000E+0
6.44302E+0	-8.78418E-2	2.44928E-3	4.88281E-4
6.44932E+0	-8.75000E-2	1.88537E-3	1.33135E-3
6.45435E+0	-8.53027E-2	1.75230E-3	2.44928E-3
6.45703E+0	-8.36426E-2	2.40413E-3	1.65038E-3
6.46011E+0	-8.31543E-2	8.37142E-4	8.37142E-4
6.46406E+0	-8.33984E-2	1.79909E-3	1.33135E-3
6.46729E+0	-8.32031E-2	2.45371E-3	9.61652E-4
6.47109E+0	-8.33008E-2	2.20342E-3	1.16545E-3
6.47500E+0	-8.31543E-2	1.65402E-3	8.37142E-4
6.47842E+0	-8.30078E-2	2.03288E-3	0.00000E+0
6.47949E+0	-8.30078E-2	0.00000E+0	0.00000E+0
6.47949E+0	-8.30078E-2	0.00000E+0	0.00000E+0
6.47949E+0	-8.30078E-2	0.00000E+0	0.00000E+0
6.47949E+0	-8.30566E-2	0.00000E+0	4.88281E-4
6.47949E+0	-8.30078E-2	0.00000E+0	0.00000E+0
6.47949E+0	-8.30566E-2	0.00000E+0	4.88281E-4
6.47949E+0	-8.30078E-2	0.00000E+0	0.00000E+0
6.47949E+0	-8.30078E-2	0.00000E+0	0.00000E+0
6.47949E+0	-8.29590E-2	0.00000E+0	4.88281E-4
6.47949E+0	-8.29102E-2	0.00000E+0	6.87038E-4
6.47949E+0	-8.27637E-2	0.00000E+0	1.06955E-3
6.47949E+0	-8.25684E-2	0.00000E+0	1.40441E-3
6.47949E+0	-8.22266E-2	0.00000E+0	1.79909E-3
6.47949E+0	-8.24707E-2	0.00000E+0	1.53548E-3
6.47949E+0	-8.22754E-2	0.00000E+0	1.75230E-3
6.47949E+0	-8.21777E-2	0.00000E+0	1.84338E-3
6.47949E+0	-8.20312E-2	0.00000E+0	1.96296E-3
6.47949E+0	-8.15918E-2	0.00000E+0	2.22680E-3
6.47949E+0	-8.15430E-2	0.00000E+0	2.24886E-3
6.47949E+0	-8.16895E-2	0.00000E+0	2.17869E-3
6.47949E+0	-8.15918E-2	0.00000E+0	2.22680E-3
6.47949E+0	-8.18359E-2	0.00000E+0	2.09587E-3
6.47949E+0	-8.15918E-2	0.00000E+0	2.22680E-3
6.47949E+0	-8.18359E-2	0.00000E+0	2.09587E-3
6.47949E+0	-8.17383E-2	0.00000E+0	2.15256E-3
6.47949E+0	-8.20801E-2	0.00000E+0	1.92518E-3
6.47949E+0	-8.18359E-2	0.00000E+0	2.09587E-3
6.47949E+0	-8.16895E-2	0.00000E+0	2.17869E-3
6.47949E+0	-8.15918E-2	0.00000E+0	2.22680E-3
6.47949E+0	-8.16406E-2	0.00000E+0	2.20342E-3
6.47949E+0	-8.11523E-2	0.00000E+0	2.38199E-3
6.47944E+0	-8.14453E-2	4.88281E-4	2.28919E-3
6.47949E+0	-8.13965E-2	0.00000E+0	2.30753E-3
6.47949E+0	-8.07129E-2	0.00000E+0	2.44928E-3
6.47949E+0	-8.06152E-2	0.00000E+0	2.45321E-3
6.47949E+0	-8.06152E-2	0.00000E+0	2.45321E-3
6.47949E+0	-8.01270E-2	0.00000E+0	2.41363E-3
6.47949E+0	-8.04688E-2	0.00000E+0	2.45174E-3
