5.37559E+0	-8.80859E-2	1.33135E-3	9.61652E-4
5.37573E+0	-8.79883E-2	1.06955E-3	6.87038E-4
5.37544E+0	-8.83301E-2	1.53548E-3	1.40441E-3
5.37568E+0	-8.80371E-2	1.16545E-3	8.37142E-4
5.37559E+0	-8.78906E-2	1.33135E-3	0.00000E+0
5.37568E+0	-8.79395E-2	1.16545E-3	4.88281E-4
5.37573E+0	-8.83301E-2	1.06955E-3	1.40441E-3
5.37578E+0	-8.79395E-2	9.61652E-4	4.88281E-4
5.37583E+0	-8.83301E-2	8.37142E-4	1.40441E-3
5.37563E+0	-8.79883E-2	1.25211E-3	6.87038E-4
5.37559E+0	-8.80371E-2	1.33135E-3	8.37142E-4
5.37559E+0	-8.85742E-2	1.33135E-3	1.70281E-3
5.37573E+0	-8.80371E-2	1.06955E-3	8.37142E-4
5.37544E+0	-8.81836E-2	1.53548E-3	1.16545E-3
5.37573E+0	-8.80371E-2	1.06955E-3	8.37142E-4
5.37578E+0	-8.78906E-2	9.61652E-4	0.00000E+0
5.37559E+0	-8.80371E-2	1.33135E-3	8.37142E-4
5.37549E+0	-8.80859E-2	1.47222E-3	9.61652E-4
5.37549E+0	-8.79395E-2	1.47222E-3	4.88281E-4
5.37529E+0	-8.79883E-2	1.70281E-3	6.87038E-4
5.37559E+0	-8.79395E-2	1.33135E-3	4.88281E-4
5.37549E+0	-8.79395E-2	1.47222E-3	4.88281E-4
5.37559E+0	-8.77930E-2	1.33135E-3	6.87038E-4
5.37598E+0	-8.63281E-2	0.00000E+0	2.28919E-3
5.37808E+0	-8.32520E-2	2.42954E-3	1.06955E-3
5.38105E+0	-8.14941E-2	9.61652E-4	2.26964E-3
5.38511E+0	-7.84668E-2	2.04174E-3	1.43159E-3
5.38926E+0	-7.50488E-2	2.20342E-3	2.65681E-3
5.39331E+0	-6.85059E-2	2.44141E-3	2.44928E-3
5.39761E+0	-5.90820E-2	2.42954E-3	3.76945E-3
5.40405E+0	-4.88281E-2	2.12497E-3	3.39995E-3
5.40752E+0	-4.05273E-2	2.44584E-3	3.14228E-3
5.41333E+0	-3.28125E-2	2.34069E-3	3.47561E-3
5.41807E+0	-2.77344E-2	2.38199E-3	2.39208E-3
5.42529E+0	-2.66602E-2	2.73233E-3	2.44584E-3
5.43135E+0	-2.78809E-2	2.32468E-3	2.22680E-3
5.43481E+0	-3.05176E-2	1.06955E-3	2.12497E-3
5.43901E+0	-3.46191E-2	1.97459E-3	3.26223E-3
5.44360E+0	-3.87695E-2	1.75230E-3	1.81242E-3
5.44717E+0	-4.13574E-2	2.42209E-3	2.44928E-3
5.45547E+0	-4.41406E-2	4.71111E-3	1.53939E-3
5.45923E+0	-4.68262E-2	1.06955E-3	2.41363E-3
5.46348E+0	-4.79004E-2	1.92330E-3	1.92518E-3
5.46812E+0	-4.84863E-2	1.79036E-3	1.25211E-3
5.47295E+0	-4.76562E-2	1.70281E-3	2.09587E-3
5.47520E+0	-4.53125E-2	2.28919E-3	2.20342E-3
5.47847E+0	-4.21387E-2	4.88281E-4	2.36932E-3
5.48174E+0	-3.69141E-2	2.32468E-3	3.12845E-3
5.48643E+0	-2.90039E-2	2.38199E-3	2.92969E-3
5.48828E+0	-2.24609E-2	6.94013E-4	3.02513E-3
5.49043E+0	-1.44531E-2	2.43597E-3	3.98196E-3
5.49316E+0	-5.81055E-3	0.00000E+0	3.51797E-3
5.49463E+0	5.07813E-3	2.24886E-3	4.85412E-3
5.49805E+0	1.92871E-2	6.94013E-4	6.14407E-3
5.50190E+0	4.13574E-2	1.99883E-3	9.11392E-3
5.50620E+0	6.85547E-2	2.30753E-3	7.53635E-3
5.51108E+0	8.97949E-2	2.30753E-3	7.20889E-3
5.51572E+0	1.09375E-1	2.38199E-3	7.41003E-3
5.51855E+0	1.27148E-1	1.96296E-3	7.00644E-3
5.52461E+0	1.41797E-1	2.53291E-3	6.43302E-3
5.52813E+0	1.52881E-1	1.79909E-3	5.66779E-3
5.53218E+0	1.60156E-1	4.88281E-4	6.24611E-3
5.53613E+0	1.65137E-1	1.96296E-3	6.14427E-3
5.54067E+0	1.68652E-1	2.48830E-3	5.48314E-3
5.54844E+0	1.70996E-1	2.76562E-3	6.08915E-3
5.55381E+0	1.76611E-1	2.42209E-3	6.83717E-3
5.55757E+0	1.82031E-1	1.92518E-3	6.13250E-3
5.56362E+0	1.87158E-1	2.42954E-3	6.32485E-3
5.56782E+0	1.97754E-1	2.22680E-3	7.45862E-3
5.57285E+0	2.10254E-1	2.39208E-3	8.17699E-3
5.57729E+0	2.29346E-1	2.06520E-3	1.10052E-2
5.58364E+0	2.63135E-1	2.44928E-3	1.41704E-2
5.59053E+0	3.04492E-1	2.38603E-3	1.48933E-2
5.59609E+0	3.46289E-1	1.65402E-3	1.49604E-2
5.60234E+0	3.78906E-1	2.73409E-3	1.24536E-2
5.60864E+0	4.06982E-1	2.44141E-3	1.30093E-2
5.61499E+0	4.32227E-1	1.06955E-3	1.44161E-2
5.61919E+0	4.56592E-1	2.26964E-3	1.31770E-2
5.62666E+0	4.76514E-1	2.42607E-3	1.13847E-2
5.63198E+0	4.92187E-1	2.42954E-3	1.18186E-2
5.63740E+0	5.02539E-1	2.44584E-3	1.14392E-2
5.64365E+0	5.08398E-1	1.88537E-3	1.17015E-2
5.65313E+0	5.15332E-1	3.40844E-3	1.18881E-2
5.65854E+0	5.21875E-1	1.79036E-3	1.18447E-2
5.66260E+0	5.27246E-1	2.24886E-3	1.16953E-2
5.66787E+0	5.32764E-1	2.03288E-3	1.24128E-2
5.67280E+0	5.37549E-1	2.22680E-3	1.21421E-2
5.67803E+0	5.40479E-1	1.70281E-3	1.20145E-2
5.68174E+0	5.45361E-1	2.75690E-3	1.16688E-2
5.68843E+0	5.50293E-1	1.90000E-3	1.22292E-2
5.69546E+0	5.54443E-1	2.42954E-3	1.20482E-2
5.69971E+0	5.57422E-1	2.24886E-3	1.21941E-2
5.70537E+0	5.60498E-1	2.44584E-3	1.20466E-2
5.71133E+0	5.63867E-1	2.28919E-3	1.19095E-2
5.71699E+0	5.63965E-1	1.79909E-3	1.18694E-2
5.72275E+0	5.59570E-1	2.94281E-3	1.20806E-2
5.72910E+0	5.53320E-1	2.28919E-3	1.19176E-2
5.73491E+0	5.43506E-1	2.45321E-3	1.25824E-2
5.73848E+0	5.30957E-1	2.09587E-3	1.26763E-2
5.74399E+0	5.15967E-1	2.36932E-3	1.22204E-2
5.74927E+0	4.99365E-1	2.44141E-3	1.19776E-2
5.75361E+0	4.84766E-1	2.32468E-3	1.16354E-2
5.75684E+0	4.70557E-1	0.00000E+0	1.15017E-2
5.75938E+0	4.55566E-1	2.54808E-3	1.21700E-2
5.76528E+0	4.40723E-1	2.17869E-3	1.29582E-2
5.76860E+0	4.25586E-1	2.41363E-3	1.20551E-2
5.77397E+0	4.14258E-1	2.45321E-3	1.04499E-2
5.77637E+0	4.02148E-1	0.00000E+0	1.07856E-2
5.77793E+0	3.91748E-1	2.28919E-3	9.63791E-3
5.78203E+0	3.82422E-1	1.79909E-3	9.38535E-3
5.78687E+0	3.75342E-1	2.00844E-3	9.78176E-3
5.79229E+0	3.68164E-1	2.15256E-3	9.74093E-3
5.79751E+0	3.66748E-1	2.30753E-3	9.51317E-3
5.80405E+0	3.70117E-1	2.30753E-3	9.66648E-3
5.80947E+0	3.67920E-1	2.14808E-3	9.82402E-3
5.81455E+0	3.61963E-1	1.88537E-3	9.60788E-3
5.81748E+0	3.59375E-1	2.42209E-3	9.41405E-3
5.82314E+0	3.55176E-1	2.51956E-3	9.11828E-3
5.82998E+0	3.46387E-1	2.50037E-3	9.04403E-3
5.83574E+0	3.37598E-1	2.04940E-3	9.04935E-3
5.84424E+0	3.27539E-1	4.88281E-3	9.09342E-3
5.85103E+0	3.20557E-1	2.22680E-3	8.10466E-3
5.85688E+0	3.07227E-1	2.45321E-3	9.04030E-3
5.86094E+0	2.87793E-1	2.28919E-3	9.73648E-3
5.86792E+0	2.69189E-1	2.44141E-3	8.31817E-3
5.87490E+0	2.50781E-1	2.34120E-3	1.16031E-2
5.88174E+0	2.11426E-1	2.95913E-3	1.18084E-2
5.89131E+0	1.88721E-1	2.63542E-3	7.12420E-3
5.89790E+0	1.72705E-1	1.53548E-3	6.75211E-3
5.90215E+0	1.53955E-1	2.09587E-3	5.82537E-3
5.90747E+0	1.37061E-1	2.44141E-3	7.41831E-3
5.91514E+0	1.19580E-1	2.51956E-3	5.02836E-3
5.91943E+0	1.03564E-1	2.24886E-3	7.83020E-3
5.92544E+0	8.77930E-2	2.44928E-3	4.44277E-3
5.93071E+0	7.68555E-2	2.39359E-3	7.65367E-3
5.93677E+0	5.50781E-2	1.75230E-3	6.87318E-3
5.93975E+0	4.15039E-2	2.44584E-3	5.35335E-3
5.94570E+0	2.92969E-2	2.49072E-3	5.05249E-3
5.95225E+0	1.36719E-2	1.69714E-3	4.80826E-3
5.95684E+0	-1.02539E-3	9.61652E-4	4.92187E-3
5.96074E+0	-1.14258E-2	2.20779E-3	3.41550E-3
5.96724E+0	-2.11914E-2	2.20506E-3	3.55372E-3
5.97388E+0	-2.90039E-2	2.53813E-3	3.08972E-3
5.97905E+0	-3.71094E-2	2.45321E-3	2.68790E-3
5.98560E+0	-4.29199E-2	2.44141E-3	2.62397E-3
5.99292E+0	-4.88770E-2	2.44141E-3	2.64227E-3
5.99707E+0	-5.36621E-2	1.96296E-3	1.47141E-3
6.00303E+0	-5.58594E-2	2.51956E-3	2.43597E-3
6.00786E+0	-5.65430E-2	2.41363E-3	2.42209E-3
6.01426E+0	-5.83496E-2	2.20342E-3	2.00844E-3
6.01831E+0	-6.27930E-2	2.44141E-3	2.50422E-3
6.02437E+0	-6.76758E-2	2.11589E-3	1.70281E-3
6.03174E+0	-6.91406E-2	3.89514E-3	1.79909E-3
6.04014E+0	-7.27051E-2	1.38455E-3	1.82236E-3
6.04624E+0	-7.69043E-2	2.58328E-3	2.12497E-3
6.05210E+0	-7.92969E-2	2.44928E-3	2.09587E-3
6.05874E+0	-8.27148E-2	1.84338E-3	1.16545E-3
6.06240E+0	-8.32031E-2	2.42209E-3	9.61652E-4
6.06782E+0	-8.45703E-2	2.26964E-3	2.28919E-3
6.07202E+0	-8.74023E-2	2.44141E-3	1.47222E-3
6.07705E+0	-8.78906E-2	2.42209E-3	0.00000E+0
6.08052E+0	-8.78906E-2	2.22680E-3	0.00000E+0
6.08755E+0	-8.78906E-2	2.38956E-3	0.00000E+0
6.09424E+0	-8.78906E-2	3.21800E-3	0.00000E+0
6.09868E+0	-8.78906E-2	4.88281E-4	0.00000E+0
6.10195E+0	-8.79395E-2	2.28919E-3	4.88281E-4
6.10693E+0	-8.80371E-2	2.24886E-3	8.37142E-4
6.11064E+0	-8.80371E-2	2.44584E-3	8.37142E-4
6.11323E+0	-8.80371E-2	4.88281E-4	8.37142E-4
6.11479E+0	-8.81348E-2	2.26964E-3	1.06955E-3
6.11812E+0	-8.86719E-2	4.88281E-4	1.79909E-3
6.12129E+0	-8.89648E-2	2.45567E-3	2.03288E-3
6.12773E+0	-8.92578E-2	2.29339E-3	2.20342E-3
6.13452E+0	-8.99414E-2	2.80839E-3	2.42209E-3
6.13965E+0	-9.13574E-2	2.40413E-3	2.22680E-3
6.14600E+0	-9.12598E-2	2.24886E-3	2.26964E-3
6.15151E+0	-9.12598E-2	1.96970E-3	2.26964E-3
6.15645E+0	-9.21387E-2	1.79909E-3	1.65038E-3
6.15918E+0	-9.24805E-2	2.40413E-3	1.16545E-3
6.16353E+0	-9.26758E-2	2.22680E-3	6.87038E-4
6.16787E+0	-9.26758E-2	1.88537E-3	6.87038E-4
6.17271E+0	-9.27246E-2	1.84338E-3	4.88281E-4
6.17666E+0	-9.27246E-2	6.87038E-4	4.88281E-4
6.18169E+0	-9.27734E-2	2.73189E-3	0.00000E+0
6.18765E+0	-9.27734E-2	2.17869E-3	0.00000E+0
6.19268E+0	-9.27734E-2	2.26167E-3	0.00000E+0
6.19834E+0	-9.27246E-2	2.42209E-3	4.88281E-4
6.20552E+0	-9.27734E-2	2.29077E-3	0.00000E+0
6.21318E+0	-9.27246E-2	2.44584E-3	4.88281E-4
6.21733E+0	-9.27246E-2	2.26964E-3	4.88281E-4
6.22280E+0	-9.27734E-2	2.42954E-3	0.00000E+0
6.23076E+0	-9.27734E-2	4.89857E-3	0.00000E+0
6.23970E+0	-9.27246E-2	2.06986E-3	4.88281E-4
6.24634E+0	-9.27734E-2	3.05484E-3	0.00000E+0
6.25205E+0	-9.27734E-2	2.42209E-3	0.00000E+0
6.25864E+0	-9.27734E-2	2.06520E-3	0.00000E+0
6.26250E+0	-9.27246E-2	2.43597E-3	4.88281E-4
6.26934E+0	-9.27734E-2	2.07276E-3	0.00000E+0
6.27588E+0	-9.27734E-2	2.45371E-3	0.00000E+0
6.28169E+0	-9.27734E-2	2.54949E-3	0.00000E+0
6.28872E+0	-9.27734E-2	1.99400E-3	0.00000E+0
6.29536E+0	-9.27734E-2	2.43350E-3	0.00000E+0
6.30107E+0	-9.27734E-2	2.44584E-3	0.00000E+0
6.30786E+0	-9.27734E-2	2.23543E-3	0.00000E+0
6.31436E+0	-9.27734E-2	2.23597E-3	0.00000E+0
6.31846E+0	-9.27734E-2	9.76562E-4	0.00000E+0
6.32271E+0	-9.27734E-2	2.06986E-3	0.00000E+0
6.32778E+0	-9.27734E-2	1.73573E-3	0.00000E+0
6.33311E+0	-9.27734E-2	2.29969E-3	0.00000E+0
6.33784E+0	-9.27734E-2	8.48571E-4	0.00000E+0
6.34287E+0	-9.27734E-2	2.29969E-3	0.00000E+0
6.34834E+0	-9.27734E-2	1.96542E-3	0.00000E+0
6.35317E+0	-9.27734E-2	1.79036E-3	0.00000E+0
6.35767E+0	-9.27734E-2	1.27498E-3	0.00000E+0
6.36387E+0	-9.27734E-2	2.67713E-3	0.00000E+0
6.36919E+0	-9.27734E-2	2.41363E-3	0.00000E+0
6.37563E+0	-9.27734E-2	2.17869E-3	0.00000E+0
6.37983E+0	-9.27734E-2	2.41363E-3	0.00000E+0
6.38530E+0	-9.27734E-2	2.22680E-3	0.00000E+0
6.39009E+0	-9.28223E-2	2.37338E-3	4.88281E-4
6.39517E+0	-9.27734E-2	2.17869E-3	0.00000E+0
6.39888E+0	-9.27734E-2	2.45321E-3	0.00000E+0
6.40522E+0	-9.27734E-2	1.99883E-3	0.00000E+0
6.41138E+0	-9.27734E-2	2.34069E-3	0.00000E+0
6.41602E+0	-9.27734E-2	6.94013E-4	0.00000E+0
6.41978E+0	-9.27734E-2	2.38956E-3	0.00000E+0
6.42949E+0	-9.28223E-2	3.18944E-3	4.88281E-4
6.43477E+0	-9.27734E-2	1.79909E-3	0.00000E+0
6.43823E+0	-9.27734E-2	2.44141E-3	0.00000E+0
6.44194E+0	-9.27734E-2	2.26964E-3	0.00000E+0
6.44692E+0	-9.27734E-2	2.30753E-3	0.00000E+0
6.45020E+0	-9.27734E-2	0.00000E+0	0.00000E+0
6.45020E+0	-9.27734E-2	0.00000E+0	0.00000E+0
6.45029E+0	-9.27734E-2	6.87038E-4	0.00000E+0
6.45376E+0	-9.27734E-2	2.17869E-3	0.00000E+0
6.45508E+0	-9.27734E-2	0.00000E+0	0.00000E+0
6.45723E+0	-9.28223E-2	2.43597E-3	4.88281E-4
6.45996E+0	-9.28711E-2	0.00000E+0	6.87038E-4
6.46016E+0	-9.27734E-2	9.61652E-4	0.00000E+0
6.46294E+0	-9.27734E-2	2.39359E-3	0.00000E+0
6.46460E+0	-9.27734E-2	1.06955E-3	0.00000E+0
6.46484E+0	-9.27734E-2	0.00000E+0	0.00000E+0
6.46504E+0	-9.27734E-2	9.61652E-4	0.00000E+0
6.46563E+0	-9.27734E-2	1.79909E-3	0.00000E+0
6.46616E+0	-9.27734E-2	2.17869E-3	0.00000E+0
6.46606E+0	-9.27734E-2	2.12497E-3	0.00000E+0
6.46660E+0	-9.27734E-2	2.35556E-3	0.00000E+0
6.46650E+0	-9.28223E-2	2.32468E-3	4.88281E-4
6.46646E+0	-9.28223E-2	2.30753E-3	4.88281E-4
6.46680E+0	-9.27734E-2	2.40413E-3	0.00000E+0
6.46665E+0	-9.27734E-2	2.36932E-3	0.00000E+0
6.46611E+0	-9.27734E-2	2.15256E-3	0.00000E+0
6.46582E+0	-9.27734E-2	1.96296E-3	0.00000E+0
6.46631E+0	-9.28223E-2	2.24886E-3	4.88281E-4
6.46621E+0	-9.27734E-2	2.20342E-3	0.00000E+0
6.46631E+0	-9.28223E-2	2.24886E-3	4.88281E-4
6.46626E+0	-9.27734E-2	2.22680E-3	0.00000E+0
6.46616E+0	-9.27734E-2	2.17869E-3	0.00000E+0
6.46616E+0	-9.27734E-2	2.17869E-3	0.00000E+0
6.46611E+0	-9.27734E-2	2.15256E-3	0.00000E+0
6.46665E+0	-9.27734E-2	2.36932E-3	0.00000E+0
6.46631E+0	-9.27734E-2	2.24886E-3	0.00000E+0
6.46675E+0	-9.27734E-2	2.39359E-3	0.00000E+0
6.46636E+0	-9.27734E-2	2.26964E-3	0.00000E+0
6.46636E+0	-9.27734E-2	2.26964E-3	0.00000E+0
6.46655E+0	-9.27734E-2	2.34069E-3	0.00000E+0
6.46646E+0	-9.27734E-2	2.30753E-3	0.00000E+0
6.46650E+0	-9.27734E-2	2.32468E-3	0.00000E+0
6.46860E+0	-9.27734E-2	2.06520E-3	0.00000E+0
6.46987E+0	-9.27734E-2	8.37142E-4	0.00000E+0
6.47280E+0	-9.28223E-2	2.36932E-3	4.88281E-4
6.47495E+0	-9.27734E-2	1.25211E-3	0.00000E+0
6.47905E+0	-9.28223E-2	1.40441E-3	4.88281E-4
6.47949E+0	-9.27734E-2	0.00000E+0	0.00000E+0
6.47949E+0	-9.27734E-2	0.00000E+0	0.00000E+0
6.47949E+0	-9.27734E-2	0.00000E+0	0.00000E+0
6.47949E+0	-9.27734E-2	0.00000E+0	0.00000E+0
6.47949E+0	-9.27734E-2	0.00000E+0	0.00000E+0
6.47949E+0	-9.27734E-2	0.00000E+0	0.00000E+0
6.47949E+0	-9.27734E-2	0.00000E+0	0.00000E+0
6.47949E+0	-9.27734E-2	0.00000E+0	0.00000E+0
6.47949E+0	-9.27734E-2	0.00000E+0	0.00000E+0
6.47949E+0	-9.27734E-2	0.00000E+0	0.00000E+0
6.47949E+0	-9.27734E-2	0.00000E+0	0.00000E+0
6.47949E+0	-9.28223E-2	0.00000E+0	4.88281E-4
6.47949E+0	-9.27734E-2	0.00000E+0	0.00000E+0
6.47949E+0	-9.27734E-2	0.00000E+0	0.00000E+0
6.47949E+0	-9.27734E-2	0.00000E+0	0.00000E+0
6.47949E+0	-9.27734E-2	0.00000E+0	0.00000E+0
6.47949E+0	-9.27734E-2	0.00000E+0	0.00000E+0
6.47949E+0	-9.27734E-2	0.00000E+0	0.00000E+0
6.47949E+0	-9.28223E-2	0.00000E+0	4.88281E-4
6.47949E+0	-9.27734E-2	0.00000E+0	0.00000E+0
6.47949E+0	-9.27734E-2	0.00000E+0	0.00000E+0
6.47949E+0	-9.27734E-2	0.00000E+0	0.00000E+0
6.47949E+0	-9.27734E-2	0.00000E+0	0.00000E+0
6.47949E+0	-9.28711E-2	0.00000E+0	6.87038E-4
6.47949E+0	-9.28223E-2	0.00000E+0	4.88281E-4
6.47949E+0	-9.27734E-2	0.00000E+0	0.00000E+0
6.47949E+0	-9.28223E-2	0.00000E+0	4.88281E-4
6.47949E+0	-9.27734E-2	0.00000E+0	0.00000E+0
6.47949E+0	-9.27734E-2	0.00000E+0	0.00000E+0
6.47949E+0	-9.27734E-2	0.00000E+0	0.00000E+0
6.47949E+0	-9.27734E-2	0.00000E+0	0.00000E+0
6.47949E+0	-9.28223E-2	0.00000E+0	4.88281E-4
6.47949E+0	-9.27734E-2	0.00000E+0	0.00000E+0
6.47949E+0	-9.27734E-2	0.00000E+0	0.00000E+0
6.47949E+0	-9.27734E-2	0.00000E+0	0.00000E+0
6.47949E+0	-9.27734E-2	0.00000E+0	0.00000E+0
6.47949E+0	-9.27734E-2	0.00000E+0	0.00000E+0
6.47949E+0	-9.27734E-2	0.00000E+0	0.00000E+0
6.47949E+0	-9.27734E-2	0.00000E+0	0.00000E+0
6.47949E+0	-9.27734E-2	0.00000E+0	0.00000E+0
6.47949E+0	-9.27734E-2	0.00000E+0	0.00000E+0
6.47949E+0	-9.28223E-2	0.00000E+0	4.88281E-4
6.47949E+0	-9.27734E-2	0.00000E+0	0.00000E+0
6.47949E+0	-9.27734E-2	0.00000E+0	0.00000E+0
6.47949E+0	-9.27734E-2	0.00000E+0	0.00000E+0
6.47949E+0	-9.27734E-2	0.00000E+0	0.00000E+0
6.47949E+0	-9.27734E-2	0.00000E+0	0.00000E+0
6.47949E+0	-9.28223E-2	0.00000E+0	4.88281E-4
6.47949E+0	-9.27734E-2	0.00000E+0	0.00000E+0
6.47949E+0	-9.27734E-2	0.00000E+0	0.00000E+0
6.47949E+0	-9.27734E-2	0.00000E+0	0.00000E+0
