5.37432E+0	-9.27734E-2	2.32468E-3	0.00000E+0
5.37378E+0	-9.27734E-2	2.44141E-3	0.00000E+0
5.37402E+0	-9.27734E-2	2.40413E-3	0.00000E+0
5.37373E+0	-9.27734E-2	2.44584E-3	0.00000E+0
5.37407E+0	-9.27734E-2	2.39359E-3	0.00000E+0
5.37339E+0	-9.27734E-2	2.44928E-3	0.00000E+0
5.37383E+0	-9.27734E-2	2.43597E-3	0.00000E+0
5.37417E+0	-9.27734E-2	2.36932E-3	0.00000E+0
5.37397E+0	-9.28223E-2	2.41363E-3	4.88281E-4
5.37402E+0	-9.27734E-2	2.40413E-3	0.00000E+0
5.37412E+0	-9.27734E-2	2.38199E-3	0.00000E+0
5.37397E+0	-9.27734E-2	2.41363E-3	0.00000E+0
5.37368E+0	-9.27734E-2	2.44928E-3	0.00000E+0
5.37407E+0	-9.27734E-2	2.39359E-3	0.00000E+0
5.37368E+0	-9.27734E-2	2.44928E-3	0.00000E+0
5.37417E+0	-9.27734E-2	2.36932E-3	0.00000E+0
5.37402E+0	-9.27734E-2	2.40413E-3	0.00000E+0
5.37417E+0	-9.27734E-2	2.36932E-3	0.00000E+0
5.37368E+0	-9.28223E-2	2.44928E-3	4.88281E-4
5.37534E+0	-9.27734E-2	1.65038E-3	0.00000E+0
5.37622E+0	-9.27734E-2	1.06955E-3	0.00000E+0
5.38008E+0	-9.26758E-2	1.79909E-3	6.87038E-4
5.38267E+0	-9.27734E-2	2.36932E-3	0.00000E+0
5.38643E+0	-9.27734E-2	1.70281E-3	0.00000E+0
5.39053E+0	-9.27734E-2	6.87038E-4	0.00000E+0
5.39473E+0	-9.26270E-2	1.79909E-3	8.37142E-4
5.39736E+0	-9.23340E-2	2.38199E-3	1.40441E-3
5.40225E+0	-9.21875E-2	2.38199E-3	1.59472E-3
5.40552E+0	-9.17969E-2	1.06955E-3	1.96296E-3
5.40962E+0	-9.16992E-2	2.06986E-3	2.03288E-3
5.41421E+0	-9.17969E-2	1.84338E-3	1.96296E-3
5.41621E+0	-9.20410E-2	2.09587E-3	1.75230E-3
5.42021E+0	-9.23828E-2	1.35644E-3	1.33135E-3
5.42446E+0	-9.24805E-2	1.25211E-3	1.16545E-3
5.42837E+0	-9.26270E-2	2.17869E-3	8.37142E-4
5.43267E+0	-9.26758E-2	2.39359E-3	6.87038E-4
5.43535E+0	-9.26758E-2	1.79909E-3	6.87038E-4
5.44136E+0	-9.27246E-2	2.49217E-3	4.88281E-4
5.44551E+0	-9.27246E-2	2.09587E-3	4.88281E-4
5.45210E+0	-9.27734E-2	4.55597E-3	0.00000E+0
5.45898E+0	-9.27246E-2	0.00000E+0	4.88281E-4
5.46069E+0	-9.27246E-2	2.34069E-3	4.88281E-4
5.46484E+0	-9.26758E-2	1.96296E-3	6.87038E-4
5.46890E+0	-9.26758E-2	1.29001E-3	6.87038E-4
5.47290E+0	-9.21387E-2	1.75230E-3	1.65038E-3
5.47451E+0	-9.16016E-2	1.88537E-3	2.09587E-3
5.47817E+0	-9.05273E-2	1.25211E-3	2.44584E-3
5.47993E+0	-8.95020E-2	2.22680E-3	2.30753E-3
5.48433E+0	-8.90625E-2	1.92518E-3	2.09587E-3
5.48838E+0	-8.82813E-2	9.76562E-4	1.33135E-3
5.49238E+0	-8.86230E-2	1.79909E-3	1.75230E-3
5.49521E+0	-8.83789E-2	2.42209E-3	1.47222E-3
5.49805E+0	-8.83301E-2	0.00000E+0	1.40441E-3
5.50176E+0	-8.88184E-2	2.09587E-3	1.92518E-3
5.50532E+0	-8.89648E-2	2.45321E-3	2.03288E-3
5.51011E+0	-8.94043E-2	2.44928E-3	2.26964E-3
5.51504E+0	-9.04785E-2	2.45174E-3	2.44928E-3
5.51758E+0	-9.05273E-2	0.00000E+0	2.44584E-3
5.52065E+0	-9.12598E-2	2.36932E-3	2.26964E-3
5.52627E+0	-9.14062E-2	2.03288E-3	2.20342E-3
5.52930E+0	-9.16504E-2	2.40413E-3	2.06520E-3
5.53232E+0	-9.01367E-2	6.87038E-4	2.44584E-3
5.53608E+0	-8.95508E-2	1.99883E-3	2.32468E-3
5.53857E+0	-8.88184E-2	2.24886E-3	1.92518E-3
5.54248E+0	-8.81836E-2	1.47222E-3	1.16545E-3
5.54653E+0	-8.80371E-2	1.25211E-3	8.37142E-4
5.54810E+0	-8.79883E-2	2.12497E-3	6.87038E-4
5.55146E+0	-8.79883E-2	1.16545E-3	6.87038E-4
5.55469E+0	-8.79395E-2	2.40413E-3	4.88281E-4
5.55674E+0	-8.78906E-2	6.87038E-4	0.00000E+0
5.56006E+0	-8.78906E-2	2.24886E-3	0.00000E+0
5.56377E+0	-8.78906E-2	2.44584E-3	0.00000E+0
5.56636E+0	-8.78906E-2	4.88281E-4	0.00000E+0
5.56733E+0	-8.78906E-2	1.92518E-3	0.00000E+0
5.57178E+0	-8.78906E-2	1.90063E-3	0.00000E+0
5.57603E+0	-8.78906E-2	8.37142E-4	0.00000E+0
5.57793E+0	-8.78906E-2	2.35556E-3	0.00000E+0
5.58174E+0	-8.78906E-2	1.96542E-3	0.00000E+0
5.58672E+0	-8.78906E-2	2.04940E-3	0.00000E+0
5.59282E+0	-8.78906E-2	2.41363E-3	0.00000E+0
5.59800E+0	-8.78906E-2	2.44928E-3	0.00000E+0
5.60571E+0	-8.76465E-2	2.12497E-3	1.06955E-3
5.61284E+0	-8.44727E-2	2.45321E-3	2.24886E-3
5.61523E+0	-8.31055E-2	0.00000E+0	6.87038E-4
5.61523E+0	-8.30078E-2	0.00000E+0	0.00000E+0
5.61523E+0	-8.28613E-2	0.00000E+0	8.37142E-4
5.61753E+0	-8.25195E-2	2.44928E-3	1.47222E-3
5.62026E+0	-8.06641E-2	8.37142E-4	2.45174E-3
5.62432E+0	-7.85645E-2	1.70281E-3	1.40441E-3
5.62632E+0	-7.81250E-2	2.17869E-3	0.00000E+0
5.62969E+0	-7.78809E-2	9.61652E-4	1.06955E-3
5.63179E+0	-7.67090E-2	2.39359E-3	2.22680E-3
5.63477E+0	-7.58301E-2	0.00000E+0	2.44928E-3
5.63916E+0	-7.35352E-2	2.02338E-3	1.35644E-3
5.64287E+0	-7.29492E-2	2.32468E-3	1.35644E-3
5.64448E+0	-7.13867E-2	4.88281E-4	2.38199E-3
5.64854E+0	-7.03613E-2	4.82726E-3	2.41363E-3
5.65454E+0	-6.87012E-2	1.06955E-3	1.25211E-3
5.65840E+0	-6.83594E-2	1.79909E-3	0.00000E+0
5.65942E+0	-6.82617E-2	1.06955E-3	6.87038E-4
5.66294E+0	-6.72852E-2	2.06520E-3	2.03288E-3
5.66621E+0	-6.49902E-2	2.43597E-3	2.26964E-3
5.66953E+0	-6.26953E-2	1.59472E-3	1.79909E-3
5.67319E+0	-5.97656E-2	1.65038E-3	2.09587E-3
5.67744E+0	-5.68848E-2	2.15256E-3	2.44141E-3
5.68047E+0	-5.25879E-2	2.35556E-3	2.58328E-3
5.68638E+0	-4.77539E-2	2.42954E-3	2.03288E-3
5.68857E+0	-4.25781E-2	6.87038E-4	2.41213E-3
5.68975E+0	-3.95996E-2	2.15256E-3	1.68504E-3
5.69155E+0	-3.74512E-2	2.36932E-3	2.30753E-3
5.69331E+0	-3.54492E-2	4.88281E-4	2.74289E-3
5.69722E+0	-3.09570E-2	1.99883E-3	2.61708E-3
5.69829E+0	-2.46582E-2	4.88281E-4	2.97496E-3
5.70210E+0	-1.94824E-2	1.99883E-3	3.29163E-3
5.70488E+0	-1.33789E-2	2.35556E-3	3.15146E-3
5.70957E+0	-6.93359E-3	2.28919E-3	3.34137E-3
5.71348E+0	2.14844E-3	1.59472E-3	4.67210E-3
5.71782E+0	1.44043E-2	1.47141E-3	5.11761E-3
5.72437E+0	2.74902E-2	2.53813E-3	4.63770E-3
5.73032E+0	4.75098E-2	2.42954E-3	9.01829E-3
5.73608E+0	6.77734E-2	2.12497E-3	5.47699E-3
5.73730E+0	7.60742E-2	0.00000E+0	4.17447E-3
5.73730E+0	7.99316E-2	0.00000E+0	4.37035E-3
5.73857E+0	8.50586E-2	2.15256E-3	4.86700E-3
5.74370E+0	9.45312E-2	2.37338E-3	5.53124E-3
5.74971E+0	1.09033E-1	2.44584E-3	6.05245E-3
5.75376E+0	1.21826E-1	2.36932E-3	6.10475E-3
5.75684E+0	1.35889E-1	0.00000E+0	6.36281E-3
5.76050E+0	1.47705E-1	2.34069E-3	5.48116E-3
5.76558E+0	1.55957E-1	1.99883E-3	5.50068E-3
5.76831E+0	1.64062E-1	2.34069E-3	6.32276E-3
5.77427E+0	1.74805E-1	2.42954E-3	6.83523E-3
5.77637E+0	1.89453E-1	0.00000E+0	7.31188E-3
5.77847E+0	2.04102E-1	2.42954E-3	7.72820E-3
5.78110E+0	2.15186E-1	8.37142E-4	7.25418E-3
5.78496E+0	2.27930E-1	2.09587E-3	9.35966E-3
5.79067E+0	2.52539E-1	1.86933E-3	1.20822E-2
5.79653E+0	2.82178E-1	2.26540E-3	1.16812E-2
5.80352E+0	3.12988E-1	2.43597E-3	1.18288E-2
5.80972E+0	3.43701E-1	2.40963E-3	1.20984E-2
5.81514E+0	3.66455E-1	1.16545E-3	1.07151E-2
5.81694E+0	3.82227E-1	2.26964E-3	1.04120E-2
5.82349E+0	4.00195E-1	2.44141E-3	1.09715E-2
5.83018E+0	4.18945E-1	2.50037E-3	1.18390E-2
5.83496E+0	4.35742E-1	0.00000E+0	1.34774E-2
5.83989E+0	4.52979E-1	3.57231E-3	1.29811E-2
5.85005E+0	4.69385E-1	2.51142E-3	1.08332E-2
5.85449E+0	4.83838E-1	1.38803E-3	1.13210E-2
5.85845E+0	4.93164E-1	1.92518E-3	1.12977E-2
5.85938E+0	5.01270E-1	0.00000E+0	1.15553E-2
5.86021E+0	5.08203E-1	1.84338E-3	1.12052E-2
5.86406E+0	5.15479E-1	9.61652E-4	1.18238E-2
5.86675E+0	5.21582E-1	2.45321E-3	1.13058E-2
5.86924E+0	5.26953E-1	6.87038E-4	1.17712E-2
5.87109E+0	5.31738E-1	2.40413E-3	1.18288E-2
5.87388E+0	5.35645E-1	8.37142E-4	1.18694E-2
5.87485E+0	5.40186E-1	1.84338E-3	1.19131E-2
5.87881E+0	5.43408E-1	9.76562E-4	1.18450E-2
5.88115E+0	5.47314E-1	2.44584E-3	1.15527E-2
5.88496E+0	5.49854E-1	2.20779E-3	1.16935E-2
5.88843E+0	5.52637E-1	1.06955E-3	1.22071E-2
5.89043E+0	5.54590E-1	2.35556E-3	1.19640E-2
5.89331E+0	5.57080E-1	1.45163E-3	1.21620E-2
5.89775E+0	5.59863E-1	1.70281E-3	1.18638E-2
5.90151E+0	5.62842E-1	2.36932E-3	1.18360E-2
5.90415E+0	5.64697E-1	1.84338E-3	1.17445E-2
5.90889E+0	5.67480E-1	1.70281E-3	1.16664E-2
5.91401E+0	5.69287E-1	1.92518E-3	1.20226E-2
5.91787E+0	5.71631E-1	6.87038E-4	1.22833E-2
5.92188E+0	5.73242E-1	1.96296E-3	1.21601E-2
5.92627E+0	5.75098E-1	2.24886E-3	1.23484E-2
5.92842E+0	5.76416E-1	1.70281E-3	1.25379E-2
5.93291E+0	5.78271E-1	1.67428E-3	1.24198E-2
5.93711E+0	5.78223E-1	1.33135E-3	1.25534E-2
5.93784E+0	5.78564E-1	1.25211E-3	1.23076E-2
5.94199E+0	5.79541E-1	1.33135E-3	1.22724E-2
5.94536E+0	5.79297E-1	2.39359E-3	1.24637E-2
5.94946E+0	5.76318E-1	2.44141E-3	1.22480E-2
5.95229E+0	5.74219E-1	8.37142E-4	1.23565E-2
5.95654E+0	5.73438E-1	1.47222E-3	1.24598E-2
5.95996E+0	5.71777E-1	2.40413E-3	1.26360E-2
5.96294E+0	5.67871E-1	1.99883E-3	1.23273E-2
5.96655E+0	5.64893E-1	1.06955E-3	1.19341E-2
5.96753E+0	5.62109E-1	1.75230E-3	1.16189E-2
5.97148E+0	5.59668E-1	9.61652E-4	1.18141E-2
5.97495E+0	5.57666E-1	2.30753E-3	1.18042E-2
5.97656E+0	5.55615E-1	0.00000E+0	1.19462E-2
5.97788E+0	5.52490E-1	2.17869E-3	1.19881E-2
5.98115E+0	5.50488E-1	1.16545E-3	1.21724E-2
5.98301E+0	5.47803E-1	2.28919E-3	1.15652E-2
5.98628E+0	5.44873E-1	4.88281E-4	1.19422E-2
5.98896E+0	5.40967E-1	2.44584E-3	1.15360E-2
5.99121E+0	5.37646E-1	0.00000E+0	1.20984E-2
5.99321E+0	5.34180E-1	2.41363E-3	1.16545E-2
5.99609E+0	5.30029E-1	6.94013E-4	1.22267E-2
5.99932E+0	5.25049E-1	2.32468E-3	1.15810E-2
6.00278E+0	5.20508E-1	2.36932E-3	1.15089E-2
6.00581E+0	5.15869E-1	4.88281E-4	1.14538E-2
6.00820E+0	5.10645E-1	2.45174E-3	1.18832E-2
6.01118E+0	5.06445E-1	1.40441E-3	1.10842E-2
6.01499E+0	5.02783E-1	1.65038E-3	1.12861E-2
6.01577E+0	4.99512E-1	8.37142E-4	1.13296E-2
6.01938E+0	4.96875E-1	2.06520E-3	1.16155E-2
6.02173E+0	4.93945E-1	2.12497E-3	1.18129E-2
6.02563E+0	4.92529E-1	1.27498E-3	1.16266E-2
6.03066E+0	4.91943E-1	2.56691E-3	1.15167E-2
6.03945E+0	4.91846E-1	2.33089E-3	1.16308E-2
6.04111E+0	4.91797E-1	2.03288E-3	1.16561E-2
6.04487E+0	4.92139E-1	1.62686E-3	1.15568E-2
6.04917E+0	4.93262E-1	1.65038E-3	1.16126E-2
6.05215E+0	4.95117E-1	2.45174E-3	1.13615E-2
6.05532E+0	4.97412E-1	1.65038E-3	1.16680E-2
6.05923E+0	4.99463E-1	1.25211E-3	1.12399E-2
6.05986E+0	5.02490E-1	1.16545E-3	1.11711E-2
6.06416E+0	5.04883E-1	1.16545E-3	1.13615E-2
6.06851E+0	5.08643E-1	1.84338E-3	1.16142E-2
6.07095E+0	5.10840E-1	2.30753E-3	1.15252E-2
6.07393E+0	5.12988E-1	1.16545E-3	1.19970E-2
6.07681E+0	5.13428E-1	2.44928E-3	1.14328E-2
6.07910E+0	5.17236E-1	0.00000E+0	1.19655E-2
6.07930E+0	5.22217E-1	9.61652E-4	1.16828E-2
6.08291E+0	5.16797E-1	2.03288E-3	1.17925E-2
6.08735E+0	5.24072E-1	2.26964E-3	1.20817E-2
6.09063E+0	5.23730E-1	2.45567E-3	1.14380E-2
6.09629E+0	5.25439E-1	2.45174E-3	1.18572E-2
6.09888E+0	5.26221E-1	1.06955E-3	1.16927E-2
6.10396E+0	5.24561E-1	2.09300E-3	1.15351E-2
6.10850E+0	5.22363E-1	1.19805E-3	1.14666E-2
6.11294E+0	5.20996E-1	1.86933E-3	1.15402E-2
6.11792E+0	5.19971E-1	1.06955E-3	1.16233E-2
6.12207E+0	5.15332E-1	2.30178E-3	1.17044E-2
6.12637E+0	5.08008E-1	2.28919E-3	1.12104E-2
6.12803E+0	5.05322E-1	9.76562E-4	1.12442E-2
6.13271E+0	5.08203E-1	1.96051E-3	1.12695E-2
6.13755E+0	5.11426E-1	8.37142E-4	1.13109E-2
6.13984E+0	5.11572E-1	2.43597E-3	1.15477E-2
6.14321E+0	5.10791E-1	1.65038E-3	1.13593E-2
6.14722E+0	5.08838E-1	1.06955E-3	1.09578E-2
6.15049E+0	5.05127E-1	2.38199E-3	1.11772E-2
6.15317E+0	5.00439E-1	1.84338E-3	1.14564E-2
6.15669E+0	4.94043E-1	1.53548E-3	1.17446E-2
6.15728E+0	4.84912E-1	4.88281E-4	1.09666E-2
6.15986E+0	4.74658E-1	2.44584E-3	1.09138E-2
6.16382E+0	4.63086E-1	2.34069E-3	1.08346E-2
6.16865E+0	4.52539E-1	2.32468E-3	1.22367E-2
6.17305E+0	4.45850E-1	2.09587E-3	1.24477E-2
6.17666E+0	4.43945E-1	6.87038E-4	1.26013E-2
6.17935E+0	4.40332E-1	2.44928E-3	1.27287E-2
6.18398E+0	4.34619E-1	2.45174E-3	1.21897E-2
6.18672E+0	4.27588E-1	1.18593E-3	1.18848E-2
6.18979E+0	4.20508E-1	2.30753E-3	1.05773E-2
6.19209E+0	4.11279E-1	1.70281E-3	1.04068E-2
6.19546E+0	4.00098E-1	1.84338E-3	1.00289E-2
6.19639E+0	3.89355E-1	6.87038E-4	9.63204E-3
6.20015E+0	3.81445E-1	1.99883E-3	9.39561E-3
6.20322E+0	3.77441E-1	2.42209E-3	9.52847E-3
6.20615E+0	3.79053E-1	9.76562E-4	9.06623E-3
6.20937E+0	3.81787E-1	2.28919E-3	9.06730E-3
6.21245E+0	3.81592E-1	2.26964E-3	9.21692E-3
6.21548E+0	3.77197E-1	1.25211E-3	9.60086E-3
6.21592E+0	3.69775E-1	6.87038E-4	9.86023E-3
6.21987E+0	3.61572E-1	1.84338E-3	9.55056E-3
6.22397E+0	3.56738E-1	2.30753E-3	8.99061E-3
6.22783E+0	3.53564E-1	4.13040E-3	8.86314E-3
6.23467E+0	3.49756E-1	2.77779E-3	8.87835E-3
6.23916E+0	3.42969E-1	2.03288E-3	9.02537E-3
6.24043E+0	3.31006E-1	9.61652E-4	9.24093E-3
6.24448E+0	3.18848E-1	1.79036E-3	8.76492E-3
6.24829E+0	3.06006E-1	2.34069E-3	8.03543E-3
6.25103E+0	2.93262E-1	1.99883E-3	8.66321E-3
6.25674E+0	2.80176E-1	2.48103E-3	8.37947E-3
6.25977E+0	2.69336E-1	0.00000E+0	7.75060E-3
6.26235E+0	2.60498E-1	2.44928E-3	7.98492E-3
6.26738E+0	2.47559E-1	2.43597E-3	9.97304E-3
6.27109E+0	2.31104E-1	2.28919E-3	8.03543E-3
6.27500E+0	2.14746E-1	1.73919E-3	8.15221E-3
6.27915E+0	1.91260E-1	8.37142E-4	9.51722E-3
6.28301E+0	1.62354E-1	2.31430E-3	9.32085E-3
6.28848E+0	1.39453E-1	1.59472E-3	7.15608E-3
6.29146E+0	1.21875E-1	2.45321E-3	6.31971E-3
6.29561E+0	1.10107E-1	2.32468E-3	4.97443E-3
6.30039E+0	1.00439E-1	2.28919E-3	5.29705E-3
6.30693E+0	8.52051E-2	2.42607E-3	6.88351E-3
6.31392E+0	6.66992E-2	3.11108E-3	6.66469E-3
6.31968E+0	5.05371E-2	2.28656E-3	6.41258E-3
6.32563E+0	4.22852E-2	2.45321E-3	4.66695E-3
6.32949E+0	4.18945E-2	2.20342E-3	4.61297E-3
6.33477E+0	4.47754E-2	2.35556E-3	6.13152E-3
6.33784E+0	4.73145E-2	4.88281E-4	5.95781E-3
6.34082E+0	4.79492E-2	2.40413E-3	5.90441E-3
6.34292E+0	4.57520E-2	8.37142E-4	6.07628E-3
6.34556E+0	4.42871E-2	2.42954E-3	5.89931E-3
6.34751E+0	4.11133E-2	8.37142E-4	4.39919E-3
6.35029E+0	3.78906E-2	2.44584E-3	3.26407E-3
6.35278E+0	3.43262E-2	1.06955E-3	3.56961E-3
6.35610E+0	3.01758E-2	2.17869E-3	3.20901E-3
6.35781E+0	2.42676E-2	1.33135E-3	3.50150E-3
6.36157E+0	1.79687E-2	1.75230E-3	3.59817E-3
6.36455E+0	1.13281E-2	2.44584E-3	3.09439E-3
6.36733E+0	4.10156E-3	8.37142E-4	3.84661E-3
6.37148E+0	-5.61523E-3	1.59472E-3	3.49599E-3
6.37520E+0	-1.38184E-2	2.35556E-3	3.54253E-3
6.37695E+0	-2.28516E-2	0.00000E+0	3.09439E-3
6.37920E+0	-3.05176E-2	2.44584E-3	3.35539E-3
6.38301E+0	-4.07227E-2	2.20779E-3	3.19698E-3
6.38721E+0	-4.91211E-2	1.47222E-3	3.08972E-3
6.39194E+0	-5.77148E-2	1.59094E-3	3.20901E-3
6.39609E+0	-6.38672E-2	1.33135E-3	2.37186E-3
6.39839E+0	-6.81152E-2	2.39359E-3	1.60900E-3
6.40386E+0	-7.33398E-2	2.45321E-3	2.50037E-3
6.40732E+0	-7.78320E-2	2.03288E-3	1.16545E-3
6.41128E+0	-7.91504E-2	1.76326E-3	1.99883E-3
6.41553E+0	-8.16895E-2	1.47222E-3	2.17869E-3
6.41602E+0	-8.21777E-2	0.00000E+0	1.84338E-3
6.41631E+0	-8.29590E-2	1.16545E-3	4.88281E-4
6.42021E+0	-8.29102E-2	1.70281E-3	6.87038E-4
6.42197E+0	-8.30078E-2	3.07096E-3	0.00000E+0
6.42998E+0	-8.30078E-2	2.50422E-3	0.00000E+0
6.43467E+0	-8.30078E-2	1.88537E-3	0.00000E+0
6.43721E+0	-8.29102E-2	2.32468E-3	6.87038E-4
6.44058E+0	-8.17383E-2	8.37142E-4	2.15256E-3
6.44570E+0	-7.89062E-2	2.56691E-3	1.79909E-3
6.45068E+0	-7.79297E-2	1.62760E-3	9.61652E-4
6.45488E+0	-7.67090E-2	9.61652E-4	2.22680E-3
6.45532E+0	-7.62207E-2	1.06955E-3	2.39359E-3
6.45923E+0	-7.55371E-2	1.75230E-3	2.44928E-3
6.46001E+0	-7.55859E-2	4.88281E-4	2.45174E-3
6.46289E+0	-7.55859E-2	2.40413E-3	2.45174E-3
6.46479E+0	-7.50977E-2	4.88281E-4	2.38199E-3
6.46758E+0	-7.52441E-2	2.43597E-3	2.41363E-3
6.46973E+0	-7.56836E-2	0.00000E+0	2.45371E-3
6.47090E+0	-7.62207E-2	2.09587E-3	2.39359E-3
6.47231E+0	-7.67090E-2	2.44928E-3	2.22680E-3
6.47393E+0	-7.61719E-2	1.70281E-3	2.40413E-3
6.47461E+0	-7.70020E-2	0.00000E+0	2.06520E-3
6.47456E+0	-7.71484E-2	4.88281E-4	1.96296E-3
6.47461E+0	-7.71973E-2	0.00000E+0	1.92518E-3
6.47461E+0	-7.62695E-2	0.00000E+0	2.38199E-3
6.47461E+0	-7.67578E-2	0.00000E+0	2.20342E-3
6.47461E+0	-7.69043E-2	0.00000E+0	2.12497E-3
6.47461E+0	-7.73926E-2	0.00000E+0	1.75230E-3
6.47461E+0	-7.69531E-2	0.00000E+0	2.09587E-3
6.47466E+0	-7.71484E-2	4.88281E-4	1.96296E-3
6.47461E+0	-7.64160E-2	0.00000E+0	2.34069E-3
6.47466E+0	-7.72949E-2	4.88281E-4	1.84338E-3
6.47461E+0	-7.75391E-2	0.00000E+0	1.59472E-3
6.47461E+0	-7.67578E-2	0.00000E+0	2.20342E-3
6.47461E+0	-7.64648E-2	0.00000E+0	2.32468E-3
6.47466E+0	-7.67578E-2	4.88281E-4	2.20342E-3
6.47461E+0	-7.71484E-2	0.00000E+0	1.96296E-3
6.47461E+0	-7.70996E-2	0.00000E+0	1.99883E-3
6.47466E+0	-7.75879E-2	4.88281E-4	1.53548E-3
6.47461E+0	-7.72461E-2	0.00000E+0	1.88537E-3
6.47466E+0	-7.65625E-2	4.88281E-4	2.28919E-3
6.47461E+0	-7.70996E-2	0.00000E+0	1.99883E-3
6.47461E+0	-7.66602E-2	0.00000E+0	2.24886E-3
6.47461E+0	-7.73926E-2	0.00000E+0	1.75230E-3
6.47461E+0	-7.69531E-2	0.00000E+0	2.09587E-3
6.47461E+0	-7.69531E-2	0.00000E+0	2.09587E-3
6.47461E+0	-7.65625E-2	6.94013E-4	2.28919E-3
6.47461E+0	-7.66113E-2	0.00000E+0	2.26964E-3
