5.37588E+0	-9.27734E-2	6.87038E-4	0.00000E+0
5.37593E+0	-9.27734E-2	4.88281E-4	0.00000E+0
5.37593E+0	-9.27734E-2	4.88281E-4	0.00000E+0
5.37598E+0	-9.27734E-2	0.00000E+0	0.00000E+0
5.37598E+0	-9.27734E-2	0.00000E+0	0.00000E+0
5.37568E+0	-9.27734E-2	1.16545E-3	0.00000E+0
5.37598E+0	-9.27734E-2	0.00000E+0	0.00000E+0
5.37598E+0	-9.27734E-2	0.00000E+0	0.00000E+0
5.37598E+0	-9.27734E-2	0.00000E+0	0.00000E+0
5.37588E+0	-9.28223E-2	6.87038E-4	4.88281E-4
5.37593E+0	-9.27734E-2	4.88281E-4	0.00000E+0
5.37593E+0	-9.27734E-2	4.88281E-4	0.00000E+0
5.37593E+0	-9.27734E-2	4.88281E-4	0.00000E+0
5.37593E+0	-9.27734E-2	4.88281E-4	0.00000E+0
5.37598E+0	-9.27734E-2	0.00000E+0	0.00000E+0
5.37773E+0	-9.27734E-2	2.35556E-3	0.00000E+0
5.38218E+0	-9.25781E-2	2.28656E-3	9.61652E-4
5.38799E+0	-8.98437E-2	2.44584E-3	2.40413E-3
5.39063E+0	-8.82813E-2	0.00000E+0	1.33135E-3
5.39248E+0	-8.78906E-2	2.38199E-3	0.00000E+0
5.39536E+0	-8.78418E-2	8.37142E-4	4.88281E-4
5.39614E+0	-8.74023E-2	1.65038E-3	1.47222E-3
5.40039E+0	-8.45703E-2	1.20207E-3	2.28919E-3
5.40444E+0	-8.31055E-2	1.84338E-3	6.87038E-4
5.40767E+0	-8.26172E-2	2.45321E-3	1.33135E-3
5.41304E+0	-7.99805E-2	2.41363E-3	2.38199E-3
5.41582E+0	-7.83691E-2	1.79909E-3	1.06955E-3
5.41978E+0	-7.81250E-2	8.37142E-4	0.00000E+0
5.42041E+0	-7.81250E-2	1.47222E-3	0.00000E+0
5.42446E+0	-7.81250E-2	1.25211E-3	0.00000E+0
5.42871E+0	-7.84180E-2	1.96296E-3	1.16545E-3
5.43291E+0	-7.93945E-2	2.32468E-3	2.15256E-3
5.43535E+0	-8.25684E-2	1.79909E-3	1.40441E-3
5.44121E+0	-8.30078E-2	2.35556E-3	0.00000E+0
5.44424E+0	-8.51074E-2	6.87038E-4	2.42954E-3
5.44619E+0	-8.73047E-2	2.38199E-3	1.59472E-3
5.44961E+0	-8.78906E-2	1.92330E-3	0.00000E+0
5.45322E+0	-8.78906E-2	4.82726E-3	0.00000E+0
5.45869E+0	-8.78906E-2	1.67428E-3	0.00000E+0
5.45898E+0	-8.78906E-2	0.00000E+0	0.00000E+0
5.45898E+0	-8.78906E-2	0.00000E+0	0.00000E+0
5.45898E+0	-8.78906E-2	0.00000E+0	0.00000E+0
5.45947E+0	-8.78906E-2	1.47222E-3	0.00000E+0
5.46240E+0	-8.78906E-2	2.24886E-3	0.00000E+0
5.46382E+0	-8.78906E-2	4.88281E-4	0.00000E+0
5.46411E+0	-8.78906E-2	1.06955E-3	0.00000E+0
5.46519E+0	-8.79395E-2	2.17869E-3	4.88281E-4
5.46826E+0	-8.78906E-2	1.47222E-3	0.00000E+0
5.47197E+0	-8.78906E-2	2.32468E-3	0.00000E+0
5.47368E+0	-8.78906E-2	4.88281E-4	0.00000E+0
5.47417E+0	-8.78906E-2	1.53548E-3	0.00000E+0
5.47739E+0	-8.78906E-2	2.06520E-3	0.00000E+0
5.47769E+0	-8.78906E-2	1.84338E-3	0.00000E+0
5.47827E+0	-8.78906E-2	1.06955E-3	0.00000E+0
5.47871E+0	-8.77930E-2	9.61652E-4	6.87038E-4
5.48003E+0	-8.75488E-2	2.26964E-3	1.25211E-3
5.48296E+0	-8.67676E-2	1.40441E-3	2.06520E-3
5.48496E+0	-8.47656E-2	2.28919E-3	2.35556E-3
5.48799E+0	-8.35449E-2	1.16545E-3	1.53548E-3
5.48833E+0	-8.30566E-2	4.88281E-4	4.88281E-4
5.49106E+0	-8.27637E-2	2.42954E-3	1.06955E-3
5.49287E+0	-8.13477E-2	1.16545E-3	2.32468E-3
5.49316E+0	-7.89062E-2	0.00000E+0	1.79909E-3
5.49551E+0	-7.81250E-2	2.45174E-3	0.00000E+0
5.49800E+0	-7.80762E-2	4.88281E-4	4.88281E-4
5.49805E+0	-7.75879E-2	0.00000E+0	1.53548E-3
5.49805E+0	-7.69531E-2	0.00000E+0	2.09587E-3
5.49849E+0	-7.62207E-2	1.40441E-3	2.39359E-3
5.49868E+0	-7.57324E-2	1.65038E-3	2.45321E-3
5.50073E+0	-7.45117E-2	2.44141E-3	2.15256E-3
5.50288E+0	-7.39258E-2	4.88281E-4	1.83881E-3
5.50361E+0	-7.34375E-2	1.70281E-3	1.18593E-3
5.50747E+0	-7.30469E-2	1.25211E-3	1.37408E-3
5.50947E+0	-7.28516E-2	2.32468E-3	1.33135E-3
5.51250E+0	-7.23145E-2	9.61652E-4	1.92518E-3
5.51606E+0	-7.14844E-2	2.26964E-3	2.35556E-3
5.51758E+0	-7.10449E-2	0.00000E+0	2.44141E-3
5.51758E+0	-7.12891E-2	0.00000E+0	2.40413E-3
5.51851E+0	-7.09473E-2	1.92518E-3	2.44928E-3
5.52236E+0	-7.07031E-2	6.87038E-4	2.45174E-3
5.52412E+0	-7.09473E-2	2.32468E-3	2.44928E-3
5.52729E+0	-7.18262E-2	4.88281E-4	2.22680E-3
5.52754E+0	-7.17773E-2	9.61652E-4	2.24886E-3
5.53076E+0	-7.19238E-2	2.24886E-3	2.17869E-3
5.53232E+0	-7.21191E-2	6.87038E-4	2.06520E-3
5.53574E+0	-7.20215E-2	2.20342E-3	2.12497E-3
5.53711E+0	-7.14355E-2	0.00000E+0	2.36932E-3
5.53862E+0	-7.04102E-2	2.26964E-3	2.42209E-3
5.54185E+0	-6.89453E-2	8.37142E-4	1.59472E-3
5.54277E+0	-6.83594E-2	1.79909E-3	0.00000E+0
5.54692E+0	-6.75781E-2	1.09623E-3	1.79909E-3
5.55054E+0	-6.37207E-2	2.12497E-3	2.12497E-3
5.55166E+0	-6.13770E-2	6.87038E-4	2.42954E-3
5.55176E+0	-5.94238E-2	0.00000E+0	1.84338E-3
5.55176E+0	-5.82031E-2	0.00000E+0	1.65402E-3
5.55391E+0	-5.57129E-2	2.43597E-3	2.41363E-3
5.55649E+0	-5.17578E-2	8.37142E-4	2.50230E-3
5.55669E+0	-4.78516E-2	4.88281E-4	2.19466E-3
5.55801E+0	-4.53613E-2	2.20342E-3	2.22680E-3
5.55796E+0	-4.41895E-2	2.17869E-3	1.06955E-3
5.55850E+0	-4.38477E-2	2.38199E-3	1.83356E-3
5.55820E+0	-4.40430E-2	2.28919E-3	1.54875E-3
5.55854E+0	-4.38965E-2	2.39359E-3	1.62686E-3
5.55830E+0	-4.41406E-2	2.32468E-3	1.18593E-3
5.55815E+0	-4.38477E-2	2.26964E-3	1.69714E-3
5.55850E+0	-4.28223E-2	2.38199E-3	2.06520E-3
5.55972E+0	-4.00879E-2	2.36932E-3	1.99883E-3
5.56372E+0	-3.89648E-2	2.44141E-3	2.77432E-3
5.56797E+0	-2.71484E-2	2.28919E-3	3.69330E-3
5.57344E+0	-1.94336E-2	2.43597E-3	3.53742E-3
5.57617E+0	-9.76562E-3	0.00000E+0	3.39995E-3
5.57622E+0	-1.36719E-3	4.88281E-4	3.61153E-3
5.57876E+0	6.20117E-3	2.44928E-3	3.52890E-3
5.58105E+0	1.14746E-2	0.00000E+0	2.72129E-3
5.58223E+0	1.43066E-2	2.09587E-3	3.62319E-3
5.58511E+0	1.69922E-2	1.84338E-3	3.36292E-3
5.58594E+0	2.06055E-2	0.00000E+0	3.51009E-3
5.58838E+0	2.42676E-2	2.45371E-3	3.70209E-3
5.59224E+0	2.88086E-2	2.22680E-3	3.06468E-3
5.59565E+0	3.31055E-2	4.88281E-4	3.64472E-3
5.59624E+0	3.72070E-2	1.53548E-3	3.38434E-3
5.59995E+0	4.14551E-2	1.79036E-3	4.57707E-3
5.60254E+0	4.46289E-2	2.40413E-3	5.84868E-3
5.60518E+0	4.75586E-2	1.16545E-3	5.95477E-3
5.60605E+0	5.16602E-2	1.59472E-3	5.38386E-3
5.60771E+0	5.47363E-2	2.44584E-3	4.23831E-3
5.60986E+0	5.70312E-2	1.47222E-3	3.31967E-3
5.61050E+0	5.87402E-2	8.37142E-4	3.63645E-3
5.61260E+0	6.07910E-2	2.44584E-3	3.82495E-3
5.61499E+0	6.35254E-2	1.06955E-3	3.89483E-3
5.61523E+0	6.64062E-2	0.00000E+0	4.27818E-3
5.61523E+0	6.89941E-2	0.00000E+0	3.77934E-3
5.61523E+0	7.15820E-2	0.00000E+0	3.48530E-3
5.61558E+0	7.43652E-2	1.25211E-3	3.59650E-3
5.61641E+0	7.70508E-2	2.09587E-3	3.90008E-3
5.61768E+0	7.81738E-2	2.45371E-3	4.07611E-3
5.61992E+0	8.11523E-2	1.18593E-3	4.74676E-3
5.62363E+0	8.88672E-2	2.20342E-3	4.70702E-3
5.62544E+0	9.69238E-2	1.40441E-3	4.97443E-3
5.62910E+0	1.05176E-1	1.79909E-3	5.39458E-3
5.62988E+0	1.14062E-1	0.00000E+0	5.12443E-3
5.62993E+0	1.21191E-1	4.88281E-4	5.48138E-3
5.63037E+0	1.27344E-1	1.47222E-3	5.36145E-3
5.63296E+0	1.33594E-1	2.36932E-3	5.44347E-3
5.63477E+0	1.45996E-1	0.00000E+0	6.37963E-3
5.63569E+0	1.57520E-1	1.92518E-3	6.60662E-3
5.63750E+0	1.64697E-1	2.43597E-3	6.04449E-3
5.63867E+0	1.68115E-1	1.96296E-3	5.73370E-3
5.63960E+0	1.74170E-1	4.88281E-4	6.43807E-3
5.64102E+0	1.83545E-1	2.20342E-3	6.55080E-3
5.64277E+0	1.90039E-1	2.35556E-3	6.07727E-3
5.64424E+0	1.97412E-1	1.16545E-3	6.94897E-3
5.64443E+0	2.05127E-1	6.87038E-4	6.85265E-3
5.64492E+0	2.16406E-1	1.92330E-3	8.32468E-3
5.65264E+0	2.33691E-1	3.68677E-3	9.69186E-3
5.65430E+0	2.49561E-1	0.00000E+0	9.38574E-3
5.65430E+0	2.55664E-1	0.00000E+0	8.79290E-3
5.65430E+0	2.60449E-1	0.00000E+0	7.67253E-3
5.65591E+0	2.70020E-1	2.30753E-3	8.59848E-3
5.65908E+0	2.80664E-1	6.87038E-4	8.10778E-3
5.65918E+0	2.89014E-1	0.00000E+0	8.37702E-3
5.65918E+0	2.95068E-1	0.00000E+0	8.18979E-3
5.65923E+0	3.00781E-1	4.88281E-4	8.35702E-3
5.66113E+0	3.07031E-1	2.40413E-3	8.39383E-3
5.66479E+0	3.19043E-1	1.88473E-3	8.78468E-3
5.66836E+0	3.29004E-1	1.59472E-3	9.01629E-3
5.66904E+0	3.35791E-1	6.87038E-4	9.20333E-3
5.66904E+0	3.37256E-1	6.87038E-4	8.86749E-3
5.66899E+0	3.37158E-1	4.88281E-4	9.03217E-3
5.66909E+0	3.35352E-1	8.37142E-4	9.17778E-3
5.66904E+0	3.36279E-1	6.87038E-4	8.90543E-3
5.66919E+0	3.36230E-1	1.06955E-3	9.15518E-3
5.66919E+0	3.35986E-1	1.06955E-3	9.22528E-3
5.67104E+0	3.37061E-1	2.42954E-3	8.98083E-3
5.67417E+0	3.42383E-1	1.43159E-3	8.94927E-3
5.67842E+0	3.49219E-1	1.16545E-3	8.95465E-3
5.67871E+0	3.54736E-1	0.00000E+0	8.84356E-3
5.68066E+0	3.58350E-1	2.40413E-3	9.04602E-3
5.68291E+0	3.60547E-1	1.70281E-3	9.30391E-3
5.68340E+0	3.61230E-1	9.61652E-4	9.15413E-3
5.68354E+0	3.61865E-1	4.88281E-4	9.04602E-3
5.68359E+0	3.62256E-1	0.00000E+0	9.22528E-3
5.68604E+0	3.64063E-1	2.45371E-3	9.77351E-3
5.68848E+0	3.67529E-1	0.00000E+0	9.86023E-3
5.68848E+0	3.71143E-1	0.00000E+0	9.27215E-3
5.69023E+0	3.74707E-1	2.35556E-3	9.60700E-3
5.69307E+0	3.79785E-1	1.16545E-3	9.35193E-3
5.69595E+0	3.84473E-1	2.44928E-3	9.83002E-3
5.69824E+0	3.92285E-1	0.00000E+0	9.84471E-3
5.69824E+0	3.97510E-1	0.00000E+0	9.64391E-3
5.69824E+0	3.99365E-1	0.00000E+0	9.62391E-3
5.69824E+0	4.01318E-1	0.00000E+0	9.70862E-3
5.69907E+0	4.03467E-1	1.84338E-3	9.95261E-3
5.70283E+0	4.08057E-1	1.16545E-3	1.01348E-2
5.70376E+0	4.13916E-1	1.65038E-3	1.04068E-2
5.70674E+0	4.18701E-1	2.15256E-3	1.06926E-2
5.70825E+0	4.25928E-1	1.06955E-3	1.16515E-2
5.70977E+0	4.31836E-1	2.35556E-3	1.22453E-2
5.71221E+0	4.37109E-1	1.70281E-3	1.26165E-2
5.71606E+0	4.47510E-1	2.34069E-3	1.25187E-2
5.71831E+0	4.59180E-1	1.53548E-3	1.10808E-2
5.71812E+0	4.62451E-1	1.25211E-3	1.03939E-2
5.71855E+0	4.63916E-1	1.79909E-3	1.02115E-2
5.71841E+0	4.65820E-1	1.65038E-3	1.04564E-2
5.71860E+0	4.69092E-1	1.84338E-3	1.03929E-2
5.71836E+0	4.69727E-1	1.59472E-3	1.00811E-2
5.71855E+0	4.71680E-1	1.79909E-3	1.05936E-2
5.71846E+0	4.71875E-1	1.70281E-3	1.02121E-2
5.71812E+0	4.69043E-1	1.25211E-3	1.02897E-2
5.71909E+0	4.72021E-1	2.17869E-3	1.08864E-2
5.72236E+0	4.78955E-1	1.16545E-3	1.07313E-2
5.72661E+0	4.83691E-1	1.92518E-3	1.11220E-2
5.73159E+0	4.89893E-1	1.84338E-3	1.11918E-2
5.73252E+0	4.94922E-1	6.87038E-4	1.18088E-2
5.73257E+0	4.97803E-1	8.37142E-4	1.12202E-2
5.73379E+0	5.00781E-1	2.20342E-3	1.12190E-2
5.73711E+0	4.98877E-1	9.61652E-4	1.10619E-2
5.73730E+0	5.06689E-1	0.00000E+0	1.16100E-2
5.73730E+0	5.09912E-1	0.00000E+0	1.11746E-2
5.73730E+0	5.05225E-1	0.00000E+0	1.13499E-2
5.73750E+0	5.08887E-1	9.61652E-4	1.10951E-2
5.73745E+0	5.12500E-1	8.37142E-4	1.16735E-2
5.73989E+0	5.11230E-1	2.44928E-3	1.12870E-2
5.74224E+0	5.09766E-1	8.48571E-4	1.15089E-2
5.74321E+0	5.09619E-1	1.99883E-3	1.10314E-2
5.74678E+0	5.09473E-1	1.16545E-3	1.15761E-2
5.75122E+0	5.09619E-1	1.75230E-3	1.11400E-2
5.75244E+0	5.09619E-1	1.47222E-3	1.13117E-2
5.75571E+0	5.09912E-1	2.06520E-3	1.15351E-2
5.75820E+0	5.09668E-1	2.20342E-3	1.12289E-2
5.76348E+0	5.09277E-1	2.35556E-3	1.13721E-2
5.76592E+0	5.09277E-1	1.70281E-3	1.13296E-2
5.76641E+0	5.09863E-1	9.61652E-4	1.11945E-2
5.76650E+0	5.10791E-1	6.87038E-4	1.15901E-2
5.76641E+0	5.11230E-1	9.61652E-4	1.17060E-2
5.76655E+0	5.12354E-1	4.88281E-4	1.17215E-2
5.76660E+0	5.13086E-1	0.00000E+0	1.14392E-2
5.76665E+0	5.13428E-1	4.88281E-4	1.13694E-2
5.76812E+0	5.13721E-1	2.26964E-3	1.17223E-2
5.76982E+0	5.13818E-1	2.32468E-3	1.13796E-2
5.77075E+0	5.13379E-1	1.75230E-3	1.16135E-2
5.77148E+0	5.12891E-1	6.94013E-4	1.19789E-2
5.77148E+0	5.13525E-1	6.94013E-4	1.12775E-2
5.77173E+0	5.13330E-1	1.06955E-3	1.16680E-2
5.77505E+0	5.13818E-1	2.17869E-3	1.15477E-2
5.77637E+0	5.16162E-1	0.00000E+0	1.17838E-2
5.77637E+0	5.19531E-1	0.00000E+0	1.14249E-2
5.77637E+0	5.22607E-1	0.00000E+0	1.16225E-2
5.77930E+0	5.25537E-1	2.40413E-3	1.17912E-2
5.78145E+0	5.28564E-1	9.61652E-4	1.16415E-2
5.78564E+0	5.31787E-1	1.47222E-3	1.21223E-2
5.78828E+0	5.35352E-1	2.43597E-3	1.20511E-2
5.79092E+0	5.37891E-1	6.87038E-4	1.18942E-2
5.79097E+0	5.39258E-1	4.88281E-4	1.18658E-2
5.79102E+0	5.40527E-1	0.00000E+0	1.17676E-2
5.79204E+0	5.41943E-1	1.99883E-3	1.17470E-2
5.79438E+0	5.43506E-1	2.26964E-3	1.18531E-2
5.79585E+0	5.45166E-1	4.88281E-4	1.12844E-2
5.79590E+0	5.46924E-1	0.00000E+0	1.17059E-2
5.79678E+0	5.48535E-1	1.88537E-3	1.16383E-2
5.79751E+0	5.50000E-1	2.30753E-3	1.18088E-2
5.79766E+0	5.51807E-1	2.35556E-3	1.19704E-2
5.79741E+0	5.53320E-1	2.26964E-3	1.21379E-2
5.79814E+0	5.54004E-1	2.44584E-3	1.18475E-2
5.79858E+0	5.54883E-1	2.44141E-3	1.18698E-2
5.79995E+0	5.55176E-1	1.84338E-3	1.18694E-2
5.80068E+0	5.56396E-1	9.76562E-4	1.18059E-2
5.80078E+0	5.58008E-1	0.00000E+0	1.19217E-2
5.80127E+0	5.58203E-1	1.47222E-3	1.16520E-2
5.80459E+0	5.60107E-1	2.03288E-3	1.15984E-2
5.80566E+0	5.60449E-1	0.00000E+0	1.17076E-2
5.80562E+0	5.59326E-1	4.88281E-4	1.16208E-2
5.80566E+0	5.58447E-1	0.00000E+0	1.15017E-2
5.80566E+0	5.57129E-1	0.00000E+0	1.19302E-2
5.80566E+0	5.55957E-1	0.00000E+0	1.17986E-2
5.80566E+0	5.56543E-1	0.00000E+0	1.18386E-2
5.80566E+0	5.57373E-1	0.00000E+0	1.18872E-2
5.80576E+0	5.57568E-1	6.87038E-4	1.16275E-2
5.80771E+0	5.58350E-1	2.42209E-3	1.20282E-2
5.81055E+0	5.60352E-1	0.00000E+0	1.19829E-2
5.81069E+0	5.61963E-1	8.37142E-4	1.19623E-2
5.81133E+0	5.63574E-1	1.79909E-3	1.18629E-2
5.81431E+0	5.64307E-1	2.06520E-3	1.16391E-2
5.81543E+0	5.65771E-1	0.00000E+0	1.20137E-2
5.81587E+0	5.66602E-1	1.40441E-3	1.21188E-2
5.81851E+0	5.67578E-1	2.36932E-3	1.19427E-2
5.82036E+0	5.68457E-1	4.88281E-4	1.18629E-2
5.82285E+0	5.68701E-1	2.45174E-3	1.20498E-2
5.82495E+0	5.68213E-1	1.06955E-3	1.19333E-2
5.82520E+0	5.68018E-1	0.00000E+0	1.19615E-2
5.82524E+0	5.68018E-1	4.88281E-4	1.21810E-2
5.82563E+0	5.68604E-1	1.40441E-3	1.21279E-2
5.82939E+0	5.67383E-1	1.70281E-3	1.19201E-2
5.83052E+0	5.67480E-1	1.40441E-3	1.18711E-2
5.83311E+0	5.66650E-1	2.38199E-3	1.20282E-2
5.83491E+0	5.65332E-1	4.88281E-4	1.20922E-2
5.83682E+0	5.63281E-1	2.38199E-3	1.18901E-2
5.84004E+0	5.61279E-1	1.82566E-3	1.20282E-2
5.84004E+0	5.61035E-1	1.37408E-3	1.19100E-2
5.84053E+0	5.61523E-1	2.50422E-3	1.18186E-2
5.84033E+0	5.60303E-1	2.13909E-3	1.16622E-2
5.84023E+0	5.59912E-1	1.92330E-3	1.19212E-2
5.84023E+0	5.61035E-1	1.92330E-3	1.19705E-2
5.84023E+0	5.61475E-1	1.92330E-3	1.16853E-2
5.84414E+0	5.60693E-1	4.87195E-3	1.13202E-2
5.84995E+0	5.59277E-1	1.73573E-3	1.16838E-2
5.85410E+0	5.57129E-1	1.33135E-3	1.19705E-2
5.85444E+0	5.56934E-1	4.88281E-4	1.21168E-2
5.85464E+0	5.55664E-1	8.37142E-4	1.16545E-2
5.85522E+0	5.54883E-1	1.75230E-3	1.21109E-2
5.85586E+0	5.54053E-1	2.20342E-3	1.13499E-2
5.85913E+0	5.53125E-1	1.06955E-3	1.18812E-2
5.85938E+0	5.51611E-1	0.00000E+0	1.20697E-2
5.85952E+0	5.49756E-1	8.37142E-4	1.14899E-2
5.86113E+0	5.47949E-1	2.35556E-3	1.13101E-2
5.86489E+0	5.45850E-1	1.65038E-3	1.13677E-2
5.86938E+0	5.42773E-1	1.45163E-3	1.16899E-2
5.87188E+0	5.40088E-1	2.43597E-3	1.20586E-2
5.87349E+0	5.38867E-1	1.53548E-3	1.15615E-2
5.87402E+0	5.37891E-1	0.00000E+0	1.20551E-2
5.87407E+0	5.36328E-1	4.88281E-4	1.19749E-2
5.87720E+0	5.34717E-1	2.34069E-3	1.20506E-2
5.87871E+0	5.34082E-1	9.61652E-4	1.19156E-2
5.87896E+0	5.32910E-1	4.88281E-4	1.20411E-2
5.87891E+0	5.31787E-1	0.00000E+0	1.20426E-2
5.87896E+0	5.31738E-1	4.88281E-4	1.20307E-2
5.87896E+0	5.31396E-1	4.88281E-4	1.22204E-2
5.87983E+0	5.31055E-1	1.92518E-3	1.17393E-2
5.88184E+0	5.30078E-1	2.40413E-3	1.19467E-2
5.88384E+0	5.29687E-1	1.47141E-3	1.18487E-2
5.88765E+0	5.28613E-1	1.99883E-3	1.15219E-2
5.88833E+0	5.27881E-1	1.25211E-3	1.13593E-2
5.88867E+0	5.27441E-1	0.00000E+0	1.17159E-2
5.88867E+0	5.26318E-1	0.00000E+0	1.18653E-2
5.89053E+0	5.25635E-1	2.38199E-3	1.15167E-2
5.89370E+0	5.24219E-1	1.46484E-3	1.14148E-2
5.89761E+0	5.21484E-1	1.84338E-3	1.13827E-2
5.89834E+0	5.20508E-1	6.87038E-4	1.13403E-2
5.89844E+0	5.19482E-1	0.00000E+0	1.15276E-2
5.89868E+0	5.17334E-1	1.06955E-3	1.17240E-2
5.90190E+0	5.15186E-1	2.22680E-3	1.13931E-2
5.90396E+0	5.12793E-1	1.79036E-3	1.16126E-2
5.90928E+0	5.08301E-1	2.25741E-3	1.09403E-2
5.91309E+0	5.04102E-1	6.94013E-4	1.10197E-2
5.91333E+0	5.01709E-1	1.06955E-3	1.14538E-2
5.91328E+0	5.00098E-1	9.61652E-4	1.13015E-2
5.91343E+0	4.99756E-1	1.25211E-3	1.10471E-2
5.91318E+0	4.99854E-1	6.87038E-4	1.14176E-2
5.91328E+0	4.99902E-1	9.61652E-4	1.10123E-2
5.91333E+0	5.00391E-1	1.06955E-3	1.12653E-2
5.91333E+0	4.99951E-1	1.06955E-3	1.12741E-2
5.91362E+0	4.99072E-1	1.53548E-3	1.08917E-2
5.91450E+0	4.98096E-1	2.22680E-3	1.12869E-2
5.91655E+0	4.97168E-1	2.22680E-3	1.13695E-2
5.91797E+0	4.96240E-1	0.00000E+0	1.11832E-2
5.91851E+0	4.95020E-1	1.53548E-3	1.13568E-2
5.91992E+0	4.94434E-1	2.40413E-3	1.12469E-2
5.92095E+0	4.94287E-1	2.39359E-3	1.14007E-2
5.92129E+0	4.93848E-1	2.28919E-3	1.14464E-2
5.92090E+0	4.94336E-1	2.40413E-3	1.15323E-2
5.92251E+0	4.95215E-1	1.25211E-3	1.14287E-2
5.92261E+0	4.95459E-1	1.06955E-3	1.13499E-2
5.92271E+0	4.95117E-1	8.37142E-4	1.14460E-2
5.92285E+0	4.95947E-1	6.94013E-4	1.14303E-2
5.92310E+0	4.95996E-1	1.06955E-3	1.12802E-2
5.92671E+0	4.96631E-1	1.99883E-3	1.13889E-2
5.92930E+0	4.97412E-1	2.28919E-3	1.12690E-2
5.93066E+0	4.98877E-1	2.40413E-3	1.09964E-2
5.93081E+0	5.00293E-1	2.36932E-3	1.12211E-2
5.93276E+0	5.02051E-1	8.37142E-4	1.14539E-2
5.93438E+0	5.04102E-1	2.35556E-3	1.11717E-2
5.93735E+0	5.05859E-1	8.37142E-4	1.10389E-2
5.93735E+0	5.06201E-1	8.37142E-4	1.10183E-2
5.93745E+0	5.06543E-1	4.88281E-4	1.10088E-2
5.93750E+0	5.07812E-1	0.00000E+0	1.11906E-2
5.93750E+0	5.07959E-1	0.00000E+0	1.10706E-2
5.93750E+0	5.07715E-1	0.00000E+0	1.11471E-2
5.93750E+0	5.07666E-1	0.00000E+0	1.09613E-2
5.93765E+0	5.07275E-1	8.37142E-4	1.11452E-2
5.94058E+0	5.08740E-1	2.36932E-3	1.09226E-2
5.94487E+0	5.09912E-1	2.45321E-3	1.15142E-2
5.95132E+0	5.11084E-1	1.96970E-3	1.14891E-2
5.95537E+0	5.11768E-1	2.32468E-3	1.18531E-2
5.95679E+0	5.10889E-1	1.06955E-3	1.10967E-2
5.95703E+0	5.10449E-1	0.00000E+0	1.13492E-2
5.95889E+0	5.09814E-1	2.38199E-3	1.13210E-2
5.96313E+0	5.08252E-1	2.12497E-3	1.13423E-2
5.96602E+0	5.06299E-1	1.79909E-3	1.12056E-2
5.96675E+0	5.04492E-1	4.88281E-4	1.12738E-2
5.96792E+0	5.02246E-1	2.06520E-3	1.16755E-2
5.97173E+0	4.99023E-1	8.48571E-4	1.11691E-2
5.97324E+0	4.94922E-1	2.28919E-3	1.14779E-2
5.97588E+0	4.92529E-1	1.70281E-3	1.15435E-2
5.97632E+0	4.89893E-1	1.06955E-3	1.12775E-2
5.97656E+0	4.85742E-1	0.00000E+0	1.08737E-2
5.97905E+0	4.80176E-1	2.45321E-3	1.05759E-2
5.98145E+0	4.74805E-1	6.94013E-4	1.07319E-2
5.98535E+0	4.68994E-1	1.96296E-3	1.04880E-2
5.98965E+0	4.61279E-1	2.28919E-3	1.08064E-2
5.99453E+0	4.52539E-1	2.28919E-3	1.23931E-2
5.99609E+0	4.44678E-1	0.00000E+0	1.24585E-2
5.99609E+0	4.40186E-1	0.00000E+0	1.23444E-2
5.99609E+0	4.39258E-1	0.00000E+0	1.28330E-2
5.99609E+0	4.42334E-1	0.00000E+0	1.22606E-2
5.99609E+0	4.39453E-1	0.00000E+0	1.24922E-2
5.99609E+0	4.37793E-1	0.00000E+0	1.25542E-2
5.99609E+0	4.37549E-1	0.00000E+0	1.25862E-2
5.99609E+0	4.36279E-1	0.00000E+0	1.25571E-2
6.00020E+0	4.32812E-1	2.83782E-3	1.18698E-2
6.00718E+0	4.23877E-1	2.38956E-3	1.06773E-2
6.01069E+0	4.15234E-1	4.88281E-4	1.02686E-2
6.01079E+0	4.11523E-1	4.88281E-4	1.03657E-2
6.01201E+0	4.11768E-1	2.15256E-3	1.02717E-2
6.01523E+0	4.11035E-1	1.33135E-3	1.05568E-2
6.01660E+0	4.09863E-1	1.96296E-3	1.02662E-2
6.02021E+0	4.06934E-1	1.16545E-3	1.02521E-2
6.02051E+0	4.02539E-1	0.00000E+0	9.69931E-3
6.02144E+0	3.98682E-1	1.92518E-3	9.92159E-3
6.02476E+0	3.94580E-1	1.65038E-3	9.80734E-3
6.02568E+0	3.90332E-1	1.16545E-3	9.78583E-3
6.02983E+0	3.86328E-1	1.40441E-3	9.16202E-3
6.03818E+0	3.77539E-1	3.85036E-3	1.03378E-2
6.04136E+0	3.68652E-1	2.17869E-3	9.75329E-3
6.04502E+0	3.66943E-1	9.76562E-4	9.52531E-3
6.04844E+0	3.64502E-1	2.20342E-3	9.19076E-3
6.04980E+0	3.56348E-1	0.00000E+0	9.56580E-3
6.05010E+0	3.52295E-1	1.16545E-3	8.84356E-3
6.05366E+0	3.47314E-1	2.11589E-3	9.32808E-3
6.05806E+0	3.32129E-1	2.26964E-3	9.66598E-3
6.05962E+0	3.16699E-1	4.88281E-4	9.15518E-3
6.06182E+0	3.06055E-1	2.44584E-3	7.63035E-3
6.06416E+0	2.96582E-1	1.16545E-3	8.20052E-3
6.06460E+0	2.88477E-1	8.37142E-4	7.99411E-3
6.06772E+0	2.77197E-1	2.30753E-3	8.23671E-3
6.07017E+0	2.64307E-1	1.84338E-3	8.65863E-3
6.07310E+0	2.49365E-1	2.06520E-3	9.74724E-3
6.07363E+0	2.40039E-1	1.59472E-3	9.06796E-3
6.07368E+0	2.35986E-1	1.53548E-3	8.41603E-3
6.07334E+0	2.34375E-1	1.88537E-3	7.63414E-3
6.07373E+0	2.30420E-1	1.47222E-3	6.53607E-3
6.07437E+0	2.27588E-1	8.37142E-4	6.54344E-3
6.07656E+0	2.19580E-1	2.45174E-3	6.63699E-3
6.07905E+0	2.10059E-1	4.88281E-4	6.72799E-3
6.07949E+0	1.99414E-1	1.33135E-3	6.99956E-3
6.08369E+0	1.86621E-1	1.52367E-3	7.09728E-3
6.08799E+0	1.73096E-1	1.88537E-3	6.33702E-3
6.08887E+0	1.64014E-1	0.00000E+0	5.89278E-3
6.08906E+0	1.59131E-1	9.61652E-4	5.85177E-3
6.08916E+0	1.56689E-1	1.16545E-3	5.19792E-3
6.08955E+0	1.53760E-1	1.70281E-3	4.73228E-3
6.09302E+0	1.50830E-1	1.75230E-3	4.99954E-3
6.09355E+0	1.47217E-1	9.61652E-4	4.62314E-3
6.09380E+0	1.46484E-1	8.48571E-4	4.65558E-3
6.09375E+0	1.45752E-1	6.94013E-4	5.16445E-3
6.09380E+0	1.45459E-1	4.88281E-4	5.11384E-3
6.09385E+0	1.45703E-1	6.87038E-4	5.22680E-3
6.09380E+0	1.44434E-1	4.88281E-4	5.60305E-3
6.09380E+0	1.43604E-1	8.48571E-4	5.55622E-3
6.09502E+0	1.41846E-1	2.15256E-3	5.25689E-3
6.09849E+0	1.36670E-1	8.37142E-4	5.07603E-3
6.09868E+0	1.29248E-1	4.88281E-4	5.26055E-3
6.10225E+0	1.21338E-1	2.15256E-3	4.92578E-3
6.10630E+0	1.16748E-1	2.42954E-3	4.44900E-3
6.10679E+0	1.13672E-1	2.30753E-3	4.39371E-3
6.10713E+0	1.13232E-1	2.15256E-3	4.02856E-3
6.10840E+0	1.11816E-1	0.00000E+0	4.01689E-3
6.11313E+0	1.08447E-1	1.08741E-3	4.51348E-3
6.11636E+0	1.04395E-1	2.36932E-3	4.79723E-3
6.11841E+0	1.00342E-1	1.06955E-3	5.07033E-3
6.12344E+0	9.62891E-2	1.92330E-3	4.16870E-3
6.12754E+0	9.24316E-2	1.33135E-3	4.23604E-3
6.12979E+0	8.87695E-2	2.38199E-3	4.00969E-3
6.13364E+0	8.64746E-2	1.84338E-3	4.51348E-3
6.13760E+0	8.11523E-2	6.87038E-4	4.37723E-3
6.13770E+0	7.73926E-2	0.00000E+0	4.00939E-3
6.13960E+0	7.43652E-2	2.39359E-3	3.52890E-3
6.14258E+0	7.08496E-2	0.00000E+0	3.36399E-3
6.14639E+0	6.65039E-2	2.03288E-3	4.32187E-3
6.14785E+0	6.03027E-2	1.33135E-3	4.18571E-3
6.15190E+0	5.18066E-2	1.40441E-3	5.76051E-3
6.15317E+0	4.12109E-2	1.84338E-3	4.77408E-3
6.15688E+0	3.53516E-2	1.25211E-3	3.47838E-3
6.15723E+0	2.99805E-2	0.00000E+0	2.86317E-3
6.15825E+0	2.34375E-2	1.99883E-3	3.86410E-3
6.16133E+0	1.77246E-2	1.79909E-3	3.37543E-3
6.16255E+0	1.21094E-2	1.40441E-3	2.98345E-3
6.16655E+0	6.15234E-3	1.40441E-3	3.51283E-3
6.16816E+0	-1.31836E-3	2.09587E-3	3.31786E-3
6.17197E+0	-8.93555E-3	1.19805E-3	2.78082E-3
6.17617E+0	-1.63574E-2	1.59472E-3	3.76146E-3
6.17744E+0	-2.52441E-2	1.70281E-3	2.94894E-3
6.18149E+0	-3.12500E-2	8.37142E-4	2.94445E-3
6.18164E+0	-3.68652E-2	0.00000E+0	2.53813E-3
6.18281E+0	-3.87695E-2	2.09587E-3	1.52367E-3
6.18628E+0	-4.19922E-2	1.06955E-3	2.40413E-3
6.18652E+0	-4.49219E-2	0.00000E+0	2.08204E-3
6.18652E+0	-4.66797E-2	0.00000E+0	2.43597E-3
6.18662E+0	-4.76074E-2	6.87038E-4	2.12497E-3
6.18682E+0	-4.84863E-2	1.16545E-3	1.25211E-3
6.18794E+0	-4.90723E-2	2.22680E-3	1.45163E-3
6.18999E+0	-5.00000E-2	2.22680E-3	2.09587E-3
6.19053E+0	-5.08301E-2	1.88537E-3	2.41363E-3
6.19204E+0	-5.28320E-2	1.65038E-3	1.88537E-3
6.19619E+0	-5.51270E-2	6.87038E-4	2.22680E-3
6.19780E+0	-5.75684E-2	2.26964E-3	2.11589E-3
6.20112E+0	-5.89844E-2	8.48571E-4	1.79372E-3
6.20464E+0	-6.06445E-2	2.22680E-3	2.42209E-3
6.20605E+0	-6.15723E-2	0.00000E+0	2.39359E-3
6.20781E+0	-6.26953E-2	2.35556E-3	1.79909E-3
6.21074E+0	-6.30859E-2	9.61652E-4	1.33135E-3
6.21113E+0	-6.36719E-2	9.61652E-4	1.18593E-3
6.21416E+0	-6.40625E-2	2.32468E-3	1.59472E-3
6.21577E+0	-6.46973E-2	4.88281E-4	2.12497E-3
6.21582E+0	-6.59180E-2	0.00000E+0	2.45371E-3
6.21875E+0	-6.67969E-2	2.40413E-3	2.28919E-3
6.22119E+0	-6.79199E-2	1.47222E-3	1.40441E-3
6.22485E+0	-6.81641E-2	1.75230E-3	9.61652E-4
6.22988E+0	-6.83594E-2	4.87195E-3	0.00000E+0
6.23667E+0	-6.86035E-2	2.17869E-3	1.06955E-3
6.24023E+0	-7.02637E-2	0.00000E+0	2.39359E-3
6.24287E+0	-7.27051E-2	2.44584E-3	1.68504E-3
6.24648E+0	-7.42676E-2	2.20342E-3	1.99883E-3
6.24990E+0	-7.55859E-2	6.87038E-4	2.45174E-3
6.25020E+0	-7.71484E-2	9.61652E-4	1.96296E-3
6.25488E+0	-7.78809E-2	2.30178E-3	1.06955E-3
6.25977E+0	-7.81738E-2	0.00000E+0	4.88281E-4
6.25996E+0	-7.95898E-2	9.61652E-4	2.24886E-3
6.26406E+0	-8.21777E-2	1.59472E-3	1.84338E-3
6.26802E+0	-8.29590E-2	2.26964E-3	4.88281E-4
6.27173E+0	-8.32031E-2	2.44141E-3	9.61652E-4
6.27695E+0	-8.53027E-2	2.45174E-3	2.44928E-3
6.27949E+0	-8.75977E-2	9.61652E-4	1.16545E-3
6.28286E+0	-8.78906E-2	2.17869E-3	0.00000E+0
6.28457E+0	-8.78906E-2	1.33135E-3	0.00000E+0
6.28838E+0	-8.78906E-2	1.70281E-3	0.00000E+0
6.28916E+0	-8.78906E-2	6.87038E-4	0.00000E+0
6.29331E+0	-8.80371E-2	1.65038E-3	8.37142E-4
6.29614E+0	-8.80859E-2	2.44141E-3	9.61652E-4
6.29907E+0	-8.86230E-2	1.06955E-3	1.75230E-3
6.30278E+0	-8.88184E-2	1.92518E-3	1.92518E-3
6.30562E+0	-8.93066E-2	2.39359E-3	2.22680E-3
6.30859E+0	-8.98437E-2	6.94013E-4	2.40413E-3
6.31191E+0	-8.99902E-2	2.28919E-3	2.42954E-3
6.31660E+0	-8.97461E-2	2.35556E-3	2.38199E-3
6.31890E+0	-8.99902E-2	1.53548E-3	2.42954E-3
6.32397E+0	-8.93066E-2	2.23543E-3	2.22680E-3
6.32827E+0	-8.92090E-2	8.37142E-4	2.17869E-3
6.33306E+0	-8.91602E-2	1.76871E-3	2.15256E-3
6.33760E+0	-8.88672E-2	1.16545E-3	1.96296E-3
6.33818E+0	-8.94531E-2	1.16545E-3	2.28919E-3
6.34111E+0	-8.98437E-2	2.32468E-3	2.40413E-3
6.34331E+0	-8.96973E-2	1.53548E-3	2.36932E-3
6.34668E+0	-9.00879E-2	1.96296E-3	2.44141E-3
6.34873E+0	-9.08691E-2	2.03288E-3	2.39359E-3
6.35254E+0	-9.05273E-2	9.81482E-4	2.44584E-3
6.35669E+0	-9.11621E-2	1.75230E-3	2.30753E-3
6.35825E+0	-9.18457E-2	1.84338E-3	1.92518E-3
6.36284E+0	-9.21875E-2	2.06986E-3	1.59472E-3
6.36704E+0	-9.25293E-2	8.37142E-4	1.06955E-3
6.37090E+0	-9.26270E-2	2.31430E-3	8.37142E-4
6.37632E+0	-9.26758E-2	1.65038E-3	6.87038E-4
6.38018E+0	-9.27246E-2	2.32468E-3	4.88281E-4
6.38374E+0	-9.27734E-2	2.39359E-3	0.00000E+0
6.38750E+0	-9.27734E-2	1.79909E-3	0.00000E+0
6.39229E+0	-9.27734E-2	1.83881E-3	0.00000E+0
6.39648E+0	-9.27734E-2	0.00000E+0	0.00000E+0
6.40156E+0	-9.27734E-2	2.68072E-3	0.00000E+0
6.40708E+0	-9.27734E-2	1.84338E-3	0.00000E+0
6.41206E+0	-9.27734E-2	1.92518E-3	0.00000E+0
6.41602E+0	-9.27734E-2	0.00000E+0	0.00000E+0
6.41616E+0	-9.27734E-2	8.37142E-4	0.00000E+0
6.41924E+0	-9.27734E-2	2.32468E-3	0.00000E+0
6.42588E+0	-9.27246E-2	4.90643E-3	4.88281E-4
6.43467E+0	-9.27734E-2	1.88537E-3	0.00000E+0
6.43994E+0	-9.27734E-2	1.62760E-3	0.00000E+0
6.44819E+0	-9.27734E-2	3.61253E-3	0.00000E+0
6.46011E+0	-9.27734E-2	3.89235E-3	0.00000E+0
6.47246E+0	-9.27734E-2	2.88829E-3	0.00000E+0
6.47573E+0	-9.27734E-2	2.06520E-3	0.00000E+0
6.47593E+0	-9.27734E-2	2.17869E-3	0.00000E+0
6.47656E+0	-9.27734E-2	2.40413E-3	0.00000E+0
6.47939E+0	-9.27734E-2	6.87038E-4	0.00000E+0
6.47959E+0	-9.27734E-2	6.87038E-4	0.00000E+0
6.48354E+0	-9.27734E-2	2.50759E-3	0.00000E+0
6.48843E+0	-9.27734E-2	1.84338E-3	0.00000E+0
6.48921E+0	-9.27734E-2	4.88281E-4	0.00000E+0
6.48926E+0	-9.27734E-2	0.00000E+0	0.00000E+0
6.49214E+0	-9.27734E-2	2.41363E-3	0.00000E+0
6.49404E+0	-9.27734E-2	6.87038E-4	0.00000E+0
6.49399E+0	-9.27734E-2	8.37142E-4	0.00000E+0
6.49390E+0	-9.27734E-2	1.06955E-3	0.00000E+0
6.49380E+0	-9.27734E-2	1.25211E-3	0.00000E+0
6.49390E+0	-9.27734E-2	1.06955E-3	0.00000E+0
6.49390E+0	-9.27734E-2	1.06955E-3	0.00000E+0
6.49409E+0	-9.27734E-2	4.88281E-4	0.00000E+0
6.49399E+0	-9.27734E-2	8.37142E-4	0.00000E+0
6.49409E+0	-9.27734E-2	4.88281E-4	0.00000E+0
6.49414E+0	-9.27246E-2	0.00000E+0	4.88281E-4
6.49414E+0	-9.27734E-2	0.00000E+0	0.00000E+0
6.49414E+0	-9.27734E-2	0.00000E+0	0.00000E+0
6.49414E+0	-9.27734E-2	0.00000E+0	0.00000E+0
6.49414E+0	-9.27734E-2	0.00000E+0	0.00000E+0
6.49409E+0	-9.27734E-2	4.88281E-4	0.00000E+0
6.49414E+0	-9.27734E-2	0.00000E+0	0.00000E+0
6.49414E+0	-9.27734E-2	0.00000E+0	0.00000E+0
6.49414E+0	-9.27734E-2	0.00000E+0	0.00000E+0
6.49414E+0	-9.27734E-2	0.00000E+0	0.00000E+0
6.49409E+0	-9.27734E-2	4.88281E-4	0.00000E+0
6.49409E+0	-9.27734E-2	4.88281E-4	0.00000E+0
6.49414E+0	-9.27734E-2	0.00000E+0	0.00000E+0
6.49414E+0	-9.27734E-2	0.00000E+0	0.00000E+0
6.49409E+0	-9.27734E-2	4.88281E-4	0.00000E+0
6.49414E+0	-9.27734E-2	0.00000E+0	0.00000E+0
6.49414E+0	-9.27734E-2	0.00000E+0	0.00000E+0
6.49414E+0	-9.27734E-2	0.00000E+0	0.00000E+0
6.49414E+0	-9.27734E-2	0.00000E+0	0.00000E+0
6.49414E+0	-9.27734E-2	0.00000E+0	0.00000E+0
6.49414E+0	-9.27734E-2	0.00000E+0	0.00000E+0
6.49414E+0	-9.27734E-2	0.00000E+0	0.00000E+0
6.49414E+0	-9.27734E-2	0.00000E+0	0.00000E+0
6.49414E+0	-9.27734E-2	0.00000E+0	0.00000E+0
6.49414E+0	-9.27734E-2	0.00000E+0	0.00000E+0
6.49414E+0	-9.27246E-2	0.00000E+0	4.88281E-4
6.49414E+0	-9.27734E-2	0.00000E+0	0.00000E+0
6.49414E+0	-9.27734E-2	0.00000E+0	0.00000E+0
6.49414E+0	-9.27734E-2	0.00000E+0	0.00000E+0
6.49414E+0	-9.27734E-2	0.00000E+0	0.00000E+0
6.49414E+0	-9.27734E-2	0.00000E+0	0.00000E+0
6.49414E+0	-9.27734E-2	0.00000E+0	0.00000E+0
6.49414E+0	-9.27734E-2	0.00000E+0	0.00000E+0
6.49414E+0	-9.27734E-2	0.00000E+0	0.00000E+0
6.49414E+0	-9.27734E-2	0.00000E+0	0.00000E+0
6.49414E+0	-9.27734E-2	0.00000E+0	0.00000E+0
6.49414E+0	-9.27734E-2	0.00000E+0	0.00000E+0
6.49414E+0	-9.27734E-2	0.00000E+0	0.00000E+0
6.49414E+0	-9.27734E-2	0.00000E+0	0.00000E+0
6.49414E+0	-9.27734E-2	0.00000E+0	0.00000E+0
6.49414E+0	-9.27734E-2	0.00000E+0	0.00000E+0
6.49414E+0	-9.27734E-2	0.00000E+0	0.00000E+0
6.49414E+0	-9.27734E-2	0.00000E+0	0.00000E+0
6.49414E+0	-9.27734E-2	0.00000E+0	0.00000E+0
6.49414E+0	-9.27734E-2	0.00000E+0	0.00000E+0
6.49414E+0	-9.27734E-2	0.00000E+0	0.00000E+0
6.49414E+0	-9.27734E-2	0.00000E+0	0.00000E+0
6.49414E+0	-9.28223E-2	0.00000E+0	4.88281E-4
6.49414E+0	-9.27734E-2	0.00000E+0	0.00000E+0
6.49414E+0	-9.27734E-2	0.00000E+0	0.00000E+0
6.49414E+0	-9.27734E-2	0.00000E+0	0.00000E+0
6.49414E+0	-9.27734E-2	0.00000E+0	0.00000E+0
6.49414E+0	-9.27734E-2	0.00000E+0	0.00000E+0
6.49414E+0	-9.27734E-2	0.00000E+0	0.00000E+0
6.49414E+0	-9.27734E-2	0.00000E+0	0.00000E+0
6.49414E+0	-9.27734E-2	0.00000E+0	0.00000E+0
