4.43848E+0	-8.90625E-2	0.00000E+0	2.09587E-3
4.43857E+0	-8.95996E-2	6.87038E-4	2.34069E-3
4.43853E+0	-8.99414E-2	4.88281E-4	2.42209E-3
4.43853E+0	-9.04297E-2	4.88281E-4	2.45174E-3
4.43853E+0	-8.98926E-2	8.48571E-4	2.41363E-3
4.43867E+0	-9.00879E-2	9.61652E-4	2.44141E-3
4.43853E+0	-8.98926E-2	8.48571E-4	2.41363E-3
4.43853E+0	-8.98437E-2	4.88281E-4	2.40413E-3
4.43857E+0	-8.97461E-2	6.87038E-4	2.38199E-3
4.43872E+0	-8.97949E-2	1.06955E-3	2.39359E-3
4.43867E+0	-8.92578E-2	9.61652E-4	2.20342E-3
4.43857E+0	-9.06250E-2	6.87038E-4	2.43597E-3
4.43857E+0	-9.04785E-2	6.87038E-4	2.44928E-3
4.43862E+0	-8.98437E-2	8.37142E-4	2.40413E-3
4.43853E+0	-9.00391E-2	4.88281E-4	2.43597E-3
4.43857E+0	-8.96973E-2	6.87038E-4	2.36932E-3
4.43857E+0	-8.96973E-2	6.87038E-4	2.36932E-3
4.43853E+0	-9.01367E-2	4.88281E-4	2.44584E-3
4.43848E+0	-8.91113E-2	6.94013E-4	2.12497E-3
4.43857E+0	-8.89648E-2	6.87038E-4	2.03288E-3
4.43848E+0	-8.90137E-2	0.00000E+0	2.06520E-3
4.43857E+0	-8.84277E-2	6.87038E-4	1.53548E-3
4.43867E+0	-8.86719E-2	9.61652E-4	1.79909E-3
4.43901E+0	-8.86230E-2	1.53548E-3	1.75230E-3
4.44077E+0	-8.82324E-2	2.44928E-3	1.25211E-3
4.44287E+0	-8.86230E-2	1.47222E-3	1.75230E-3
4.44336E+0	-8.79883E-2	0.00000E+0	6.87038E-4
4.44336E+0	-8.83301E-2	0.00000E+0	1.40441E-3
4.44683E+0	-8.81836E-2	2.22680E-3	1.16545E-3
4.44854E+0	-8.81348E-2	1.16545E-3	1.06955E-3
4.44844E+0	-8.78906E-2	9.61652E-4	0.00000E+0
4.44854E+0	-8.81348E-2	1.16545E-3	1.06955E-3
4.44849E+0	-8.79395E-2	1.06955E-3	4.88281E-4
4.44844E+0	-8.78906E-2	9.61652E-4	0.00000E+0
4.44834E+0	-8.79395E-2	6.87038E-4	4.88281E-4
4.44858E+0	-8.79883E-2	1.25211E-3	6.87038E-4
4.44971E+0	-8.78906E-2	2.24886E-3	0.00000E+0
4.45273E+0	-8.79395E-2	1.33135E-3	4.88281E-4
4.45308E+0	-8.78906E-2	4.88281E-4	0.00000E+0
4.45313E+0	-8.78906E-2	0.00000E+0	0.00000E+0
4.45313E+0	-8.78906E-2	0.00000E+0	0.00000E+0
4.45313E+0	-8.78906E-2	0.00000E+0	0.00000E+0
4.45337E+0	-8.78906E-2	1.06955E-3	0.00000E+0
4.45376E+0	-8.78906E-2	1.65038E-3	0.00000E+0
4.45410E+0	-8.78906E-2	1.96296E-3	0.00000E+0
4.45771E+0	-8.79395E-2	1.16545E-3	4.88281E-4
4.45952E+0	-8.78906E-2	2.26964E-3	0.00000E+0
4.46313E+0	-8.78906E-2	1.06955E-3	0.00000E+0
4.46631E+0	-8.78906E-2	2.24886E-3	0.00000E+0
4.46777E+0	-8.78906E-2	0.00000E+0	0.00000E+0
4.46826E+0	-8.78906E-2	1.47222E-3	0.00000E+0
4.46855E+0	-8.78906E-2	1.79909E-3	0.00000E+0
4.47109E+0	-8.78906E-2	2.28919E-3	0.00000E+0
4.47261E+0	-8.78906E-2	4.88281E-4	0.00000E+0
4.47266E+0	-8.78906E-2	0.00000E+0	0.00000E+0
4.47271E+0	-8.78906E-2	4.88281E-4	0.00000E+0
4.47637E+0	-8.79395E-2	2.09587E-3	4.88281E-4
4.48042E+0	-8.78906E-2	2.41363E-3	0.00000E+0
4.48828E+0	-8.78906E-2	4.80826E-3	0.00000E+0
4.49233E+0	-8.79395E-2	8.37142E-4	4.88281E-4
4.49468E+0	-8.79395E-2	2.45321E-3	4.88281E-4
4.49697E+0	-8.78906E-2	6.87038E-4	0.00000E+0
4.49707E+0	-8.78906E-2	0.00000E+0	0.00000E+0
4.49707E+0	-8.79883E-2	0.00000E+0	6.87038E-4
4.49736E+0	-8.82324E-2	1.16545E-3	1.25211E-3
4.50142E+0	-8.87207E-2	1.53548E-3	1.84338E-3
4.50342E+0	-8.94531E-2	2.24886E-3	2.28919E-3
4.50601E+0	-8.94043E-2	1.84338E-3	2.26964E-3
4.50625E+0	-8.92090E-2	1.59472E-3	2.17869E-3
4.50684E+0	-9.00391E-2	0.00000E+0	2.43597E-3
4.50903E+0	-9.01367E-2	2.44141E-3	2.44584E-3
4.51167E+0	-9.18945E-2	4.88281E-4	1.88537E-3
4.51172E+0	-9.16992E-2	0.00000E+0	2.03288E-3
4.51177E+0	-9.18457E-2	4.88281E-4	1.92518E-3
4.51172E+0	-9.20410E-2	0.00000E+0	1.75230E-3
4.51177E+0	-9.17969E-2	4.88281E-4	1.96296E-3
4.51182E+0	-9.16992E-2	6.87038E-4	2.03288E-3
4.51177E+0	-9.18457E-2	4.88281E-4	1.92518E-3
4.51191E+0	-9.18945E-2	9.61652E-4	1.88537E-3
4.51582E+0	-9.23828E-2	1.79909E-3	1.33135E-3
4.51763E+0	-9.23340E-2	1.99883E-3	1.40441E-3
4.52334E+0	-9.25293E-2	2.75690E-3	1.06955E-3
4.52651E+0	-9.26758E-2	8.37142E-4	6.87038E-4
4.53042E+0	-9.27246E-2	1.84338E-3	4.88281E-4
4.53394E+0	-9.28223E-2	2.44141E-3	4.88281E-4
4.53970E+0	-9.28223E-2	2.17869E-3	4.88281E-4
4.54102E+0	-9.27734E-2	0.00000E+0	0.00000E+0
4.54136E+0	-9.27734E-2	1.25211E-3	0.00000E+0
4.54541E+0	-9.27734E-2	1.47222E-3	0.00000E+0
4.54839E+0	-9.27734E-2	2.45321E-3	0.00000E+0
4.55073E+0	-9.28223E-2	4.88281E-4	4.88281E-4
4.55347E+0	-9.27734E-2	2.44141E-3	0.00000E+0
4.55474E+0	-9.27734E-2	1.92518E-3	0.00000E+0
4.55518E+0	-9.27734E-2	1.47222E-3	0.00000E+0
4.55566E+0	-9.27734E-2	0.00000E+0	0.00000E+0
4.55845E+0	-9.27734E-2	2.42954E-3	0.00000E+0
4.56011E+0	-9.27734E-2	1.40441E-3	0.00000E+0
4.56260E+0	-9.27734E-2	2.42209E-3	0.00000E+0
4.56543E+0	-9.27734E-2	0.00000E+0	0.00000E+0
4.56543E+0	-9.27734E-2	0.00000E+0	0.00000E+0
4.56543E+0	-9.27734E-2	0.00000E+0	0.00000E+0
4.56567E+0	-9.27734E-2	1.06955E-3	0.00000E+0
4.56963E+0	-9.27734E-2	1.70281E-3	0.00000E+0
4.57266E+0	-9.27734E-2	2.45174E-3	0.00000E+0
4.57500E+0	-9.27734E-2	9.61652E-4	0.00000E+0
4.57568E+0	-9.28223E-2	1.47222E-3	4.88281E-4
4.57881E+0	-9.27734E-2	2.15256E-3	0.00000E+0
4.57974E+0	-9.27734E-2	1.25211E-3	0.00000E+0
4.57983E+0	-9.27734E-2	1.06955E-3	0.00000E+0
4.58149E+0	-9.27734E-2	2.22680E-3	0.00000E+0
4.58560E+0	-9.27734E-2	1.65038E-3	0.00000E+0
4.59004E+0	-9.27734E-2	9.61652E-4	0.00000E+0
4.59121E+0	-9.28223E-2	2.20342E-3	4.88281E-4
4.59458E+0	-9.28223E-2	1.29001E-3	4.88281E-4
4.59917E+0	-9.28223E-2	1.84860E-3	4.88281E-4
4.60176E+0	-9.27734E-2	2.43597E-3	0.00000E+0
4.60327E+0	-9.28711E-2	2.12497E-3	6.87038E-4
4.60454E+0	-9.27734E-2	4.88281E-4	0.00000E+0
4.60659E+0	-9.27734E-2	2.42954E-3	0.00000E+0
4.60903E+0	-9.27734E-2	1.25211E-3	0.00000E+0
4.61006E+0	-9.27734E-2	1.70281E-3	0.00000E+0
4.61396E+0	-9.27734E-2	1.16545E-3	0.00000E+0
4.61426E+0	-9.28223E-2	0.00000E+0	4.88281E-4
4.61426E+0	-9.27734E-2	0.00000E+0	0.00000E+0
4.61426E+0	-9.28223E-2	0.00000E+0	4.88281E-4
4.61431E+0	-9.27734E-2	4.88281E-4	0.00000E+0
4.61543E+0	-9.27734E-2	2.09587E-3	0.00000E+0
4.61875E+0	-9.27734E-2	1.33135E-3	0.00000E+0
4.62139E+0	-9.27734E-2	2.44584E-3	0.00000E+0
4.62417E+0	-9.28711E-2	8.37142E-4	6.87038E-4
4.62715E+0	-9.28223E-2	2.35556E-3	4.88281E-4
4.63003E+0	-9.27734E-2	2.06520E-3	0.00000E+0
4.63364E+0	-9.27734E-2	8.37142E-4	0.00000E+0
4.63379E+0	-9.27734E-2	0.00000E+0	0.00000E+0
4.63433E+0	-9.27734E-2	1.53548E-3	0.00000E+0
4.63848E+0	-9.28223E-2	1.68861E-3	4.88281E-4
4.64077E+0	-9.27734E-2	2.42954E-3	0.00000E+0
4.64380E+0	-9.28223E-2	1.27498E-3	4.88281E-4
4.65098E+0	-9.27734E-2	2.73057E-3	0.00000E+0
4.65352E+0	-9.27734E-2	9.61652E-4	0.00000E+0
4.65386E+0	-9.28223E-2	1.53548E-3	4.88281E-4
4.65405E+0	-9.27734E-2	1.75230E-3	0.00000E+0
4.65557E+0	-9.27734E-2	2.44584E-3	0.00000E+0
4.65850E+0	-9.27734E-2	1.16545E-3	0.00000E+0
4.65884E+0	-9.27734E-2	1.65038E-3	0.00000E+0
4.65889E+0	-9.27734E-2	1.70281E-3	0.00000E+0
4.65962E+0	-9.28711E-2	2.22680E-3	6.87038E-4
4.66304E+0	-9.27734E-2	1.76871E-3	0.00000E+0
4.66787E+0	-9.27734E-2	2.29969E-3	0.00000E+0
4.67246E+0	-9.27734E-2	1.33135E-3	0.00000E+0
4.67280E+0	-9.27734E-2	4.88281E-4	0.00000E+0
4.67275E+0	-9.27734E-2	6.87038E-4	0.00000E+0
4.67285E+0	-9.27734E-2	0.00000E+0	0.00000E+0
4.67285E+0	-9.27734E-2	0.00000E+0	0.00000E+0
4.67915E+0	-9.28223E-2	4.77282E-3	4.88281E-4
4.68594E+0	-9.27734E-2	2.28919E-3	0.00000E+0
4.68872E+0	-9.27734E-2	2.12497E-3	0.00000E+0
4.69214E+0	-9.28223E-2	1.06955E-3	4.88281E-4
4.69238E+0	-9.27734E-2	0.00000E+0	0.00000E+0
4.69258E+0	-9.27734E-2	9.61652E-4	0.00000E+0
4.69312E+0	-9.27734E-2	1.75230E-3	0.00000E+0
4.69355E+0	-9.27734E-2	2.09587E-3	0.00000E+0
4.69487E+0	-9.27246E-2	2.45321E-3	4.88281E-4
4.69717E+0	-9.27246E-2	6.87038E-4	4.88281E-4
4.70005E+0	-9.15039E-2	2.42954E-3	2.15256E-3
4.70273E+0	-8.85254E-2	1.59472E-3	1.65038E-3
4.70273E+0	-8.79395E-2	1.59472E-3	4.88281E-4
4.70532E+0	-8.78906E-2	2.34069E-3	0.00000E+0
4.70723E+0	-8.78906E-2	9.61652E-4	0.00000E+0
4.71030E+0	-8.72070E-2	2.30753E-3	1.70281E-3
4.71196E+0	-8.44238E-2	4.88281E-4	2.22680E-3
4.71646E+0	-8.24707E-2	1.25211E-3	1.53548E-3
4.71812E+0	-7.78809E-2	2.17869E-3	1.45163E-3
4.72300E+0	-7.28516E-2	2.17869E-3	2.91816E-3
4.72773E+0	-6.59180E-2	2.09587E-3	2.90326E-3
4.73140E+0	-5.57617E-2	4.88281E-4	2.95913E-3
4.73145E+0	-5.10742E-2	0.00000E+0	2.44584E-3
4.73242E+0	-4.96582E-2	1.96296E-3	1.84338E-3
4.73599E+0	-4.69727E-2	1.25211E-3	2.48103E-3
4.73633E+0	-4.19922E-2	0.00000E+0	2.50230E-3
4.73911E+0	-3.60840E-2	2.42954E-3	3.79461E-3
4.74326E+0	-2.73926E-2	2.42209E-3	2.49217E-3
4.74609E+0	-2.22168E-2	0.00000E+0	2.89288E-3
4.74614E+0	-1.78223E-2	4.88281E-4	3.13268E-3
4.74624E+0	-1.41602E-2	8.37142E-4	3.21800E-3
4.74751E+0	-1.10352E-2	2.22680E-3	2.36576E-3
4.75107E+0	-6.10352E-3	1.19805E-3	3.28283E-3
4.75522E+0	1.26953E-3	1.65038E-3	4.19978E-3
4.75703E+0	1.05469E-2	2.09587E-3	3.38006E-3
4.76040E+0	1.44531E-2	1.25211E-3	3.60085E-3
4.76216E+0	2.03613E-2	2.22680E-3	3.80475E-3
4.76528E+0	2.63184E-2	1.25211E-3	2.93585E-3
4.76563E+0	2.74414E-2	0.00000E+0	2.57627E-3
4.76577E+0	2.76367E-2	8.37142E-4	2.70754E-3
4.76592E+0	2.85156E-2	1.16545E-3	3.08192E-3
4.76875E+0	2.92480E-2	2.35556E-3	2.98466E-3
4.77241E+0	3.19824E-2	2.39359E-3	3.42641E-3
4.77622E+0	4.27734E-2	1.84338E-3	7.54274E-3
4.78135E+0	5.61035E-2	2.14808E-3	3.63910E-3
4.78574E+0	5.58594E-2	1.99702E-3	3.82148E-3
4.78965E+0	5.63965E-2	1.33135E-3	3.63115E-3
4.78999E+0	5.76172E-2	4.88281E-4	3.53878E-3
4.79004E+0	5.70312E-2	0.00000E+0	3.01556E-3
4.79009E+0	5.70312E-2	4.88281E-4	3.24632E-3
4.79072E+0	5.94727E-2	1.70281E-3	3.82526E-3
4.79458E+0	6.08887E-2	1.25211E-3	3.95374E-3
4.79644E+0	6.21582E-2	2.26964E-3	3.79207E-3
4.80132E+0	6.26465E-2	2.37338E-3	3.92930E-3
4.80444E+0	6.27930E-2	1.06955E-3	3.86535E-3
4.80469E+0	6.25000E-2	0.00000E+0	3.92593E-3
4.80454E+0	6.33789E-2	8.37142E-4	4.04556E-3
4.80459E+0	6.56250E-2	6.87038E-4	4.29616E-3
4.80464E+0	6.64062E-2	4.88281E-4	4.33411E-3
4.80464E+0	6.45508E-2	4.88281E-4	4.13971E-3
4.80454E+0	6.65527E-2	8.37142E-4	4.37035E-3
4.80469E+0	6.58203E-2	0.00000E+0	4.46979E-3
4.80747E+0	6.66504E-2	2.42954E-3	4.18571E-3
4.81108E+0	6.74805E-2	2.26964E-3	3.94917E-3
4.81396E+0	6.91406E-2	1.47222E-3	3.96985E-3
4.81445E+0	7.34375E-2	0.00000E+0	3.32257E-3
4.81445E+0	7.58789E-2	0.00000E+0	3.35862E-3
4.81558E+0	7.39258E-2	2.06520E-3	3.73866E-3
4.81973E+0	7.43652E-2	1.33135E-3	3.45999E-3
4.82261E+0	7.70508E-2	2.30753E-3	4.52867E-3
4.82417E+0	7.77832E-2	4.88281E-4	4.06190E-3
4.82432E+0	7.84180E-2	6.87038E-4	4.15365E-3
4.82808E+0	8.13477E-2	1.99883E-3	4.56257E-3
4.83276E+0	8.77930E-2	2.12497E-3	4.85710E-3
4.83691E+0	9.25781E-2	2.40413E-3	4.80425E-3
4.84253E+0	1.02197E-1	2.12497E-3	5.64907E-3
4.84458E+0	1.10205E-1	1.84338E-3	4.87071E-3
4.84868E+0	1.24170E-1	1.47141E-3	7.32027E-3
4.85298E+0	1.34668E-1	1.53548E-3	4.86700E-3
4.85459E+0	1.38477E-1	2.03288E-3	5.99106E-3
4.85820E+0	1.52979E-1	9.61652E-4	6.87230E-3
4.86162E+0	1.64648E-1	2.32468E-3	6.01353E-3
4.86621E+0	1.66113E-1	2.40413E-3	5.37490E-3
4.87158E+0	1.67041E-1	4.68137E-3	5.56488E-3
4.87734E+0	1.68799E-1	2.33089E-3	5.51969E-3
4.87783E+0	1.69043E-1	9.76562E-4	5.58583E-3
4.87793E+0	1.73145E-1	0.00000E+0	6.06696E-3
4.87832E+0	1.74707E-1	1.33135E-3	5.57720E-3
4.87871E+0	1.72461E-1	1.79909E-3	5.75989E-3
4.87930E+0	1.71436E-1	2.20342E-3	5.76051E-3
4.87954E+0	1.74268E-1	2.30753E-3	5.58217E-3
4.88076E+0	1.74805E-1	2.42209E-3	6.01033E-3
4.88452E+0	1.75977E-1	2.44141E-3	5.67735E-3
4.88755E+0	1.75000E-1	8.37142E-4	5.62621E-3
4.88955E+0	1.72363E-1	2.38199E-3	5.57375E-3
4.89575E+0	1.71240E-1	2.34069E-3	5.81709E-3
4.89746E+0	1.72607E-1	0.00000E+0	5.82206E-3
4.89746E+0	1.71191E-1	0.00000E+0	5.67310E-3
4.89858E+0	1.69385E-1	2.06520E-3	5.83528E-3
4.90220E+0	1.70752E-1	1.46484E-3	6.02853E-3
4.90625E+0	1.75830E-1	1.96296E-3	6.41709E-3
4.90723E+0	1.81738E-1	0.00000E+0	6.49486E-3
4.90723E+0	1.83838E-1	0.00000E+0	5.94486E-3
4.90723E+0	1.87549E-1	0.00000E+0	5.93350E-3
4.90937E+0	1.91357E-1	2.43597E-3	5.91725E-3
4.91274E+0	1.94775E-1	1.65038E-3	6.00612E-3
4.91685E+0	2.02734E-1	1.08741E-3	8.13743E-3
4.92197E+0	2.18311E-1	1.96051E-3	7.67488E-3
4.92637E+0	2.29102E-1	1.33135E-3	7.36700E-3
4.92871E+0	2.39990E-1	2.40413E-3	9.72547E-3
4.93164E+0	2.49268E-1	6.94013E-4	9.26903E-3
4.93374E+0	2.54248E-1	2.42954E-3	9.05560E-3
4.93647E+0	2.60791E-1	4.88281E-4	7.50994E-3
4.93657E+0	2.65479E-1	4.88281E-4	8.11298E-3
4.93711E+0	2.71484E-1	1.59472E-3	7.37746E-3
4.93755E+0	2.73047E-1	1.99883E-3	7.13451E-3
4.93901E+0	2.75732E-1	2.45321E-3	7.19417E-3
4.94141E+0	2.83301E-1	1.20207E-3	8.38521E-3
4.94585E+0	2.82910E-1	1.40441E-3	8.11787E-3
4.94634E+0	2.82080E-1	4.88281E-4	8.02943E-3
4.94629E+0	2.82520E-1	0.00000E+0	7.82174E-3
4.94731E+0	2.81152E-1	1.99883E-3	7.57651E-3
4.95073E+0	2.82422E-1	1.40441E-3	7.62530E-3
4.95386E+0	2.73340E-1	2.44141E-3	7.69635E-3
4.95601E+0	2.69580E-1	4.88281E-4	7.79939E-3
4.95605E+0	2.68848E-1	0.00000E+0	7.17288E-3
4.95605E+0	2.70508E-1	0.00000E+0	7.31188E-3
4.95610E+0	2.68945E-1	4.88281E-4	7.20170E-3
4.95615E+0	2.66162E-1	6.87038E-4	7.95833E-3
4.95610E+0	2.65088E-1	4.88281E-4	7.73739E-3
4.95693E+0	2.67676E-1	1.88537E-3	7.77108E-3
4.95854E+0	2.65283E-1	2.45321E-3	7.69869E-3
4.96035E+0	2.63916E-1	1.59472E-3	7.64596E-3
4.96040E+0	2.60937E-1	1.53548E-3	7.58096E-3
4.96099E+0	2.57471E-1	4.88281E-4	7.33998E-3
4.96123E+0	2.56055E-1	1.16545E-3	8.04337E-3
4.96104E+0	2.56006E-1	6.87038E-4	8.81301E-3
4.96401E+0	2.55127E-1	2.36932E-3	8.25190E-3
4.96826E+0	2.47559E-1	2.73233E-3	9.42683E-3
4.97534E+0	2.39111E-1	1.06955E-3	9.19285E-3
4.97671E+0	2.36377E-1	2.06520E-3	8.69859E-3
4.98008E+0	2.39160E-1	1.33135E-3	9.20660E-3
4.98242E+0	2.39697E-1	2.40413E-3	8.97117E-3
4.98623E+0	2.40674E-1	1.88537E-3	9.37033E-3
4.98989E+0	2.40039E-1	1.25211E-3	9.35554E-3
4.99316E+0	2.37744E-1	2.40413E-3	8.93351E-3
4.99517E+0	2.36426E-1	4.88281E-4	8.67322E-3
4.99609E+0	2.31738E-1	1.96296E-3	6.91997E-3
4.99951E+0	2.29639E-1	1.47222E-3	6.45301E-3
5.00005E+0	2.27783E-1	4.88281E-4	6.56108E-3
5.00010E+0	2.26514E-1	6.87038E-4	6.68904E-3
5.00156E+0	2.22070E-1	2.28919E-3	6.60152E-3
5.00474E+0	2.15527E-1	8.37142E-4	6.62119E-3
5.00625E+0	2.08350E-1	2.20342E-3	6.83717E-3
5.00869E+0	2.01123E-1	2.03288E-3	7.23556E-3
5.00972E+0	1.96826E-1	4.88281E-4	6.68183E-3
5.01035E+0	1.87842E-1	1.59472E-3	6.45301E-3
5.01421E+0	1.76123E-1	1.40441E-3	6.51984E-3
5.01475E+0	1.62891E-1	6.87038E-4	7.16280E-3
5.01787E+0	1.45996E-1	2.32468E-3	5.82723E-3
5.01924E+0	1.34424E-1	1.16545E-3	6.22507E-3
5.01934E+0	1.24951E-1	9.61652E-4	5.19792E-3
5.01953E+0	1.16260E-1	0.00000E+0	4.94140E-3
5.02314E+0	1.03613E-1	2.15256E-3	5.99347E-3
5.02505E+0	8.46680E-2	1.65038E-3	7.44957E-3
5.02871E+0	6.23535E-2	1.59472E-3	6.65149E-3
5.03037E+0	4.44336E-2	2.03288E-3	7.55486E-3
5.03413E+0	2.15332E-2	4.88281E-4	7.28201E-3
5.03584E+0	5.85937E-3	2.32468E-3	4.75791E-3
5.03926E+0	-9.27734E-3	1.37408E-3	4.01689E-3
5.04360E+0	-2.25586E-2	1.25211E-3	4.59204E-3
5.04604E+0	-3.86719E-2	2.42954E-3	4.53398E-3
5.05083E+0	-5.01465E-2	2.41363E-3	3.38967E-3
5.05371E+0	-5.82520E-2	0.00000E+0	2.32831E-3
5.05371E+0	-6.19629E-2	0.00000E+0	2.26964E-3
5.05498E+0	-6.53320E-2	2.15256E-3	2.38199E-3
5.05864E+0	-6.85547E-2	1.29745E-3	9.61652E-4
5.06216E+0	-7.26563E-2	2.17869E-3	2.22517E-3
5.06348E+0	-7.67578E-2	0.00000E+0	2.20342E-3
5.06865E+0	-7.81250E-2	4.89857E-3	0.00000E+0
5.07314E+0	-8.01270E-2	9.76562E-4	2.41363E-3
5.07725E+0	-8.26660E-2	1.88537E-3	1.25211E-3
5.07979E+0	-8.30078E-2	2.32468E-3	0.00000E+0
5.08437E+0	-8.31543E-2	2.20342E-3	8.37142E-4
5.08755E+0	-8.32031E-2	1.25211E-3	9.61652E-4
5.08789E+0	-8.32031E-2	0.00000E+0	9.61652E-4
5.08804E+0	-8.38379E-2	8.37142E-4	1.84338E-3
5.08965E+0	-8.56445E-2	2.35556E-3	2.44584E-3
5.09258E+0	-8.46191E-2	9.61652E-4	2.30753E-3
5.09419E+0	-8.41309E-2	2.22680E-3	2.06520E-3
5.09707E+0	-8.31543E-2	1.59472E-3	8.37142E-4
5.09766E+0	-8.31543E-2	0.00000E+0	8.37142E-4
5.09985E+0	-8.27148E-2	2.44141E-3	1.16545E-3
5.10264E+0	-8.04199E-2	6.87038E-4	2.44928E-3
5.10596E+0	-7.79785E-2	2.24886E-3	1.08741E-3
5.10825E+0	-7.53418E-2	1.84338E-3	2.52672E-3
5.11196E+0	-6.99219E-2	1.25211E-3	2.49072E-3
5.11255E+0	-6.84570E-2	1.06955E-3	6.87038E-4
5.11499E+0	-6.81641E-2	2.44141E-3	9.61652E-4
5.11709E+0	-6.55762E-2	6.87038E-4	2.42954E-3
5.11738E+0	-6.00098E-2	9.61652E-4	3.20263E-3
5.12075E+0	-5.48828E-2	2.17869E-3	2.09587E-3
5.12329E+0	-5.25391E-2	2.12497E-3	2.69863E-3
5.12676E+0	-4.99512E-2	9.61652E-4	2.06520E-3
5.12852E+0	-4.82422E-2	2.28919E-3	1.59472E-3
5.13169E+0	-4.78027E-2	8.37142E-4	1.99883E-3
5.13193E+0	-4.58984E-2	6.87038E-4	2.40413E-3
5.13354E+0	-4.41406E-2	2.34069E-3	2.18586E-3
5.13647E+0	-4.22852E-2	1.06955E-3	2.32468E-3
5.13804E+0	-4.07715E-2	2.17869E-3	2.34069E-3
5.14160E+0	-4.05762E-2	0.00000E+0	2.26964E-3
5.14302E+0	-3.93555E-2	2.22680E-3	2.28287E-3
5.14561E+0	-3.67188E-2	1.88537E-3	2.45174E-3
5.14648E+0	-3.71582E-2	0.00000E+0	2.39359E-3
5.14907E+0	-3.83789E-2	2.44928E-3	1.70281E-3
5.15132E+0	-3.58398E-2	4.88281E-4	2.79507E-3
5.15146E+0	-3.37891E-2	6.87038E-4	2.91816E-3
5.15322E+0	-3.10059E-2	2.38199E-3	2.63131E-3
5.15576E+0	-2.93945E-2	1.47222E-3	2.29969E-3
5.15669E+0	-2.79297E-2	1.40441E-3	2.31013E-3
5.16089E+0	-2.91016E-2	1.60900E-3	2.58933E-3
5.16460E+0	-3.30078E-2	2.22680E-3	2.60786E-3
5.16597E+0	-3.19336E-2	4.88281E-4	2.89662E-3
5.16772E+0	-3.22754E-2	2.34069E-3	2.85264E-3
5.17090E+0	-3.10547E-2	0.00000E+0	2.64454E-3
5.17124E+0	-3.12988E-2	1.25211E-3	2.41363E-3
5.17524E+0	-3.08594E-2	1.53548E-3	2.39208E-3
5.17788E+0	-3.03223E-2	2.42954E-3	2.11589E-3
5.18071E+0	-3.11035E-2	4.88281E-4	2.46887E-3
5.18066E+0	-2.81738E-2	0.00000E+0	2.38956E-3
5.18081E+0	-3.04199E-2	8.37142E-4	2.28656E-3
5.18066E+0	-3.38379E-2	0.00000E+0	3.12344E-3
5.18066E+0	-2.89063E-2	0.00000E+0	1.92330E-3
5.18066E+0	-3.08105E-2	0.00000E+0	2.26964E-3
5.18066E+0	-3.48633E-2	0.00000E+0	2.94608E-3
5.18066E+0	-3.49121E-2	0.00000E+0	2.80839E-3
5.18071E+0	-3.36914E-2	4.88281E-4	3.14228E-3
5.18066E+0	-3.05176E-2	0.00000E+0	2.12497E-3
5.18066E+0	-3.22266E-2	0.00000E+0	2.50230E-3
5.18071E+0	-3.63770E-2	4.88281E-4	2.63131E-3
5.18086E+0	-3.58398E-2	9.61652E-4	2.79507E-3
5.18384E+0	-3.73535E-2	2.34069E-3	2.34069E-3
5.18838E+0	-3.77441E-2	2.42209E-3	2.17869E-3
5.19082E+0	-3.89648E-2	1.33135E-3	1.38455E-3
5.19209E+0	-3.44238E-2	2.32468E-3	3.42641E-3
5.19346E+0	-3.15430E-2	2.38199E-3	2.44584E-3
5.19526E+0	-3.54004E-2	4.88281E-4	3.13268E-3
5.19561E+0	-3.77441E-2	1.16545E-3	2.28656E-3
5.19907E+0	-3.29102E-2	2.06520E-3	3.22697E-3
5.20317E+0	-3.03711E-2	2.39359E-3	2.25741E-3
5.20640E+0	-3.37891E-2	2.17869E-3	2.74815E-3
5.20991E+0	-3.33984E-2	4.88281E-4	2.47520E-3
5.20996E+0	-3.06152E-2	0.00000E+0	2.28656E-3
5.21089E+0	-2.97852E-2	1.92518E-3	1.76939E-3
5.21367E+0	-3.04199E-2	2.09587E-3	2.06520E-3
5.21475E+0	-2.93945E-2	6.87038E-4	1.83356E-3
5.21484E+0	-2.63184E-2	0.00000E+0	2.58700E-3
5.21665E+0	-2.73926E-2	2.36932E-3	2.39359E-3
5.21963E+0	-2.86133E-2	9.76562E-4	1.83881E-3
5.22007E+0	-3.06641E-2	1.25211E-3	2.20342E-3
5.22280E+0	-2.97852E-2	2.36932E-3	1.76939E-3
5.22451E+0	-2.95898E-2	6.87038E-4	1.94076E-3
5.22476E+0	-3.11035E-2	8.37142E-4	2.36932E-3
5.22637E+0	-3.09570E-2	2.35556E-3	2.42607E-3
5.22852E+0	-2.80762E-2	1.96296E-3	2.12497E-3
5.22939E+0	-2.98340E-2	6.87038E-4	2.18311E-3
5.22944E+0	-2.74902E-2	4.88281E-4	2.46887E-3
5.22949E+0	-2.06543E-2	0.00000E+0	3.24446E-3
5.23306E+0	-2.10938E-2	2.17869E-3	2.76562E-3
5.23438E+0	-2.29492E-2	0.00000E+0	2.35351E-3
5.23496E+0	-2.57324E-2	1.59472E-3	2.48830E-3
5.23652E+0	-2.77344E-2	2.43597E-3	2.28919E-3
5.23628E+0	-2.63672E-2	2.39359E-3	2.40413E-3
5.23843E+0	-2.56348E-2	1.84338E-3	2.23543E-3
5.24067E+0	-2.43652E-2	2.22680E-3	2.45321E-3
5.24512E+0	-2.22168E-2	1.96296E-3	2.44141E-3
5.25049E+0	-2.33398E-2	2.24886E-3	2.36168E-3
5.25391E+0	-2.39258E-2	0.00000E+0	1.90063E-3
5.26025E+0	-2.54395E-2	4.68137E-3	1.99883E-3
5.26357E+0	-2.42676E-2	9.76562E-4	2.98143E-3
5.26367E+0	-2.27539E-2	0.00000E+0	2.32468E-3
5.26367E+0	-2.14355E-2	0.00000E+0	2.85264E-3
5.26377E+0	-2.08008E-2	6.87038E-4	3.15146E-3
5.26646E+0	-2.07520E-2	2.42954E-3	2.80839E-3
5.26924E+0	-2.23633E-2	1.70281E-3	2.51956E-3
5.27314E+0	-2.45117E-2	1.16545E-3	1.83356E-3
5.27344E+0	-2.65625E-2	0.00000E+0	2.53291E-3
5.27520E+0	-2.66113E-2	2.35556E-3	2.44141E-3
5.27813E+0	-2.94922E-2	9.61652E-4	2.39610E-3
5.27832E+0	-3.49121E-2	0.00000E+0	2.89288E-3
5.28003E+0	-3.80371E-2	2.34069E-3	1.99883E-3
5.28408E+0	-4.12598E-2	2.00904E-3	2.44141E-3
5.28770E+0	-4.30176E-2	1.33135E-3	1.92518E-3
5.28799E+0	-4.28223E-2	6.87038E-4	2.06520E-3
5.28809E+0	-4.37988E-2	0.00000E+0	1.08741E-3
5.28809E+0	-4.28711E-2	0.00000E+0	2.03288E-3
5.28804E+0	-4.22363E-2	4.88281E-4	2.34069E-3
5.28804E+0	-4.33105E-2	4.88281E-4	1.92017E-3
5.28813E+0	-4.65820E-2	4.88281E-4	2.44584E-3
5.29175E+0	-5.16602E-2	2.12497E-3	2.42209E-3
5.29624E+0	-5.86426E-2	2.30753E-3	3.57231E-3
5.29785E+0	-6.75781E-2	0.00000E+0	1.79909E-3
5.29785E+0	-6.83594E-2	0.00000E+0	0.00000E+0
5.29785E+0	-6.90430E-2	0.00000E+0	1.70281E-3
5.29800E+0	-6.96777E-2	8.37142E-4	2.17869E-3
5.30049E+0	-6.87988E-2	2.44584E-3	1.40441E-3
5.30244E+0	-7.36328E-2	1.16545E-3	2.91816E-3
5.30273E+0	-7.81250E-2	0.00000E+0	0.00000E+0
5.30278E+0	-7.81250E-2	4.88281E-4	0.00000E+0
5.30518E+0	-7.82227E-2	2.45371E-3	6.87038E-4
5.30967E+0	-8.22754E-2	2.42209E-3	1.75230E-3
5.31328E+0	-8.44238E-2	1.79909E-3	2.22680E-3
5.31689E+0	-8.76953E-2	1.47222E-3	9.61652E-4
5.31738E+0	-8.78906E-2	0.00000E+0	0.00000E+0
5.31738E+0	-8.78906E-2	0.00000E+0	0.00000E+0
5.31768E+0	-8.78906E-2	1.16545E-3	0.00000E+0
5.32139E+0	-8.80371E-2	1.88537E-3	8.37142E-4
5.32329E+0	-8.80371E-2	1.99883E-3	8.37142E-4
5.32646E+0	-8.88672E-2	1.70281E-3	1.96296E-3
5.32734E+0	-8.89160E-2	9.61652E-4	1.99883E-3
5.33032E+0	-8.94531E-2	2.34069E-3	2.28919E-3
5.33193E+0	-8.96484E-2	6.87038E-4	2.35556E-3
5.33394E+0	-8.92578E-2	2.39359E-3	2.20342E-3
5.33677E+0	-8.90625E-2	8.37142E-4	2.09587E-3
5.33711E+0	-8.83301E-2	9.61652E-4	1.40441E-3
5.33896E+0	-8.80859E-2	2.42209E-3	9.61652E-4
5.34116E+0	-8.79395E-2	1.65038E-3	4.88281E-4
5.34180E+0	-8.78906E-2	0.00000E+0	0.00000E+0
5.34204E+0	-8.78906E-2	1.06955E-3	0.00000E+0
5.34351E+0	-8.77441E-2	2.34069E-3	8.37142E-4
5.34644E+0	-8.63281E-2	1.06955E-3	2.28919E-3
5.34697E+0	-8.33008E-2	1.16545E-3	1.16545E-3
5.34985E+0	-8.29102E-2	2.34069E-3	6.87038E-4
5.35156E+0	-7.87109E-2	0.00000E+0	1.87255E-3
5.35459E+0	-7.28516E-2	2.38199E-3	3.30513E-3
5.35654E+0	-6.28418E-2	6.87038E-4	4.14408E-3
5.36099E+0	-4.70703E-2	2.52672E-3	5.91012E-3
5.36606E+0	-2.30957E-2	1.29001E-3	7.47007E-3
5.36953E+0	-2.09961E-3	2.28919E-3	6.06040E-3
5.37095E+0	1.04492E-2	8.37142E-4	3.10527E-3
5.37100E+0	1.49902E-2	6.87038E-4	3.68905E-3
5.37231E+0	2.33398E-2	2.12497E-3	4.83722E-3
5.37593E+0	4.10156E-2	4.88281E-4	9.61652E-3
5.37866E+0	7.07031E-2	2.44141E-3	8.76437E-3
5.38345E+0	9.94629E-2	2.44928E-3	1.04944E-2
5.38965E+0	1.30127E-1	2.08204E-3	1.08935E-2
5.39097E+0	1.53613E-1	1.25211E-3	5.48314E-3
5.39082E+0	1.65186E-1	9.61652E-4	6.51245E-3
5.39165E+0	1.68457E-1	1.99883E-3	5.86841E-3
5.39136E+0	1.68750E-1	1.75230E-3	5.60907E-3
5.39150E+0	1.67773E-1	1.88537E-3	5.57461E-3
5.39458E+0	1.71338E-1	1.92518E-3	5.97395E-3
5.39868E+0	1.81592E-1	2.72129E-3	7.16868E-3
5.40508E+0	1.96436E-1	9.61652E-4	7.50224E-3
5.40532E+0	2.09180E-1	4.88281E-4	7.10203E-3
5.40542E+0	2.15723E-1	8.37142E-4	6.67047E-3
5.40630E+0	2.15625E-1	1.99883E-3	6.38793E-3
5.40991E+0	2.20801E-1	1.06955E-3	7.19835E-3
5.41123E+0	2.32080E-1	2.03288E-3	9.29705E-3
5.41484E+0	2.42285E-1	9.61652E-4	9.71072E-3
5.41621E+0	2.55615E-1	2.09587E-3	9.77487E-3
5.41997E+0	2.70313E-1	4.88281E-4	8.65487E-3
5.42075E+0	2.77979E-1	1.84338E-3	7.92072E-3
5.42368E+0	2.83105E-1	2.06520E-3	8.26953E-3
5.42715E+0	2.90967E-1	2.45174E-3	8.09634E-3
5.43140E+0	2.98584E-1	2.34069E-3	8.65083E-3
5.43516E+0	3.06641E-1	1.59472E-3	7.72820E-3
5.44185E+0	3.01563E-1	2.54949E-3	1.05051E-2
5.44429E+0	2.89990E-1	4.88281E-4	8.55341E-3
5.44429E+0	2.97119E-1	4.88281E-4	8.42518E-3
5.44434E+0	2.97559E-1	0.00000E+0	8.11787E-3
5.44434E+0	2.95068E-1	0.00000E+0	8.27754E-3
5.44497E+0	2.89893E-1	1.65038E-3	8.23086E-3
5.44878E+0	2.77734E-1	1.40441E-3	8.27827E-3
5.45186E+0	2.66113E-1	4.35738E-3	7.86718E-3
5.45645E+0	2.60107E-1	4.30512E-3	7.33998E-3
5.45903E+0	2.46240E-1	4.88281E-4	1.06899E-2
5.46567E+0	2.21436E-1	2.83230E-3	9.67582E-3
5.47314E+0	1.96533E-1	2.02338E-3	8.39655E-3
5.47798E+0	1.81348E-1	1.53548E-3	6.39923E-3
5.47837E+0	1.74365E-1	8.37142E-4	5.85999E-3
5.47817E+0	1.68652E-1	1.25211E-3	5.82392E-3
5.47832E+0	1.64941E-1	9.61652E-4	6.03352E-3
5.47852E+0	1.64551E-1	0.00000E+0	5.74398E-3
5.47842E+0	1.56299E-1	6.87038E-4	5.26238E-3
5.47847E+0	1.60596E-1	4.88281E-4	6.16442E-3
5.47847E+0	1.58594E-1	4.88281E-4	5.90849E-3
5.47852E+0	1.64941E-1	0.00000E+0	5.99347E-3
5.47852E+0	1.65137E-1	0.00000E+0	6.10495E-3
5.47842E+0	1.69873E-1	6.87038E-4	5.94162E-3
5.47852E+0	1.71777E-1	0.00000E+0	6.02553E-3
5.47847E+0	1.67920E-1	4.88281E-4	6.50653E-3
5.47852E+0	1.63623E-1	0.00000E+0	5.74377E-3
5.48135E+0	1.64404E-1	2.61340E-3	5.85012E-3
5.48774E+0	1.60498E-1	1.53548E-3	6.15504E-3
5.49146E+0	1.54492E-1	2.34069E-3	5.53124E-3
5.49717E+0	1.60693E-1	2.63176E-3	7.66861E-3
5.50308E+0	1.72217E-1	1.46484E-3	5.54581E-3
5.50698E+0	1.70947E-1	1.84338E-3	5.61657E-3
5.50820E+0	1.79199E-1	1.33135E-3	7.06054E-3
5.51265E+0	1.83887E-1	4.88281E-4	6.17710E-3
5.51309E+0	1.89746E-1	1.33135E-3	6.28532E-3
5.51504E+0	1.89307E-1	2.45174E-3	5.84188E-3
5.51631E+0	1.93799E-1	2.15256E-3	5.87641E-3
5.51753E+0	2.01514E-1	4.88281E-4	6.96973E-3
5.51758E+0	2.04004E-1	0.00000E+0	6.89068E-3
5.51978E+0	2.00000E-1	2.53813E-3	6.79707E-3
5.52598E+0	1.94629E-1	2.20342E-3	6.39923E-3
5.53057E+0	1.82666E-1	2.32468E-3	6.40206E-3
5.53369E+0	1.74512E-1	2.24886E-3	6.45917E-3
5.53706E+0	1.61719E-1	4.88281E-4	6.70288E-3
5.53926E+0	1.52832E-1	2.43597E-3	5.26261E-3
5.54355E+0	1.39941E-1	2.28919E-3	6.70073E-3
5.54805E+0	1.22412E-1	2.09587E-3	6.87931E-3
5.55181E+0	1.08887E-1	4.88281E-4	5.30818E-3
5.55439E+0	9.80957E-2	2.44584E-3	4.66049E-3
5.55664E+0	9.19434E-2	0.00000E+0	3.99012E-3
5.55664E+0	8.76953E-2	0.00000E+0	4.21695E-3
5.55684E+0	8.52539E-2	9.61652E-4	4.57312E-3
5.56084E+0	8.06152E-2	1.96542E-3	4.19261E-3
5.56528E+0	7.53906E-2	2.06520E-3	3.62750E-3
5.56675E+0	6.99707E-2	1.25211E-3	3.74092E-3
5.57017E+0	6.79199E-2	2.06520E-3	3.93175E-3
5.57314E+0	6.87988E-2	2.38199E-3	3.93175E-3
5.57617E+0	6.82617E-2	0.00000E+0	3.92470E-3
5.57617E+0	6.53320E-2	0.00000E+0	4.15133E-3
5.57856E+0	6.07910E-2	2.45321E-3	4.40985E-3
5.58442E+0	5.29785E-2	2.74946E-3	9.44916E-3
5.59258E+0	2.44141E-3	2.45567E-3	1.04448E-2
5.59609E+0	-1.59180E-2	1.33135E-3	1.00959E-2
5.59971E+0	1.49414E-2	1.88537E-3	9.93239E-3
5.60088E+0	1.96289E-2	1.16545E-3	8.32757E-3
5.60430E+0	2.04590E-2	2.09587E-3	5.62514E-3
5.60557E+0	3.96484E-2	6.87038E-4	5.60735E-3
5.60835E+0	1.13281E-2	2.41363E-3	1.70122E-2
5.61030E+0	-4.68750E-3	8.48571E-4	1.12533E-2
5.61118E+0	-2.84180E-2	1.84338E-3	4.18600E-3
5.61401E+0	-1.94336E-2	2.12497E-3	1.42903E-2
5.61523E+0	1.19141E-2	0.00000E+0	8.67710E-3
5.61523E+0	-2.69531E-2	0.00000E+0	1.15607E-2
5.61631E+0	6.39648E-3	2.03288E-3	1.66664E-2
5.61802E+0	2.26562E-2	2.42954E-3	6.60298E-3
5.61860E+0	-4.98047E-3	2.26964E-3	5.28453E-3
5.62007E+0	-2.50488E-2	1.09623E-3	1.23303E-2
5.62417E+0	-2.27539E-2	1.84338E-3	9.47067E-3
5.62827E+0	7.71484E-3	2.30753E-3	5.64587E-3
5.63052E+0	3.22266E-3	1.65038E-3	5.64758E-3
5.63433E+0	-7.91016E-3	1.40441E-3	3.52378E-3
5.63545E+0	-2.63672E-3	1.70281E-3	2.44584E-3
5.64077E+0	-9.76562E-3	2.58328E-3	3.39995E-3
5.64478E+0	-2.63184E-2	1.75230E-3	3.98045E-3
5.65146E+0	-3.58398E-2	4.45359E-3	4.17678E-3
5.65420E+0	-3.01758E-2	9.76562E-4	5.34795E-3
5.65430E+0	-2.32910E-2	0.00000E+0	4.09732E-3
5.65679E+0	-2.83691E-2	2.45321E-3	1.92518E-3
5.65937E+0	-2.70996E-2	9.61652E-4	2.44141E-3
5.66289E+0	-2.98828E-2	2.09587E-3	2.52910E-3
5.66406E+0	-2.82715E-2	0.00000E+0	4.00458E-3
5.66411E+0	-2.34375E-2	4.88281E-4	2.19466E-3
5.66655E+0	-2.24121E-2	2.45321E-3	3.40668E-3
5.67080E+0	-2.09473E-2	2.38199E-3	3.12653E-3
5.67412E+0	-2.95410E-2	1.16545E-3	3.76146E-3
5.67842E+0	-3.95996E-2	1.16545E-3	3.32076E-3
5.67891E+0	-4.67285E-2	9.61652E-4	2.42954E-3
5.68311E+0	-5.09766E-2	1.47222E-3	2.53291E-3
5.68794E+0	-6.26953E-2	1.53548E-3	5.08669E-3
5.69248E+0	-7.74414E-2	2.12554E-3	3.02672E-3
5.69790E+0	-8.17383E-2	1.25211E-3	2.15256E-3
5.69824E+0	-7.93945E-2	0.00000E+0	2.15256E-3
5.69834E+0	-8.23730E-2	6.87038E-4	1.65038E-3
5.70034E+0	-8.31055E-2	2.42954E-3	6.87038E-4
5.70361E+0	-8.44727E-2	1.47222E-3	2.24886E-3
5.70791E+0	-8.75977E-2	1.19805E-3	1.16545E-3
5.71245E+0	-8.78418E-2	1.40441E-3	4.88281E-4
5.71758E+0	-8.78906E-2	1.53939E-3	0.00000E+0
5.72363E+0	-8.78906E-2	2.59676E-3	0.00000E+0
5.72886E+0	-8.79395E-2	2.17869E-3	4.88281E-4
5.73516E+0	-8.81836E-2	2.43597E-3	1.16545E-3
5.73979E+0	-8.89160E-2	2.45321E-3	1.99883E-3
5.74663E+0	-8.90137E-2	2.78428E-3	2.06520E-3
5.75288E+0	-9.00391E-2	2.16093E-3	2.43597E-3
5.75684E+0	-9.05762E-2	0.00000E+0	2.44141E-3
5.75923E+0	-9.15527E-2	2.45321E-3	2.12497E-3
5.76177E+0	-9.20898E-2	1.09623E-3	1.70281E-3
5.76484E+0	-9.23340E-2	2.35556E-3	1.40441E-3
5.76660E+0	-9.25781E-2	0.00000E+0	9.61652E-4
5.76909E+0	-9.26270E-2	2.45321E-3	8.37142E-4
5.77173E+0	-9.27246E-2	1.06955E-3	4.88281E-4
5.77324E+0	-9.26758E-2	2.35556E-3	6.87038E-4
5.77622E+0	-9.27246E-2	8.37142E-4	4.88281E-4
5.77637E+0	-9.27734E-2	0.00000E+0	0.00000E+0
5.77734E+0	-9.27734E-2	1.96296E-3	0.00000E+0
5.78140E+0	-9.27734E-2	1.08741E-3	0.00000E+0
5.78501E+0	-9.27246E-2	2.06520E-3	4.88281E-4
5.78643E+0	-9.27734E-2	1.16545E-3	0.00000E+0
5.78975E+0	-9.27734E-2	2.15256E-3	0.00000E+0
5.79102E+0	-9.27734E-2	0.00000E+0	0.00000E+0
5.79307E+0	-9.27734E-2	2.42209E-3	0.00000E+0
5.79590E+0	-9.27734E-2	0.00000E+0	0.00000E+0
5.79863E+0	-9.27734E-2	2.43597E-3	0.00000E+0
5.80220E+0	-9.27734E-2	2.22680E-3	0.00000E+0
5.80557E+0	-9.27734E-2	6.87038E-4	0.00000E+0
5.80659E+0	-9.27734E-2	1.92518E-3	0.00000E+0
5.81011E+0	-9.28223E-2	1.40441E-3	4.88281E-4
5.81211E+0	-9.27734E-2	2.28919E-3	0.00000E+0
5.81538E+0	-9.27734E-2	4.88281E-4	0.00000E+0
5.81543E+0	-9.29199E-2	0.00000E+0	8.37142E-4
5.81543E+0	-9.28223E-2	0.00000E+0	4.88281E-4
5.81772E+0	-9.27734E-2	2.44928E-3	0.00000E+0
5.82080E+0	-9.27734E-2	1.47222E-3	0.00000E+0
5.82515E+0	-9.27734E-2	8.48571E-4	0.00000E+0
5.82817E+0	-9.28223E-2	2.39359E-3	4.88281E-4
5.83013E+0	-9.28223E-2	8.48571E-4	4.88281E-4
5.83262E+0	-9.28711E-2	2.45174E-3	6.87038E-4
5.83486E+0	-9.27734E-2	6.87038E-4	0.00000E+0
5.83496E+0	-9.27734E-2	0.00000E+0	0.00000E+0
5.83496E+0	-9.27734E-2	0.00000E+0	0.00000E+0
5.83726E+0	-9.27734E-2	2.44928E-3	0.00000E+0
5.84404E+0	-9.27734E-2	4.85908E-3	0.00000E+0
5.84961E+0	-9.27734E-2	0.00000E+0	0.00000E+0
5.84980E+0	-9.27734E-2	9.61652E-4	0.00000E+0
5.85103E+0	-9.27734E-2	2.22680E-3	0.00000E+0
5.85425E+0	-9.27734E-2	1.06955E-3	0.00000E+0
5.85474E+0	-9.27734E-2	1.06955E-3	0.00000E+0
5.85596E+0	-9.27734E-2	2.24886E-3	0.00000E+0
5.85933E+0	-9.27734E-2	4.88281E-4	0.00000E+0
5.86245E+0	-9.27734E-2	2.36932E-3	0.00000E+0
5.86445E+0	-9.27734E-2	9.61652E-4	0.00000E+0
5.86992E+0	-9.27734E-2	2.37592E-3	0.00000E+0
5.87632E+0	-9.27734E-2	2.44928E-3	0.00000E+0
5.87905E+0	-9.27734E-2	8.37142E-4	0.00000E+0
5.88003E+0	-9.27734E-2	2.06520E-3	0.00000E+0
5.88271E+0	-9.27734E-2	2.03288E-3	0.00000E+0
5.88481E+0	-9.27734E-2	1.99883E-3	0.00000E+0
5.88828E+0	-9.28223E-2	1.33135E-3	4.88281E-4
5.89048E+0	-9.27734E-2	2.36932E-3	0.00000E+0
5.89341E+0	-9.27734E-2	8.37142E-4	0.00000E+0
5.89634E+0	-9.27734E-2	2.42954E-3	0.00000E+0
5.89854E+0	-9.27734E-2	6.87038E-4	0.00000E+0
5.90083E+0	-9.27734E-2	2.45321E-3	0.00000E+0
5.90156E+0	-9.27734E-2	2.35556E-3	0.00000E+0
5.90425E+0	-9.27734E-2	2.04646E-3	0.00000E+0
5.90889E+0	-9.27734E-2	1.96542E-3	0.00000E+0
5.91299E+0	-9.27734E-2	6.87038E-4	0.00000E+0
5.91353E+0	-9.27246E-2	1.40441E-3	4.88281E-4
5.91323E+0	-9.26270E-2	8.37142E-4	8.37142E-4
5.91318E+0	-9.26270E-2	6.87038E-4	8.37142E-4
5.91328E+0	-9.26270E-2	9.61652E-4	8.37142E-4
5.91343E+0	-9.25293E-2	1.25211E-3	1.06955E-3
5.91611E+0	-9.27246E-2	2.38199E-3	4.88281E-4
5.91929E+0	-9.27734E-2	2.17869E-3	0.00000E+0
5.92310E+0	-9.27734E-2	1.06955E-3	0.00000E+0
5.92310E+0	-9.26270E-2	1.06955E-3	8.37142E-4
5.92793E+0	-9.20410E-2	1.95312E-3	1.75230E-3
5.93579E+0	-9.11621E-2	2.34069E-3	2.30753E-3
5.94155E+0	-9.19922E-2	2.78082E-3	1.79909E-3
5.94971E+0	-9.23828E-2	2.45371E-3	1.33135E-3
5.95420E+0	-9.27246E-2	2.42209E-3	4.88281E-4
5.95693E+0	-9.27734E-2	6.87038E-4	0.00000E+0
5.95928E+0	-9.27734E-2	2.44584E-3	0.00000E+0
5.96211E+0	-9.27734E-2	9.61652E-4	0.00000E+0
5.96416E+0	-9.27734E-2	2.44584E-3	0.00000E+0
5.96675E+0	-9.27734E-2	4.88281E-4	0.00000E+0
5.96680E+0	-9.27734E-2	0.00000E+0	0.00000E+0
5.96812E+0	-9.27734E-2	2.17869E-3	0.00000E+0
5.97104E+0	-9.25293E-2	1.65038E-3	1.06955E-3
5.97319E+0	-9.24805E-2	2.26964E-3	1.16545E-3
5.97642E+0	-9.24805E-2	8.37142E-4	1.16545E-3
5.97690E+0	-9.20410E-2	1.25211E-3	1.75230E-3
5.98179E+0	-9.21387E-2	1.59094E-3	1.65038E-3
5.98613E+0	-9.19434E-2	9.61652E-4	1.84338E-3
5.98833E+0	-9.22852E-2	2.41363E-3	1.47222E-3
5.99165E+0	-9.26758E-2	1.71338E-3	6.87038E-4
5.99531E+0	-9.27246E-2	1.79909E-3	4.88281E-4
5.99595E+0	-9.27246E-2	8.37142E-4	4.88281E-4
5.99600E+0	-9.26270E-2	6.87038E-4	8.37142E-4
5.99600E+0	-9.27734E-2	6.87038E-4	0.00000E+0
5.99609E+0	-9.25781E-2	0.00000E+0	9.61652E-4
5.99609E+0	-9.26270E-2	0.00000E+0	8.37142E-4
5.99609E+0	-9.26758E-2	0.00000E+0	6.87038E-4
5.99609E+0	-9.25781E-2	0.00000E+0	9.61652E-4
5.99609E+0	-9.27246E-2	0.00000E+0	4.88281E-4
5.99609E+0	-9.26270E-2	0.00000E+0	8.37142E-4
5.99609E+0	-9.27246E-2	0.00000E+0	4.88281E-4
5.99609E+0	-9.27734E-2	0.00000E+0	0.00000E+0
5.99619E+0	-9.26758E-2	6.87038E-4	6.87038E-4
5.99614E+0	-9.27246E-2	4.88281E-4	4.88281E-4
5.99609E+0	-9.27246E-2	0.00000E+0	4.88281E-4
5.99624E+0	-9.26270E-2	8.37142E-4	8.37142E-4
5.99609E+0	-9.25781E-2	0.00000E+0	9.61652E-4
5.99609E+0	-9.26270E-2	0.00000E+0	8.37142E-4
5.99614E+0	-9.23340E-2	4.88281E-4	1.40441E-3
5.99614E+0	-9.24316E-2	4.88281E-4	1.25211E-3
5.99619E+0	-9.24805E-2	6.87038E-4	1.16545E-3
5.99614E+0	-9.25781E-2	4.88281E-4	9.61652E-4
5.99614E+0	-9.24316E-2	4.88281E-4	1.25211E-3
5.99609E+0	-9.25293E-2	0.00000E+0	1.06955E-3
5.99619E+0	-9.25293E-2	6.87038E-4	1.06955E-3
5.99634E+0	-9.27734E-2	1.06955E-3	0.00000E+0
5.99624E+0	-9.27734E-2	8.37142E-4	0.00000E+0
5.99614E+0	-9.28223E-2	4.88281E-4	4.88281E-4
5.99614E+0	-9.27734E-2	4.88281E-4	0.00000E+0
5.99624E+0	-9.27246E-2	8.37142E-4	4.88281E-4
5.99624E+0	-9.27246E-2	8.37142E-4	4.88281E-4
5.99624E+0	-9.27246E-2	8.37142E-4	4.88281E-4
5.99614E+0	-9.27734E-2	4.88281E-4	0.00000E+0
5.99609E+0	-9.27734E-2	0.00000E+0	0.00000E+0
