5.21299E+0	1.50732E-1	2.38199E-3	4.47921E-3
5.21333E+0	1.51172E-1	2.26964E-3	4.15945E-3
5.21333E+0	1.50879E-1	2.26964E-3	4.57733E-3
5.21357E+0	1.49707E-1	2.15256E-3	4.81927E-3
5.21406E+0	1.49219E-1	1.79909E-3	4.51482E-3
5.21377E+0	1.49561E-1	2.03288E-3	4.47921E-3
5.21353E+0	1.48877E-1	2.17869E-3	4.30596E-3
5.21318E+0	1.48047E-1	2.32468E-3	4.64937E-3
5.21353E+0	1.46191E-1	2.17869E-3	4.84916E-3
5.21382E+0	1.45264E-1	1.99883E-3	4.97443E-3
5.21387E+0	1.44141E-1	1.96296E-3	5.39726E-3
5.21357E+0	1.44189E-1	2.15256E-3	5.35133E-3
5.21382E+0	1.43311E-1	1.99883E-3	5.43705E-3
5.21416E+0	1.43408E-1	1.70281E-3	5.26970E-3
5.21348E+0	1.43604E-1	2.20342E-3	5.33510E-3
5.21357E+0	1.44092E-1	2.15256E-3	5.48643E-3
5.21333E+0	1.43604E-1	2.26964E-3	5.38005E-3
5.21323E+0	1.43652E-1	2.30753E-3	5.20186E-3
5.21338E+0	1.42871E-1	2.24886E-3	5.40350E-3
5.21357E+0	1.40918E-1	2.15256E-3	5.05344E-3
5.21401E+0	1.38818E-1	1.84338E-3	5.11196E-3
5.21362E+0	1.38721E-1	2.12497E-3	5.15138E-3
5.21401E+0	1.40771E-1	1.84338E-3	5.10253E-3
5.21309E+0	1.41162E-1	2.35556E-3	5.00917E-3
5.21304E+0	1.42871E-1	2.36932E-3	5.17587E-3
5.21289E+0	1.40674E-1	2.40413E-3	5.17935E-3
5.21338E+0	1.38721E-1	2.24886E-3	5.19792E-3
5.21294E+0	1.35498E-1	2.39359E-3	4.87664E-3
5.21255E+0	1.36621E-1	2.44928E-3	4.90643E-3
5.21260E+0	1.35840E-1	2.44584E-3	4.46440E-3
5.21279E+0	1.33691E-1	2.42209E-3	4.84717E-3
5.21348E+0	1.34082E-1	2.20342E-3	4.62548E-3
5.21328E+0	1.36426E-1	2.28919E-3	4.48807E-3
5.21265E+0	1.35693E-1	2.44141E-3	4.40548E-3
5.21201E+0	1.35205E-1	2.42209E-3	4.58758E-3
5.21304E+0	1.35107E-1	2.36932E-3	4.50066E-3
5.21187E+0	1.36182E-1	2.39359E-3	4.59806E-3
5.21221E+0	1.35840E-1	2.44584E-3	4.06931E-3
5.21182E+0	1.36084E-1	2.38199E-3	4.47921E-3
5.21226E+0	1.35400E-1	2.44928E-3	4.69960E-3
5.21230E+0	1.34375E-1	2.45174E-3	4.52334E-3
5.21211E+0	1.34277E-1	2.43597E-3	4.78315E-3
5.21187E+0	1.33887E-1	2.39359E-3	4.56046E-3
5.21206E+0	1.32959E-1	2.42954E-3	4.64807E-3
5.21108E+0	1.34131E-1	2.06520E-3	4.62730E-3
5.21079E+0	1.34131E-1	1.84338E-3	4.57496E-3
5.21108E+0	1.34570E-1	2.06520E-3	4.67210E-3
5.21104E+0	1.34717E-1	2.03288E-3	4.60853E-3
5.21143E+0	1.33545E-1	2.24886E-3	4.87664E-3
5.21157E+0	1.33398E-1	2.30753E-3	4.54459E-3
5.21167E+0	1.34961E-1	2.34069E-3	4.41776E-3
5.21138E+0	1.33203E-1	2.22680E-3	4.55518E-3
5.21138E+0	1.30957E-1	2.22680E-3	4.72643E-3
5.21162E+0	1.32324E-1	2.32468E-3	4.62964E-3
5.21206E+0	1.31494E-1	2.42954E-3	5.15885E-3
5.21245E+0	8.86230E-2	2.45321E-3	4.28795E-2
5.21191E+0	-2.40723E-2	2.40413E-3	1.61610E-2
5.21152E+0	-4.45313E-2	2.28919E-3	1.87255E-3
5.21294E+0	2.96387E-2	2.39359E-3	5.11373E-2
5.21313E+0	1.06348E-1	2.34069E-3	7.46120E-3
5.21294E+0	1.14746E-1	2.39359E-3	4.47086E-3
5.21338E+0	1.09619E-1	2.24886E-3	4.35490E-3
5.21367E+0	1.08057E-1	2.09587E-3	4.20179E-3
5.21396E+0	1.07715E-1	1.88537E-3	4.26804E-3
5.21333E+0	1.06299E-1	2.26964E-3	4.64807E-3
5.21304E+0	1.04736E-1	2.36932E-3	4.87664E-3
5.21333E+0	1.03760E-1	2.26964E-3	4.77686E-3
5.21294E+0	1.03809E-1	2.39359E-3	4.88873E-3
5.21382E+0	1.04395E-1	1.99883E-3	5.04199E-3
5.21274E+0	1.04053E-1	2.42954E-3	4.94140E-3
5.21279E+0	1.03125E-1	2.42209E-3	4.67004E-3
5.21309E+0	1.01807E-1	2.35556E-3	4.57075E-3
5.21289E+0	1.01123E-1	2.40413E-3	4.87269E-3
5.21284E+0	9.87305E-2	2.41363E-3	4.83722E-3
5.21245E+0	2.00195E-2	2.45321E-3	4.15568E-2
5.21211E+0	-4.78027E-2	2.43597E-3	5.29887E-3
5.21216E+0	-5.64453E-2	2.44141E-3	2.43597E-3
5.21250E+0	-6.03516E-2	2.45174E-3	2.35556E-3
5.21245E+0	-6.23047E-2	2.45321E-3	4.66178E-3
5.21313E+0	5.06348E-2	2.34069E-3	4.30269E-2
5.21318E+0	1.26807E-1	2.32468E-3	1.35902E-2
5.21265E+0	1.48828E-1	2.44141E-3	5.16935E-3
5.21338E+0	1.48730E-1	2.24886E-3	5.57029E-3
5.21353E+0	1.56982E-1	2.17869E-3	5.30250E-3
5.21338E+0	1.61914E-1	2.24886E-3	6.03911E-3
5.21362E+0	1.67480E-1	2.12497E-3	5.78575E-3
5.21357E+0	1.71240E-1	2.15256E-3	5.56315E-3
5.21289E+0	1.72656E-1	2.40413E-3	5.48753E-3
5.21323E+0	1.75439E-1	2.30753E-3	5.81709E-3
5.21299E+0	1.78711E-1	2.38199E-3	6.20744E-3
5.21294E+0	1.83398E-1	2.39359E-3	6.06299E-3
5.21250E+0	1.89160E-1	2.45174E-3	5.83219E-3
5.21284E+0	1.83350E-1	2.41363E-3	1.18466E-2
5.21328E+0	1.62988E-1	2.28919E-3	8.98954E-3
5.21304E+0	1.93164E-1	2.36932E-3	8.04337E-3
5.21255E+0	2.02930E-1	2.44928E-3	6.91649E-3
5.21284E+0	2.02637E-1	2.41363E-3	7.42626E-3
5.21353E+0	2.03320E-1	2.17869E-3	7.12910E-3
5.21377E+0	2.11182E-1	2.03288E-3	7.25816E-3
5.21348E+0	2.18896E-1	2.20342E-3	6.65873E-3
5.21372E+0	2.18848E-1	2.06520E-3	7.55104E-3
5.21367E+0	2.05127E-1	2.09587E-3	7.02617E-3
5.21406E+0	2.03662E-1	1.79909E-3	1.00882E-2
5.21333E+0	1.77734E-1	2.26964E-3	1.76667E-2
5.21387E+0	1.87793E-1	1.96296E-3	1.64148E-2
5.21377E+0	2.33545E-1	2.03288E-3	1.20618E-2
5.21406E+0	2.63525E-1	1.79909E-3	8.98083E-3
5.21348E+0	2.73633E-1	2.20342E-3	8.99329E-3
5.21318E+0	2.85400E-1	2.32468E-3	8.25190E-3
5.21313E+0	2.93896E-1	2.34069E-3	8.26123E-3
5.21328E+0	3.00439E-1	2.28919E-3	7.92680E-3
5.21343E+0	3.03857E-1	2.22680E-3	7.69244E-3
5.21328E+0	3.06689E-1	2.28919E-3	7.65603E-3
5.21343E+0	3.09570E-1	2.22680E-3	7.63414E-3
5.21323E+0	3.12158E-1	2.30753E-3	7.32027E-3
5.21353E+0	3.08350E-1	2.17869E-3	7.51892E-3
5.21318E+0	3.10449E-1	2.32468E-3	8.30441E-3
5.21353E+0	3.15674E-1	2.17869E-3	7.77093E-3
5.21372E+0	3.19629E-1	2.06520E-3	8.28234E-3
5.21348E+0	3.21484E-1	2.20342E-3	8.17404E-3
5.21304E+0	3.22949E-1	2.36932E-3	8.06430E-3
5.21318E+0	3.28174E-1	2.32468E-3	8.78673E-3
5.21338E+0	3.31982E-1	2.24886E-3	8.84683E-3
5.21421E+0	3.34814E-1	1.65038E-3	8.61960E-3
5.21421E+0	3.34961E-1	1.65038E-3	8.77864E-3
5.21387E+0	3.33594E-1	1.96296E-3	8.43961E-3
5.21377E+0	3.32227E-1	2.03288E-3	8.49762E-3
5.21411E+0	3.22852E-1	1.75230E-3	8.27827E-3
5.21406E+0	3.21484E-1	1.79909E-3	7.90444E-3
5.21318E+0	3.20264E-1	2.32468E-3	7.88537E-3
5.21367E+0	3.18994E-1	2.09587E-3	8.00540E-3
5.21362E+0	3.20410E-1	2.12497E-3	7.90626E-3
5.21392E+0	3.17627E-1	1.92518E-3	7.95470E-3
5.21440E+0	3.18701E-1	1.40441E-3	7.84741E-3
5.21406E+0	3.20801E-1	1.79909E-3	8.04875E-3
5.21396E+0	3.19385E-1	1.88537E-3	8.09634E-3
5.21426E+0	3.20020E-1	1.59472E-3	8.07623E-3
5.21445E+0	3.19922E-1	1.33135E-3	8.04815E-3
5.21387E+0	3.20215E-1	1.96296E-3	7.88797E-3
5.21411E+0	3.19580E-1	1.75230E-3	7.92437E-3
5.21416E+0	3.20117E-1	1.70281E-3	7.95303E-3
5.21431E+0	3.15479E-1	1.53548E-3	7.53555E-3
5.21426E+0	3.18262E-1	1.59472E-3	7.92452E-3
5.21440E+0	3.17529E-1	1.40441E-3	8.01742E-3
5.21460E+0	3.17480E-1	1.06955E-3	8.12262E-3
5.21450E+0	3.18945E-1	1.25211E-3	7.90931E-3
5.21431E+0	3.20654E-1	1.53548E-3	7.91464E-3
5.21455E+0	3.17773E-1	1.16545E-3	7.81127E-3
5.21450E+0	3.20508E-1	1.25211E-3	8.01938E-3
5.21421E+0	3.20312E-1	1.65038E-3	7.63414E-3
5.21426E+0	3.21191E-1	1.59472E-3	8.02118E-3
5.21445E+0	3.18750E-1	1.33135E-3	8.03618E-3
5.21431E+0	3.20312E-1	1.53548E-3	7.97360E-3
5.21416E+0	3.19385E-1	1.70281E-3	8.00660E-3
5.21406E+0	3.17871E-1	1.79909E-3	8.04875E-3
5.21450E+0	3.16113E-1	1.25211E-3	7.77852E-3
5.21416E+0	3.16455E-1	1.70281E-3	7.68742E-3
5.21436E+0	3.22803E-1	1.47222E-3	8.80316E-3
5.21426E+0	3.31104E-1	1.59472E-3	8.79769E-3
5.21411E+0	3.16553E-1	1.75230E-3	1.66716E-2
5.21367E+0	3.00635E-1	2.09587E-3	2.15284E-2
5.21367E+0	3.35010E-1	2.09587E-3	9.81225E-3
5.21377E+0	3.61084E-1	2.03288E-3	1.55089E-2
5.21377E+0	3.84863E-1	2.03288E-3	1.16002E-2
5.21377E+0	4.04590E-1	2.03288E-3	1.11910E-2
5.21289E+0	4.15137E-1	2.40413E-3	1.06612E-2
5.21240E+0	4.22314E-1	2.45371E-3	1.06502E-2
5.21313E+0	4.28564E-1	2.34069E-3	1.20578E-2
5.21318E+0	4.31982E-1	2.32468E-3	1.19494E-2
5.21343E+0	4.28271E-1	2.22680E-3	1.18653E-2
5.21338E+0	4.27393E-1	2.24886E-3	1.27111E-2
5.21338E+0	4.32520E-1	2.24886E-3	1.30242E-2
5.21338E+0	4.36865E-1	2.24886E-3	1.26351E-2
5.21274E+0	4.34570E-1	2.42954E-3	1.21799E-2
5.21304E+0	4.34521E-1	2.36932E-3	1.22291E-2
5.21265E+0	4.36133E-1	2.44141E-3	1.23737E-2
5.21318E+0	4.36865E-1	2.32468E-3	1.22086E-2
5.21367E+0	4.37305E-1	2.09587E-3	1.26135E-2
5.21274E+0	4.37646E-1	2.42954E-3	1.24082E-2
5.21323E+0	4.37842E-1	2.30753E-3	1.24159E-2
5.21235E+0	4.37500E-1	2.45321E-3	1.27025E-2
5.21265E+0	4.36914E-1	2.44141E-3	1.23854E-2
5.21274E+0	4.36084E-1	2.42954E-3	1.20546E-2
5.21328E+0	4.35840E-1	2.28919E-3	1.24656E-2
5.21338E+0	4.37305E-1	2.24886E-3	1.23042E-2
5.21294E+0	4.39258E-1	2.39359E-3	1.21387E-2
5.21343E+0	4.41406E-1	2.22680E-3	1.23175E-2
5.21265E+0	4.43115E-1	2.44141E-3	1.24415E-2
5.21313E+0	4.40723E-1	2.34069E-3	1.26192E-2
5.21313E+0	4.41650E-1	2.34069E-3	1.22661E-2
5.21362E+0	4.41064E-1	2.12497E-3	1.25702E-2
5.21348E+0	4.39648E-1	2.20342E-3	1.22964E-2
5.21353E+0	4.35547E-1	2.17869E-3	1.22390E-2
5.21387E+0	4.39258E-1	1.96296E-3	1.24133E-2
5.21382E+0	4.34766E-1	1.99883E-3	1.21981E-2
5.21250E+0	4.37842E-1	2.45174E-3	1.23576E-2
5.21318E+0	4.35498E-1	2.32468E-3	1.21342E-2
5.21284E+0	4.37842E-1	2.41363E-3	1.25318E-2
5.21304E+0	4.37158E-1	2.36932E-3	1.28243E-2
5.21338E+0	4.39160E-1	2.24886E-3	1.27936E-2
5.21362E+0	4.38086E-1	2.12497E-3	1.23191E-2
5.21377E+0	4.38379E-1	2.03288E-3	1.23288E-2
5.21318E+0	4.35840E-1	2.32468E-3	1.21526E-2
5.21372E+0	4.38574E-1	2.06520E-3	1.26146E-2
5.21392E+0	4.39258E-1	1.92518E-3	1.23550E-2
5.21333E+0	4.41357E-1	2.26964E-3	1.19179E-2
5.21343E+0	4.41943E-1	2.22680E-3	1.25018E-2
5.21411E+0	4.41943E-1	1.75230E-3	1.23467E-2
5.21440E+0	4.39355E-1	1.40441E-3	1.23562E-2
5.21392E+0	4.38574E-1	1.92518E-3	1.26146E-2
5.21401E+0	4.38037E-1	1.84338E-3	1.22252E-2
5.21372E+0	4.40186E-1	2.06520E-3	1.27475E-2
5.21411E+0	4.40723E-1	1.75230E-3	1.23101E-2
5.21406E+0	4.40820E-1	1.79909E-3	1.22799E-2
5.21460E+0	4.39648E-1	1.06955E-3	1.21981E-2
5.21440E+0	4.37354E-1	1.40441E-3	1.24392E-2
5.21416E+0	4.35693E-1	1.70281E-3	1.23147E-2
5.21426E+0	4.36475E-1	1.59472E-3	1.22566E-2
5.21421E+0	4.36719E-1	1.65038E-3	1.24211E-2
5.21455E+0	4.37207E-1	1.16545E-3	1.22670E-2
5.21436E+0	4.36133E-1	1.47222E-3	1.23542E-2
5.21455E+0	4.36572E-1	1.16545E-3	1.21223E-2
5.21436E+0	4.38965E-1	1.47222E-3	1.27309E-2
5.21455E+0	4.40430E-1	1.16545E-3	1.25307E-2
5.21436E+0	4.40625E-1	1.47222E-3	1.21625E-2
5.21431E+0	4.38916E-1	1.53548E-3	1.23350E-2
5.21416E+0	4.38379E-1	1.70281E-3	1.23678E-2
5.21406E+0	4.39551E-1	1.79909E-3	1.25687E-2
5.21440E+0	4.40869E-1	1.40441E-3	1.21857E-2
5.21460E+0	4.42285E-1	1.06955E-3	1.21834E-2
5.21460E+0	4.43311E-1	1.06955E-3	1.26891E-2
5.21470E+0	4.43604E-1	8.37142E-4	1.25187E-2
5.21475E+0	4.42725E-1	6.87038E-4	1.25702E-2
5.21475E+0	4.42188E-1	6.87038E-4	1.23822E-2
5.21460E+0	4.40918E-1	1.06955E-3	1.23077E-2
5.21445E+0	4.41260E-1	1.33135E-3	1.22126E-2
5.21440E+0	4.41406E-1	1.40441E-3	1.22783E-2
5.21455E+0	4.41406E-1	1.16545E-3	1.24149E-2
5.21436E+0	4.42432E-1	1.47222E-3	1.24709E-2
5.21411E+0	4.43457E-1	1.75230E-3	1.26908E-2
5.21416E+0	4.43066E-1	1.70281E-3	1.26573E-2
5.21426E+0	4.43555E-1	1.59472E-3	1.26211E-2
5.21411E+0	4.42920E-1	1.75230E-3	1.23233E-2
5.21445E+0	4.42725E-1	1.33135E-3	1.25126E-2
5.21450E+0	4.43164E-1	1.25211E-3	1.23199E-2
5.21445E+0	4.43018E-1	1.33135E-3	1.22951E-2
5.21431E+0	4.42627E-1	1.53548E-3	1.23833E-2
5.21426E+0	4.41748E-1	1.59472E-3	1.24237E-2
5.21406E+0	4.42871E-1	1.79909E-3	1.23663E-2
5.21421E+0	4.42676E-1	1.65038E-3	1.26116E-2
5.21436E+0	4.42920E-1	1.47222E-3	1.25172E-2
5.21406E+0	4.42236E-1	1.79909E-3	1.25356E-2
5.21431E+0	4.42285E-1	1.53548E-3	1.29314E-2
5.21406E+0	4.40820E-1	1.79909E-3	1.24745E-2
5.21445E+0	4.40381E-1	1.33135E-3	1.21738E-2
5.21436E+0	4.42383E-1	1.47222E-3	1.21799E-2
5.21416E+0	4.43652E-1	1.70281E-3	1.25503E-2
5.21401E+0	4.43213E-1	1.84338E-3	1.24121E-2
5.21411E+0	4.40576E-1	1.75230E-3	1.26237E-2
5.21372E+0	4.37793E-1	2.06520E-3	1.25157E-2
5.21382E+0	4.37012E-1	1.99883E-3	1.22095E-2
5.21338E+0	4.35156E-1	2.24886E-3	1.21061E-2
5.21382E+0	4.40186E-1	1.99883E-3	1.28416E-2
5.21362E+0	4.40674E-1	2.12497E-3	1.26145E-2
5.21396E+0	4.33643E-1	1.88537E-3	1.22527E-2
5.21401E+0	4.28955E-1	1.84338E-3	1.17445E-2
5.21421E+0	4.27051E-1	1.65038E-3	1.17249E-2
5.21426E+0	4.27686E-1	1.59472E-3	1.20426E-2
5.21455E+0	4.25537E-1	1.16545E-3	1.09596E-2
5.21460E+0	4.24023E-1	1.06955E-3	1.11414E-2
5.21465E+0	4.25244E-1	9.61652E-4	1.16977E-2
5.21450E+0	4.27588E-1	1.25211E-3	1.21255E-2
5.21465E+0	4.28418E-1	9.61652E-4	1.20730E-2
5.21460E+0	4.31250E-1	1.06955E-3	1.19781E-2
5.21465E+0	4.33057E-1	9.61652E-4	1.21936E-2
5.21460E+0	4.30615E-1	1.06955E-3	1.17715E-2
5.21445E+0	4.28760E-1	1.33135E-3	1.21540E-2
5.21445E+0	4.27441E-1	1.33135E-3	1.19083E-2
5.21436E+0	4.28418E-1	1.47222E-3	1.17905E-2
5.21392E+0	4.26611E-1	1.92518E-3	1.16680E-2
5.21411E+0	4.25830E-1	1.75230E-3	1.13040E-2
5.21416E+0	4.26367E-1	1.70281E-3	1.18772E-2
5.21436E+0	4.24561E-1	1.47222E-3	1.12630E-2
5.21396E+0	4.25000E-1	1.88537E-3	1.13598E-2
5.21445E+0	4.25879E-1	1.33135E-3	1.12888E-2
5.21421E+0	4.25684E-1	1.65038E-3	1.13058E-2
5.21406E+0	4.26611E-1	1.79909E-3	1.14597E-2
5.21382E+0	4.27441E-1	1.99883E-3	1.17044E-2
5.21396E+0	4.28711E-1	1.88537E-3	1.17982E-2
5.21372E+0	4.28076E-1	2.06520E-3	1.17174E-2
5.21372E+0	4.29639E-1	2.06520E-3	1.18083E-2
5.21421E+0	4.32520E-1	1.65038E-3	1.22819E-2
5.21333E+0	4.35205E-1	2.26964E-3	1.21731E-2
5.21426E+0	4.36182E-1	1.59472E-3	1.24547E-2
5.21421E+0	4.31982E-1	1.65038E-3	1.19494E-2
5.21455E+0	4.27393E-1	1.16545E-3	1.19494E-2
5.21489E+0	4.22314E-1	4.88281E-4	1.07850E-2
5.21895E+0	4.19922E-1	1.79909E-3	1.04564E-2
5.21973E+0	4.18115E-1	0.00000E+0	1.02624E-2
5.21973E+0	4.18799E-1	0.00000E+0	1.01015E-2
5.21973E+0	4.19189E-1	0.00000E+0	9.89729E-3
5.21973E+0	4.18701E-1	0.00000E+0	1.03026E-2
5.21973E+0	4.18896E-1	0.00000E+0	1.03008E-2
5.21973E+0	4.18164E-1	0.00000E+0	9.80304E-3
5.21973E+0	4.18799E-1	0.00000E+0	1.03139E-2
5.21978E+0	4.18750E-1	4.88281E-4	1.00361E-2
5.21973E+0	4.18994E-1	0.00000E+0	9.83186E-3
5.21973E+0	4.18164E-1	0.00000E+0	9.94935E-3
5.21973E+0	4.17041E-1	0.00000E+0	1.03195E-2
5.21973E+0	4.15820E-1	0.00000E+0	1.02404E-2
5.21978E+0	4.15576E-1	4.88281E-4	9.98257E-3
5.22363E+0	4.14111E-1	1.96296E-3	1.01453E-2
5.22529E+0	4.09814E-1	1.70281E-3	1.02530E-2
5.22935E+0	4.06006E-1	8.37142E-4	1.01851E-2
5.23066E+0	4.01709E-1	2.09587E-3	9.66287E-3
5.23413E+0	3.97363E-1	1.06955E-3	9.22750E-3
5.23438E+0	3.94971E-1	0.00000E+0	9.38574E-3
5.23438E+0	3.95264E-1	0.00000E+0	9.34665E-3
5.23438E+0	3.95703E-1	0.00000E+0	9.46304E-3
5.23442E+0	3.91113E-1	4.88281E-4	9.90033E-3
5.23438E+0	3.90869E-1	0.00000E+0	9.82402E-3
5.23447E+0	3.91260E-1	6.87038E-4	9.37958E-3
5.23442E+0	3.89355E-1	4.88281E-4	9.42989E-3
5.23438E+0	3.90381E-1	0.00000E+0	9.47461E-3
5.23447E+0	3.89502E-1	6.87038E-4	9.46138E-3
5.23447E+0	3.85986E-1	6.87038E-4	9.11181E-3
5.23452E+0	3.85107E-1	8.37142E-4	9.48172E-3
5.23530E+0	3.81689E-1	1.92518E-3	9.05028E-3
5.23687E+0	3.86865E-1	2.45321E-3	9.22946E-3
5.23916E+0	3.84961E-1	9.76562E-4	9.14729E-3
5.23906E+0	3.86816E-1	1.18593E-3	9.30029E-3
5.23916E+0	3.86133E-1	9.76562E-4	9.06690E-3
5.23906E+0	3.86279E-1	9.61652E-4	9.43691E-3
5.23911E+0	3.87158E-1	8.37142E-4	9.21483E-3
5.23921E+0	3.87061E-1	4.88281E-4	9.33325E-3
5.23906E+0	3.87256E-1	9.61652E-4	9.17292E-3
5.23921E+0	3.85596E-1	4.88281E-4	9.11392E-3
5.23921E+0	3.86816E-1	8.48571E-4	9.06424E-3
5.23926E+0	3.88037E-1	0.00000E+0	9.32292E-3
5.23926E+0	3.87402E-1	0.00000E+0	9.08123E-3
5.24155E+0	3.85937E-1	2.44928E-3	9.25720E-3
5.24736E+0	3.78809E-1	2.32468E-3	9.41865E-3
5.24912E+0	3.68359E-1	6.87038E-4	9.84716E-3
5.24961E+0	3.61230E-1	1.59472E-3	8.99490E-3
5.24966E+0	3.54492E-1	1.65038E-3	8.72360E-3
5.24966E+0	3.46289E-1	1.65038E-3	8.93311E-3
5.24990E+0	3.36816E-1	1.88537E-3	8.96808E-3
5.25015E+0	3.32178E-1	2.06520E-3	8.37012E-3
5.25005E+0	3.30322E-1	1.99883E-3	8.42518E-3
5.25020E+0	3.31885E-1	2.09587E-3	8.87292E-3
5.24961E+0	3.37842E-1	1.59472E-3	9.09382E-3
5.24966E+0	3.32227E-1	1.65038E-3	9.56429E-3
5.24956E+0	3.20947E-1	1.53548E-3	8.58039E-3
5.24961E+0	3.33643E-1	1.59472E-3	9.31258E-3
5.24932E+0	3.18359E-1	1.16545E-3	8.69595E-3
5.25063E+0	3.24658E-1	2.30753E-3	9.70365E-3
5.25205E+0	3.33350E-1	2.38199E-3	8.46738E-3
5.25303E+0	3.33691E-1	1.88537E-3	8.24737E-3
5.25322E+0	3.35156E-1	1.70281E-3	8.90178E-3
5.25342E+0	3.35254E-1	1.47222E-3	8.83934E-3
5.25293E+0	3.31055E-1	1.96296E-3	8.86056E-3
5.25317E+0	3.25391E-1	1.75230E-3	8.76547E-3
5.25278E+0	3.19189E-1	2.06520E-3	8.31817E-3
5.25259E+0	3.22949E-1	2.17869E-3	1.04107E-2
5.25259E+0	3.24951E-1	2.17869E-3	9.57574E-3
5.25288E+0	3.21826E-1	1.99883E-3	8.83593E-3
5.25298E+0	3.24756E-1	1.92518E-3	8.92812E-3
5.25293E+0	3.23437E-1	1.96296E-3	8.99865E-3
5.25312E+0	3.25977E-1	1.79909E-3	8.75447E-3
5.25298E+0	3.21777E-1	1.92518E-3	8.22632E-3
5.25259E+0	3.21240E-1	2.17869E-3	7.98250E-3
5.25239E+0	3.22070E-1	2.26964E-3	7.94091E-3
5.25215E+0	3.20996E-1	2.35556E-3	7.77852E-3
5.25234E+0	3.19775E-1	2.28919E-3	8.07847E-3
5.25210E+0	3.21094E-1	2.36932E-3	8.06728E-3
5.25234E+0	3.20068E-1	2.28919E-3	7.86335E-3
5.25239E+0	3.19824E-1	2.26964E-3	7.95848E-3
5.25171E+0	3.18945E-1	2.44141E-3	7.93970E-3
5.25249E+0	3.12109E-1	2.22680E-3	7.99411E-3
5.25269E+0	3.09424E-1	2.12497E-3	7.71744E-3
5.25317E+0	3.03076E-1	1.75230E-3	8.10109E-3
5.25391E+0	2.89160E-1	0.00000E+0	9.73054E-3
5.25400E+0	2.83398E-1	9.76562E-4	7.69447E-3
5.25820E+0	2.80371E-1	4.87195E-3	8.39096E-3
5.26367E+0	2.64697E-1	0.00000E+0	7.73739E-3
5.26382E+0	2.59229E-1	8.37142E-4	7.21556E-3
5.26582E+0	2.57373E-1	2.43597E-3	7.32159E-3
5.26685E+0	2.52441E-1	2.34069E-3	8.34260E-3
5.26851E+0	2.47852E-1	4.88281E-4	9.23637E-3
5.26860E+0	2.42822E-1	4.88281E-4	8.91084E-3
5.26865E+0	2.43164E-1	6.87038E-4	9.43959E-3
5.26860E+0	2.43115E-1	4.88281E-4	9.08322E-3
5.26870E+0	2.36279E-1	8.37142E-4	8.41145E-3
5.26855E+0	2.30762E-1	0.00000E+0	6.07489E-3
5.26855E+0	2.29199E-1	0.00000E+0	6.12228E-3
5.26860E+0	2.28906E-1	4.88281E-4	6.55759E-3
5.26870E+0	2.31836E-1	1.08741E-3	6.92206E-3
5.26855E+0	2.36279E-1	0.00000E+0	8.14970E-3
5.26860E+0	2.35547E-1	4.88281E-4	7.70073E-3
5.26865E+0	2.28809E-1	6.87038E-4	6.94082E-3
5.26919E+0	2.16699E-1	1.65038E-3	6.86266E-3
5.27295E+0	2.00830E-1	1.47222E-3	7.68617E-3
5.27646E+0	1.87598E-1	2.38199E-3	6.21442E-3
5.27832E+0	1.77148E-1	0.00000E+0	6.28762E-3
5.27837E+0	1.63916E-1	4.88281E-4	6.91423E-3
5.27979E+0	1.53760E-1	2.24886E-3	4.78290E-3
5.28135E+0	1.51855E-1	2.38199E-3	4.47086E-3
5.28291E+0	1.48096E-1	1.16545E-3	4.86081E-3
5.28311E+0	1.46680E-1	6.87038E-4	4.54671E-3
5.28452E+0	1.44580E-1	2.17869E-3	5.32607E-3
5.28574E+0	1.42871E-1	2.45174E-3	5.22219E-3
5.28521E+0	1.42529E-1	2.41363E-3	5.17935E-3
5.28530E+0	1.40430E-1	2.42954E-3	5.33623E-3
5.28525E+0	1.38623E-1	2.42209E-3	4.85288E-3
5.28560E+0	1.38232E-1	2.45321E-3	4.69139E-3
5.28496E+0	1.37500E-1	2.35556E-3	4.89365E-3
5.28511E+0	1.36816E-1	2.39359E-3	4.44277E-3
5.28486E+0	1.35352E-1	2.32468E-3	4.76196E-3
5.28457E+0	1.33887E-1	2.20342E-3	4.39919E-3
5.28555E+0	1.29346E-1	2.45174E-3	5.07603E-3
5.28687E+0	1.22266E-1	2.12497E-3	5.23600E-3
5.28857E+0	1.11182E-1	1.47222E-3	6.00451E-3
5.29297E+0	9.49219E-2	9.81482E-4	6.10258E-3
5.29604E+0	8.16406E-2	2.36932E-3	5.28909E-3
5.29756E+0	7.46094E-2	1.16545E-3	3.86908E-3
5.29785E+0	6.73828E-2	0.00000E+0	4.16408E-3
5.29785E+0	6.31836E-2	0.00000E+0	3.78984E-3
5.29785E+0	6.19141E-2	0.00000E+0	3.53061E-3
5.29785E+0	6.14258E-2	0.00000E+0	3.48253E-3
5.29785E+0	6.13770E-2	0.00000E+0	3.55610E-3
5.29785E+0	6.19629E-2	0.00000E+0	3.44883E-3
5.29785E+0	6.17676E-2	0.00000E+0	3.42641E-3
5.29785E+0	6.04980E-2	0.00000E+0	3.32076E-3
5.29785E+0	5.95215E-2	0.00000E+0	3.44883E-3
5.29785E+0	5.95215E-2	0.00000E+0	3.71767E-3
5.29785E+0	5.91797E-2	0.00000E+0	3.55779E-3
5.29785E+0	5.95703E-2	0.00000E+0	3.47006E-3
5.29785E+0	5.84473E-2	0.00000E+0	3.70209E-3
5.29902E+0	5.25391E-2	2.09587E-3	6.05504E-3
5.30635E+0	3.49121E-2	2.65363E-3	5.43705E-3
5.31230E+0	2.42188E-2	9.61652E-4	3.60085E-3
5.31245E+0	1.86523E-2	4.88281E-4	3.35575E-3
5.31250E+0	1.65527E-2	0.00000E+0	2.93585E-3
5.31255E+0	1.45508E-2	4.88281E-4	3.39854E-3
5.31396E+0	1.16699E-2	2.24886E-3	2.39359E-3
5.31416E+0	1.11328E-2	2.32468E-3	2.20342E-3
5.31406E+0	1.17187E-2	2.28919E-3	2.40413E-3
5.31421E+0	1.25000E-2	2.34069E-3	2.88829E-3
5.31401E+0	1.19141E-2	2.26964E-3	2.62627E-3
5.31387E+0	8.10547E-3	2.20342E-3	2.61708E-3
5.31387E+0	1.03516E-2	2.20342E-3	2.71287E-3
5.31460E+0	8.49609E-3	2.42954E-3	2.82933E-3
5.31484E+0	8.30078E-3	2.45174E-3	3.70501E-3
5.31509E+0	1.00098E-2	2.44928E-3	3.35539E-3
5.31436E+0	6.39648E-3	2.38199E-3	3.51797E-3
5.31484E+0	5.95703E-3	2.45174E-3	3.37007E-3
5.31401E+0	8.30078E-4	2.26964E-3	2.86611E-3
5.31606E+0	-9.27734E-4	2.17869E-3	2.66043E-3
5.31743E+0	2.73437E-3	8.48571E-4	3.56050E-3
5.32100E+0	3.41797E-3	2.15256E-3	2.98506E-3
5.32622E+0	8.78906E-4	1.92518E-3	2.72173E-3
5.32764E+0	-2.58789E-3	1.47222E-3	2.54571E-3
5.32769E+0	-7.17773E-3	1.53548E-3	2.72836E-3
5.32778E+0	-9.86328E-3	1.65038E-3	2.19247E-3
5.32754E+0	-1.19141E-2	1.33135E-3	2.43597E-3
5.32783E+0	-1.28906E-2	1.70281E-3	2.35556E-3
5.32759E+0	-1.28906E-2	1.40441E-3	2.45567E-3
5.32729E+0	-1.17187E-2	8.37142E-4	2.40413E-3
5.32734E+0	-1.04004E-2	9.61652E-4	1.79036E-3
5.32734E+0	-1.00586E-2	9.61652E-4	1.67428E-3
5.32944E+0	-1.02539E-2	2.44928E-3	1.62760E-3
5.33320E+0	-1.11816E-2	2.09587E-3	2.22680E-3
5.33687E+0	-1.24023E-2	4.88281E-4	2.54240E-3
5.33696E+0	-1.32324E-2	4.88281E-4	2.43350E-3
5.34033E+0	-1.45508E-2	2.24886E-3	2.77432E-3
5.34175E+0	-1.56738E-2	4.88281E-4	2.62397E-3
5.34185E+0	-1.58691E-2	4.88281E-4	2.72129E-3
5.34229E+0	-1.51855E-2	1.47222E-3	2.76693E-3
5.34268E+0	-1.41602E-2	1.88537E-3	2.90326E-3
5.34604E+0	-1.56250E-2	1.65038E-3	2.68790E-3
5.34663E+0	-1.79199E-2	4.88281E-4	2.60185E-3
5.34668E+0	-1.87988E-2	0.00000E+0	2.80839E-3
5.34658E+0	-1.81641E-2	6.87038E-4	2.86821E-3
5.34648E+0	-2.52930E-2	9.61652E-4	2.89329E-3
5.34639E+0	-1.88477E-2	1.16545E-3	3.02672E-3
5.34663E+0	-2.54395E-2	4.88281E-4	2.71420E-3
5.34663E+0	-2.47559E-2	4.88281E-4	2.42954E-3
5.34658E+0	-2.48535E-2	6.87038E-4	2.09300E-3
5.34707E+0	-2.61230E-2	1.33135E-3	2.34069E-3
5.35127E+0	-2.81250E-2	1.52367E-3	2.20779E-3
5.35444E+0	-3.00781E-2	2.41363E-3	2.04940E-3
5.35645E+0	-3.21777E-2	0.00000E+0	2.60555E-3
5.35659E+0	-3.59375E-2	8.37142E-4	2.82080E-3
5.35698E+0	-3.88672E-2	1.53548E-3	2.07276E-3
5.36021E+0	-4.25293E-2	2.06520E-3	2.22680E-3
5.36128E+0	-4.57520E-2	4.88281E-4	2.36932E-3
5.36147E+0	-4.83887E-2	8.37142E-4	1.40441E-3
5.36172E+0	-4.89258E-2	1.33135E-3	6.87038E-4
5.36162E+0	-4.93652E-2	1.16545E-3	1.53548E-3
5.36177E+0	-5.00977E-2	1.40441E-3	2.15256E-3
5.36182E+0	-4.98047E-2	1.47222E-3	1.96296E-3
5.36206E+0	-4.82422E-2	1.75230E-3	1.73919E-3
5.36289E+0	-4.69238E-2	2.28919E-3	2.39359E-3
5.36221E+0	-4.66309E-2	1.88537E-3	2.44141E-3
5.36201E+0	-4.78516E-2	1.70281E-3	2.08204E-3
5.36187E+0	-5.05371E-2	1.53548E-3	2.34069E-3
5.36221E+0	-4.97070E-2	1.88537E-3	1.88537E-3
5.36367E+0	-4.91699E-2	2.45174E-3	1.25211E-3
5.36797E+0	-4.99023E-2	2.35556E-3	2.03288E-3
5.37363E+0	-5.12695E-2	2.45174E-3	2.45371E-3
5.37598E+0	-5.31738E-2	0.00000E+0	1.68504E-3
5.37612E+0	-5.57617E-2	8.37142E-4	2.42209E-3
5.37642E+0	-5.76172E-2	1.40441E-3	1.96296E-3
5.37637E+0	-5.88867E-2	1.33135E-3	1.67428E-3
5.37686E+0	-6.19629E-2	1.88537E-3	2.26964E-3
5.37671E+0	-6.44531E-2	1.75230E-3	1.96296E-3
5.37637E+0	-6.61133E-2	1.33135E-3	2.44584E-3
5.37646E+0	-6.73828E-2	1.47222E-3	1.96296E-3
5.37632E+0	-6.78711E-2	1.25211E-3	1.47222E-3
5.37607E+0	-6.84082E-2	6.87038E-4	4.88281E-4
5.37642E+0	-6.83594E-2	1.40441E-3	0.00000E+0
5.37686E+0	-6.83594E-2	1.88537E-3	0.00000E+0
5.37695E+0	-6.83105E-2	1.96296E-3	4.88281E-4
5.37661E+0	-6.83594E-2	1.65038E-3	0.00000E+0
5.37676E+0	-6.85547E-2	1.79909E-3	9.61652E-4
5.37686E+0	-6.85059E-2	1.88537E-3	8.37142E-4
5.37676E+0	-6.79199E-2	1.79909E-3	1.40441E-3
5.37681E+0	-6.74805E-2	1.84338E-3	1.88537E-3
5.37739E+0	-6.42578E-2	2.22680E-3	1.79909E-3
5.37793E+0	-6.65039E-2	2.40413E-3	2.38199E-3
5.37891E+0	-6.95313E-2	2.40413E-3	2.09587E-3
5.38091E+0	-7.30957E-2	4.88281E-4	1.08741E-3
5.38389E+0	-7.44629E-2	2.38199E-3	2.12497E-3
5.38579E+0	-7.66602E-2	4.88281E-4	2.24886E-3
5.38643E+0	-7.76855E-2	1.70281E-3	1.40441E-3
5.38906E+0	-7.81250E-2	2.28919E-3	0.00000E+0
5.39033E+0	-7.81250E-2	1.16545E-3	0.00000E+0
5.39048E+0	-7.82715E-2	8.37142E-4	8.37142E-4
5.39063E+0	-8.03223E-2	0.00000E+0	2.44141E-3
5.39063E+0	-8.27148E-2	0.00000E+0	1.16545E-3
5.39067E+0	-8.28125E-2	4.88281E-4	9.61652E-4
5.39063E+0	-8.14453E-2	0.00000E+0	2.28919E-3
5.39063E+0	-7.83691E-2	0.00000E+0	1.06955E-3
5.39067E+0	-7.77344E-2	4.88281E-4	1.33135E-3
5.39067E+0	-7.79297E-2	4.88281E-4	9.61652E-4
5.39067E+0	-7.87109E-2	4.88281E-4	1.59472E-3
5.39063E+0	-7.93945E-2	0.00000E+0	2.15256E-3
5.39063E+0	-7.98828E-2	0.00000E+0	2.35556E-3
5.39063E+0	-7.91016E-2	0.00000E+0	1.96296E-3
5.39063E+0	-7.81738E-2	0.00000E+0	4.88281E-4
5.39072E+0	-7.82715E-2	6.87038E-4	8.37142E-4
5.39414E+0	-7.86621E-2	2.20342E-3	1.53548E-3
5.39858E+0	-8.24219E-2	2.36932E-3	1.59472E-3
5.40039E+0	-8.33496E-2	0.00000E+0	1.25211E-3
5.40088E+0	-8.61816E-2	1.47222E-3	2.34069E-3
5.40356E+0	-8.76465E-2	2.34069E-3	1.06955E-3
5.40518E+0	-8.76953E-2	6.87038E-4	9.61652E-4
5.40547E+0	-8.78906E-2	9.61652E-4	0.00000E+0
5.40547E+0	-8.78906E-2	9.61652E-4	0.00000E+0
5.40532E+0	-8.78906E-2	4.88281E-4	0.00000E+0
5.40557E+0	-8.78906E-2	1.16545E-3	0.00000E+0
5.40562E+0	-8.78906E-2	1.25211E-3	0.00000E+0
5.40581E+0	-8.78906E-2	1.53548E-3	0.00000E+0
5.40596E+0	-8.78906E-2	1.70281E-3	0.00000E+0
5.40605E+0	-8.78906E-2	1.79909E-3	0.00000E+0
5.40601E+0	-8.78906E-2	1.75230E-3	0.00000E+0
5.40879E+0	-8.78906E-2	2.20342E-3	0.00000E+0
5.41206E+0	-8.78906E-2	2.39359E-3	0.00000E+0
5.41499E+0	-8.79395E-2	4.88281E-4	4.88281E-4
5.41909E+0	-8.81348E-2	1.84338E-3	1.06955E-3
5.41992E+0	-8.86719E-2	0.00000E+0	1.79909E-3
5.41997E+0	-8.95996E-2	4.88281E-4	2.34069E-3
5.41997E+0	-8.95996E-2	4.88281E-4	2.34069E-3
5.42002E+0	-9.02344E-2	6.87038E-4	2.45174E-3
5.42007E+0	-9.00391E-2	8.37142E-4	2.43597E-3
5.41992E+0	-9.08203E-2	0.00000E+0	2.40413E-3
5.41997E+0	-9.10645E-2	4.88281E-4	2.34069E-3
5.42002E+0	-9.07227E-2	6.87038E-4	2.42209E-3
5.41997E+0	-9.13086E-2	4.88281E-4	2.24886E-3
5.42007E+0	-9.14551E-2	8.37142E-4	2.17869E-3
5.41992E+0	-9.16016E-2	0.00000E+0	2.09587E-3
5.41997E+0	-9.17480E-2	4.88281E-4	1.99883E-3
5.42002E+0	-9.13086E-2	6.87038E-4	2.24886E-3
5.41997E+0	-9.19922E-2	4.88281E-4	1.79909E-3
5.42002E+0	-9.14551E-2	6.87038E-4	2.17869E-3
5.41997E+0	-9.20898E-2	4.88281E-4	1.70281E-3
5.41992E+0	-9.16992E-2	0.00000E+0	2.03288E-3
5.42070E+0	-9.17969E-2	1.79909E-3	1.96296E-3
5.42568E+0	-9.19434E-2	2.53861E-3	1.84338E-3
5.43003E+0	-9.21387E-2	1.25211E-3	1.65038E-3
5.43335E+0	-9.21875E-2	2.12497E-3	1.59472E-3
5.43457E+0	-9.21875E-2	0.00000E+0	1.59472E-3
5.43828E+0	-9.19922E-2	2.09587E-3	1.79909E-3
5.43896E+0	-9.23340E-2	1.62760E-3	1.40441E-3
5.43936E+0	-9.24316E-2	6.87038E-4	1.25211E-3
5.43921E+0	-9.20898E-2	1.06955E-3	1.70281E-3
5.43901E+0	-9.24316E-2	1.40441E-3	1.25211E-3
5.43936E+0	-9.19922E-2	9.76562E-4	1.79909E-3
5.43950E+0	-9.12598E-2	4.88281E-4	2.26964E-3
5.43945E+0	-9.14551E-2	0.00000E+0	2.17869E-3
5.43896E+0	-9.20410E-2	1.47222E-3	1.75230E-3
5.43901E+0	-9.16992E-2	1.40441E-3	2.03288E-3
5.43901E+0	-9.16992E-2	1.40441E-3	2.03288E-3
5.43931E+0	-9.16992E-2	1.08741E-3	2.03288E-3
5.44268E+0	-9.16016E-2	2.32468E-3	2.09587E-3
5.44448E+0	-9.17969E-2	8.37142E-4	1.96296E-3
5.44751E+0	-9.23828E-2	2.34069E-3	1.33135E-3
5.45088E+0	-9.25293E-2	3.68677E-3	1.06955E-3
5.45420E+0	-9.25781E-2	4.90643E-3	9.61652E-4
5.45723E+0	-9.27246E-2	3.77073E-3	4.88281E-4
5.45889E+0	-9.27734E-2	9.76562E-4	0.00000E+0
5.45898E+0	-9.26758E-2	0.00000E+0	6.87038E-4
5.45898E+0	-9.27246E-2	0.00000E+0	4.88281E-4
5.45898E+0	-9.27246E-2	0.00000E+0	4.88281E-4
5.45898E+0	-9.27734E-2	0.00000E+0	0.00000E+0
5.45898E+0	-9.27734E-2	0.00000E+0	0.00000E+0
5.45898E+0	-9.27734E-2	0.00000E+0	0.00000E+0
5.45898E+0	-9.27734E-2	0.00000E+0	0.00000E+0
5.45898E+0	-9.27734E-2	0.00000E+0	0.00000E+0
5.45898E+0	-9.27734E-2	0.00000E+0	0.00000E+0
5.45898E+0	-9.27734E-2	0.00000E+0	0.00000E+0
5.46240E+0	-9.27734E-2	2.24886E-3	0.00000E+0
5.46724E+0	-9.27734E-2	2.26964E-3	0.00000E+0
5.46875E+0	-9.27734E-2	0.00000E+0	0.00000E+0
5.46885E+0	-9.27734E-2	6.87038E-4	0.00000E+0
5.47031E+0	-9.27734E-2	2.28919E-3	0.00000E+0
5.47231E+0	-9.27734E-2	2.17869E-3	0.00000E+0
5.47256E+0	-9.27734E-2	2.03288E-3	0.00000E+0
5.47363E+0	-9.27734E-2	0.00000E+0	0.00000E+0
5.47363E+0	-9.27734E-2	0.00000E+0	0.00000E+0
5.47363E+0	-9.27734E-2	0.00000E+0	0.00000E+0
5.47363E+0	-9.27734E-2	0.00000E+0	0.00000E+0
5.47363E+0	-9.27734E-2	0.00000E+0	0.00000E+0
5.47363E+0	-9.27734E-2	0.00000E+0	0.00000E+0
5.47368E+0	-9.27246E-2	4.88281E-4	4.88281E-4
5.47793E+0	-9.27734E-2	1.73919E-3	0.00000E+0
5.48262E+0	-9.27734E-2	2.04940E-3	0.00000E+0
5.48633E+0	-9.27734E-2	2.40413E-3	0.00000E+0
5.48813E+0	-9.27734E-2	8.37142E-4	0.00000E+0
5.48818E+0	-9.27734E-2	6.87038E-4	0.00000E+0
5.48828E+0	-9.27734E-2	0.00000E+0	0.00000E+0
5.48848E+0	-9.27734E-2	9.61652E-4	0.00000E+0
5.48862E+0	-9.27734E-2	1.25211E-3	0.00000E+0
5.48921E+0	-9.27734E-2	1.92518E-3	0.00000E+0
5.48994E+0	-9.27734E-2	2.32468E-3	0.00000E+0
5.48950E+0	-9.27734E-2	2.12497E-3	0.00000E+0
5.48931E+0	-9.27734E-2	1.99883E-3	0.00000E+0
5.48979E+0	-9.27734E-2	2.26964E-3	0.00000E+0
5.49014E+0	-9.27734E-2	2.38199E-3	0.00000E+0
5.49028E+0	-9.27734E-2	2.41363E-3	0.00000E+0
5.49297E+0	-9.27734E-2	9.61652E-4	0.00000E+0
5.49614E+0	-9.28223E-2	2.39359E-3	4.88281E-4
5.50020E+0	-9.27734E-2	2.43597E-3	0.00000E+0
5.50337E+0	-9.27734E-2	1.40441E-3	0.00000E+0
5.50498E+0	-9.27734E-2	2.42209E-3	0.00000E+0
5.50518E+0	-9.27734E-2	2.44584E-3	0.00000E+0
5.50576E+0	-9.28223E-2	2.42209E-3	4.88281E-4
5.50518E+0	-9.29199E-2	2.44584E-3	8.37142E-4
5.50503E+0	-9.28711E-2	2.42954E-3	6.87038E-4
5.50557E+0	-9.27734E-2	2.44584E-3	0.00000E+0
5.50532E+0	-9.28223E-2	2.45321E-3	4.88281E-4
5.50640E+0	-9.27734E-2	2.22680E-3	0.00000E+0
5.50537E+0	-9.27734E-2	2.45371E-3	0.00000E+0
5.50664E+0	-9.27734E-2	2.09587E-3	0.00000E+0
5.50757E+0	-9.28223E-2	1.06955E-3	4.88281E-4
5.50747E+0	-9.27734E-2	1.25211E-3	0.00000E+0
5.50767E+0	-9.27734E-2	8.37142E-4	0.00000E+0
5.51050E+0	-9.27734E-2	2.44141E-3	0.00000E+0
5.51377E+0	-9.29199E-2	2.03288E-3	8.37142E-4
5.51753E+0	-9.27734E-2	4.88281E-4	0.00000E+0
5.52061E+0	-9.27734E-2	2.38199E-3	0.00000E+0
5.52065E+0	-9.27734E-2	2.36932E-3	0.00000E+0
5.52061E+0	-9.27734E-2	2.38199E-3	0.00000E+0
5.52031E+0	-9.27734E-2	2.43597E-3	0.00000E+0
5.51968E+0	-9.27734E-2	2.42954E-3	0.00000E+0
5.52036E+0	-9.27734E-2	2.42954E-3	0.00000E+0
5.52129E+0	-9.27734E-2	2.09587E-3	0.00000E+0
5.52139E+0	-9.27734E-2	2.03288E-3	0.00000E+0
5.52187E+0	-9.27734E-2	1.59472E-3	0.00000E+0
5.52070E+0	-9.28223E-2	2.35556E-3	4.88281E-4
5.52168E+0	-9.27734E-2	1.79909E-3	0.00000E+0
5.52114E+0	-9.27734E-2	2.17869E-3	0.00000E+0
5.52231E+0	-9.27734E-2	8.37142E-4	0.00000E+0
5.52231E+0	-9.28223E-2	8.37142E-4	4.88281E-4
5.52241E+0	-9.27734E-2	4.88281E-4	0.00000E+0
5.52236E+0	-9.27734E-2	6.87038E-4	0.00000E+0
5.52241E+0	-9.27734E-2	8.48571E-4	0.00000E+0
5.52246E+0	-9.27734E-2	0.00000E+0	0.00000E+0
5.52236E+0	-9.27734E-2	6.87038E-4	0.00000E+0
5.52275E+0	-9.27734E-2	1.16545E-3	0.00000E+0
5.52256E+0	-9.27734E-2	6.87038E-4	0.00000E+0
5.52261E+0	-9.27734E-2	8.37142E-4	0.00000E+0
5.52271E+0	-9.27734E-2	1.06955E-3	0.00000E+0
5.52256E+0	-9.27734E-2	6.87038E-4	0.00000E+0
5.52266E+0	-9.27734E-2	9.61652E-4	0.00000E+0
5.52471E+0	-9.27734E-2	2.44584E-3	0.00000E+0
5.52729E+0	-9.27734E-2	4.88281E-4	0.00000E+0
5.53135E+0	-9.27734E-2	1.88537E-3	0.00000E+0
5.53247E+0	-9.27734E-2	1.06955E-3	0.00000E+0
5.53491E+0	-9.27734E-2	2.44141E-3	0.00000E+0
5.53608E+0	-9.27734E-2	1.99883E-3	0.00000E+0
5.53579E+0	-9.27734E-2	2.17869E-3	0.00000E+0
5.53599E+0	-9.27734E-2	2.06520E-3	0.00000E+0
5.53643E+0	-9.27734E-2	1.70281E-3	0.00000E+0
5.53652E+0	-9.27734E-2	1.59472E-3	0.00000E+0
5.53643E+0	-9.27734E-2	1.70281E-3	0.00000E+0
5.53643E+0	-9.27734E-2	1.70281E-3	0.00000E+0
5.53638E+0	-9.27734E-2	1.75230E-3	0.00000E+0
5.53667E+0	-9.27734E-2	1.40441E-3	0.00000E+0
5.53652E+0	-9.27734E-2	1.59472E-3	0.00000E+0
5.53677E+0	-9.27734E-2	1.25211E-3	0.00000E+0
5.53677E+0	-9.27734E-2	1.25211E-3	0.00000E+0
5.53691E+0	-9.27734E-2	9.61652E-4	0.00000E+0
5.53706E+0	-9.27734E-2	4.88281E-4	0.00000E+0
5.53843E+0	-9.27734E-2	2.17869E-3	0.00000E+0
5.54189E+0	-9.27734E-2	6.87038E-4	0.00000E+0
5.54229E+0	-9.27734E-2	1.35644E-3	0.00000E+0
5.54351E+0	-9.27734E-2	2.26964E-3	0.00000E+0
5.54380E+0	-9.27734E-2	2.36932E-3	0.00000E+0
5.54683E+0	-9.28223E-2	8.48571E-4	4.88281E-4
5.54941E+0	-9.27734E-2	2.45174E-3	0.00000E+0
5.55171E+0	-9.27734E-2	4.88281E-4	0.00000E+0
5.55176E+0	-9.27734E-2	0.00000E+0	0.00000E+0
5.55171E+0	-9.27734E-2	4.88281E-4	0.00000E+0
5.55161E+0	-9.28223E-2	8.37142E-4	4.88281E-4
5.55171E+0	-9.27734E-2	4.88281E-4	0.00000E+0
5.55190E+0	-9.27734E-2	8.37142E-4	0.00000E+0
5.55376E+0	-9.27734E-2	2.41363E-3	0.00000E+0
5.55664E+0	-9.27734E-2	0.00000E+0	0.00000E+0
5.55815E+0	-9.28223E-2	2.26964E-3	4.88281E-4
5.56294E+0	-9.28223E-2	2.33244E-3	4.88281E-4
5.56646E+0	-9.27734E-2	4.88281E-4	0.00000E+0
5.56855E+0	-9.27734E-2	2.43597E-3	0.00000E+0
5.56841E+0	-9.27734E-2	2.41363E-3	0.00000E+0
5.56851E+0	-9.27734E-2	2.42954E-3	0.00000E+0
5.56802E+0	-9.27734E-2	2.30753E-3	0.00000E+0
5.56860E+0	-9.27734E-2	2.44141E-3	0.00000E+0
5.56851E+0	-9.28223E-2	2.42954E-3	4.88281E-4
5.56841E+0	-9.27734E-2	2.41363E-3	0.00000E+0
5.56831E+0	-9.27734E-2	2.39359E-3	0.00000E+0
5.56836E+0	-9.28223E-2	2.40413E-3	4.88281E-4
5.56836E+0	-9.27734E-2	2.40413E-3	0.00000E+0
5.56812E+0	-9.28711E-2	2.34069E-3	6.87038E-4
5.56797E+0	-9.28711E-2	2.28919E-3	6.87038E-4
5.56797E+0	-9.28223E-2	2.28919E-3	4.88281E-4
5.56807E+0	-9.28223E-2	2.32468E-3	4.88281E-4
5.56782E+0	-9.28223E-2	2.22680E-3	4.88281E-4
5.56826E+0	-9.27734E-2	2.38199E-3	0.00000E+0
5.57231E+0	-9.27734E-2	2.22680E-3	0.00000E+0
5.57612E+0	-9.28223E-2	4.88281E-4	4.88281E-4
5.57842E+0	-9.28223E-2	2.44584E-3	4.88281E-4
5.58105E+0	-9.27734E-2	0.00000E+0	0.00000E+0
5.58120E+0	-9.27734E-2	8.37142E-4	0.00000E+0
5.58115E+0	-9.27734E-2	6.87038E-4	0.00000E+0
5.58105E+0	-9.27734E-2	0.00000E+0	0.00000E+0
5.58110E+0	-9.27734E-2	4.88281E-4	0.00000E+0
5.58115E+0	-9.26758E-2	6.87038E-4	6.87038E-4
5.58110E+0	-9.26270E-2	4.88281E-4	8.37142E-4
5.58115E+0	-9.23828E-2	6.87038E-4	1.33135E-3
5.58110E+0	-9.27246E-2	4.88281E-4	4.88281E-4
5.58105E+0	-9.26758E-2	0.00000E+0	6.87038E-4
5.58115E+0	-9.27246E-2	6.87038E-4	4.88281E-4
5.58208E+0	-9.27246E-2	1.99883E-3	4.88281E-4
5.58530E+0	-9.25781E-2	1.65038E-3	9.61652E-4
5.58584E+0	-9.22363E-2	6.87038E-4	1.53548E-3
5.58696E+0	-9.24316E-2	1.99883E-3	1.25211E-3
5.59175E+0	-9.15527E-2	2.04646E-3	2.12497E-3
5.59551E+0	-9.09180E-2	9.61652E-4	2.38199E-3
5.59570E+0	-9.04297E-2	0.00000E+0	2.45174E-3
5.59575E+0	-9.00879E-2	4.88281E-4	2.44141E-3
5.59785E+0	-8.98926E-2	2.43597E-3	2.41363E-3
5.60005E+0	-8.98926E-2	1.53548E-3	2.41363E-3
5.60015E+0	-9.04785E-2	1.40441E-3	2.44928E-3
5.60015E+0	-9.05762E-2	1.40441E-3	2.44141E-3
5.59976E+0	-9.07227E-2	1.84338E-3	2.42209E-3
5.59990E+0	-9.05762E-2	1.70281E-3	2.44141E-3
5.59844E+0	-9.03809E-2	2.43597E-3	2.45321E-3
5.59888E+0	-8.92578E-2	2.34069E-3	2.20342E-3
5.59966E+0	-8.93066E-2	1.92518E-3	2.22680E-3
5.59990E+0	-8.96973E-2	1.70281E-3	2.36932E-3
5.60029E+0	-8.98437E-2	1.16545E-3	2.40413E-3
5.59971E+0	-8.98437E-2	1.88537E-3	2.40413E-3
5.59980E+0	-9.01367E-2	1.79909E-3	2.44584E-3
5.60254E+0	-8.99414E-2	2.40413E-3	2.42209E-3
5.60879E+0	-9.01855E-2	2.93462E-3	2.44928E-3
5.61416E+0	-9.07227E-2	2.03288E-3	2.42209E-3
5.61489E+0	-9.09668E-2	1.25211E-3	2.36932E-3
5.61519E+0	-9.14551E-2	4.88281E-4	2.17869E-3
5.61523E+0	-9.16504E-2	0.00000E+0	2.06520E-3
5.61523E+0	-9.19922E-2	0.00000E+0	1.79909E-3
5.61523E+0	-9.21387E-2	0.00000E+0	1.65038E-3
5.61523E+0	-9.19434E-2	0.00000E+0	1.84338E-3
5.61523E+0	-9.18457E-2	0.00000E+0	1.92518E-3
5.61523E+0	-9.19434E-2	0.00000E+0	1.84338E-3
5.61523E+0	-9.21875E-2	0.00000E+0	1.59472E-3
5.61523E+0	-9.18945E-2	0.00000E+0	1.88537E-3
5.61523E+0	-9.19434E-2	0.00000E+0	1.84338E-3
5.61523E+0	-9.21875E-2	0.00000E+0	1.59472E-3
5.61875E+0	-9.21387E-2	2.20342E-3	1.65038E-3
5.61987E+0	-9.18945E-2	1.06955E-3	1.88537E-3
5.62002E+0	-9.16992E-2	6.87038E-4	2.03288E-3
5.62017E+0	-9.13574E-2	8.48571E-4	2.22680E-3
5.62373E+0	-9.01855E-2	2.15256E-3	2.44928E-3
5.62505E+0	-8.92578E-2	4.88281E-4	2.20342E-3
5.62520E+0	-8.81836E-2	9.61652E-4	1.16545E-3
5.62725E+0	-8.79883E-2	2.44584E-3	6.87038E-4
5.62891E+0	-8.79395E-2	1.96296E-3	4.88281E-4
5.62959E+0	-8.78906E-2	1.16545E-3	0.00000E+0
5.62988E+0	-8.78906E-2	0.00000E+0	0.00000E+0
5.62988E+0	-8.78906E-2	0.00000E+0	0.00000E+0
5.62988E+0	-8.78906E-2	0.00000E+0	0.00000E+0
5.62988E+0	-8.78906E-2	0.00000E+0	0.00000E+0
5.62988E+0	-8.78906E-2	0.00000E+0	0.00000E+0
5.62988E+0	-8.78906E-2	0.00000E+0	0.00000E+0
5.62988E+0	-8.78906E-2	0.00000E+0	0.00000E+0
5.62988E+0	-8.78906E-2	0.00000E+0	0.00000E+0
5.62988E+0	-8.78906E-2	0.00000E+0	0.00000E+0
5.62998E+0	-8.78906E-2	6.87038E-4	0.00000E+0
5.63403E+0	-8.77930E-2	1.75230E-3	6.87038E-4
5.63535E+0	-8.72559E-2	1.59472E-3	1.65038E-3
5.63804E+0	-8.60352E-2	2.30753E-3	2.38199E-3
5.64116E+0	-8.55957E-2	2.26964E-3	2.44928E-3
5.64409E+0	-8.63281E-2	1.40441E-3	2.28919E-3
5.64448E+0	-8.67676E-2	4.88281E-4	2.06520E-3
5.64443E+0	-8.74023E-2	6.87038E-4	1.47222E-3
5.64453E+0	-8.71094E-2	0.00000E+0	1.79909E-3
5.64453E+0	-8.74512E-2	0.00000E+0	1.40441E-3
5.64453E+0	-8.73047E-2	0.00000E+0	1.59472E-3
5.64453E+0	-8.74512E-2	0.00000E+0	1.40441E-3
5.64453E+0	-8.75000E-2	0.00000E+0	1.33135E-3
5.64453E+0	-8.75488E-2	0.00000E+0	1.25211E-3
5.64453E+0	-8.74512E-2	0.00000E+0	1.40441E-3
5.64453E+0	-8.75000E-2	0.00000E+0	1.33135E-3
5.64453E+0	-8.72559E-2	0.00000E+0	1.65038E-3
5.64453E+0	-8.73047E-2	0.00000E+0	1.59472E-3
5.64453E+0	-8.77930E-2	0.00000E+0	6.87038E-4
5.64805E+0	-8.76953E-2	4.71111E-3	9.61652E-4
5.65444E+0	-8.78906E-2	8.37142E-4	0.00000E+0
5.65659E+0	-8.78906E-2	2.44928E-3	0.00000E+0
5.65913E+0	-8.80859E-2	4.88281E-4	9.61652E-4
5.65918E+0	-8.81836E-2	0.00000E+0	1.16545E-3
5.65928E+0	-8.83789E-2	6.87038E-4	1.47222E-3
5.66079E+0	-8.93555E-2	2.30753E-3	2.24886E-3
5.66382E+0	-9.04297E-2	1.06955E-3	2.45174E-3
5.66348E+0	-9.06738E-2	1.59472E-3	2.42954E-3
5.66338E+0	-9.14062E-2	1.70281E-3	2.20342E-3
5.66348E+0	-9.05273E-2	1.59472E-3	2.44584E-3
5.66372E+0	-9.12109E-2	1.25211E-3	2.28919E-3
5.66333E+0	-9.14062E-2	1.75230E-3	2.20342E-3
5.66367E+0	-9.18457E-2	1.33135E-3	1.92518E-3
5.66318E+0	-9.13086E-2	1.88537E-3	2.24886E-3
5.66372E+0	-9.16992E-2	1.25211E-3	2.03288E-3
5.66328E+0	-9.22363E-2	1.79909E-3	1.53548E-3
5.66343E+0	-9.14062E-2	1.65038E-3	2.20342E-3
5.66357E+0	-9.17969E-2	1.47222E-3	1.96296E-3
5.66313E+0	-9.16992E-2	1.92518E-3	2.03288E-3
5.66318E+0	-9.19922E-2	1.88537E-3	1.79909E-3
5.66309E+0	-9.17969E-2	1.96296E-3	1.96296E-3
5.66338E+0	-9.19922E-2	1.70281E-3	1.79909E-3
5.66357E+0	-9.15527E-2	1.47222E-3	2.12497E-3
5.66367E+0	-9.20410E-2	1.33135E-3	1.75230E-3
5.66392E+0	-9.18457E-2	8.37142E-4	1.92518E-3
5.66357E+0	-9.16016E-2	1.47222E-3	2.09587E-3
5.66333E+0	-9.14551E-2	1.75230E-3	2.17869E-3
5.66309E+0	-9.13574E-2	1.96296E-3	2.22680E-3
5.66255E+0	-9.15527E-2	2.26964E-3	2.12497E-3
5.66226E+0	-9.16016E-2	2.36932E-3	2.09587E-3
5.66294E+0	-9.18457E-2	2.06520E-3	1.92518E-3
5.66382E+0	-9.19922E-2	1.06955E-3	1.79909E-3
5.66460E+0	-9.23340E-2	1.53548E-3	1.40441E-3
5.66533E+0	-9.20898E-2	2.15256E-3	1.70281E-3
5.66528E+0	-9.21875E-2	2.12497E-3	1.59472E-3
5.66572E+0	-9.19922E-2	2.32468E-3	1.79909E-3
5.66567E+0	-9.21387E-2	2.30753E-3	1.65038E-3
5.66582E+0	-9.24316E-2	2.35556E-3	1.25211E-3
5.66582E+0	-9.21875E-2	2.35556E-3	1.59472E-3
5.66621E+0	-9.23340E-2	2.43597E-3	1.40441E-3
5.66636E+0	-9.22852E-2	2.44928E-3	1.47222E-3
5.66582E+0	-9.22363E-2	2.35556E-3	1.53548E-3
5.66626E+0	-9.24805E-2	2.44141E-3	1.16545E-3
5.66626E+0	-9.24316E-2	2.44141E-3	1.25211E-3
5.66665E+0	-9.24316E-2	2.44928E-3	1.25211E-3
5.66938E+0	-9.26270E-2	1.84860E-3	8.37142E-4
5.67490E+0	-9.27734E-2	2.36168E-3	0.00000E+0
5.67837E+0	-9.27734E-2	1.25211E-3	0.00000E+0
5.67871E+0	-9.27246E-2	0.00000E+0	4.88281E-4
5.67871E+0	-9.27734E-2	0.00000E+0	0.00000E+0
5.67871E+0	-9.27734E-2	0.00000E+0	0.00000E+0
5.67871E+0	-9.27734E-2	0.00000E+0	0.00000E+0
5.67871E+0	-9.27734E-2	0.00000E+0	0.00000E+0
5.67871E+0	-9.27734E-2	0.00000E+0	0.00000E+0
5.67871E+0	-9.27734E-2	0.00000E+0	0.00000E+0
5.67871E+0	-9.27734E-2	0.00000E+0	0.00000E+0
5.67871E+0	-9.27734E-2	0.00000E+0	0.00000E+0
5.67871E+0	-9.27734E-2	0.00000E+0	0.00000E+0
5.67871E+0	-9.27734E-2	0.00000E+0	0.00000E+0
5.67871E+0	-9.27246E-2	0.00000E+0	4.88281E-4
5.67871E+0	-9.27734E-2	0.00000E+0	0.00000E+0
5.67871E+0	-9.27734E-2	0.00000E+0	0.00000E+0
5.67871E+0	-9.27734E-2	0.00000E+0	0.00000E+0
5.67871E+0	-9.27734E-2	0.00000E+0	0.00000E+0
5.67871E+0	-9.27734E-2	0.00000E+0	0.00000E+0
5.67871E+0	-9.27734E-2	0.00000E+0	0.00000E+0
5.67871E+0	-9.27734E-2	0.00000E+0	0.00000E+0
5.67871E+0	-9.27734E-2	0.00000E+0	0.00000E+0
5.67871E+0	-9.27734E-2	0.00000E+0	0.00000E+0
5.67871E+0	-9.27246E-2	0.00000E+0	4.88281E-4
5.67871E+0	-9.27734E-2	0.00000E+0	0.00000E+0
5.67871E+0	-9.27734E-2	0.00000E+0	0.00000E+0
5.67871E+0	-9.27734E-2	0.00000E+0	0.00000E+0
5.67871E+0	-9.27734E-2	0.00000E+0	0.00000E+0
5.67871E+0	-9.27734E-2	0.00000E+0	0.00000E+0
5.67871E+0	-9.27734E-2	0.00000E+0	0.00000E+0
5.67871E+0	-9.27734E-2	0.00000E+0	0.00000E+0
5.67871E+0	-9.27734E-2	0.00000E+0	0.00000E+0
5.67871E+0	-9.27734E-2	0.00000E+0	0.00000E+0
5.67871E+0	-9.27734E-2	0.00000E+0	0.00000E+0
5.67871E+0	-9.27734E-2	0.00000E+0	0.00000E+0
5.67876E+0	-9.27734E-2	4.88281E-4	0.00000E+0
5.67876E+0	-9.27734E-2	4.88281E-4	0.00000E+0
5.67876E+0	-9.27734E-2	4.88281E-4	0.00000E+0
5.67871E+0	-9.27734E-2	0.00000E+0	0.00000E+0
5.67871E+0	-9.27734E-2	0.00000E+0	0.00000E+0
5.67871E+0	-9.27734E-2	0.00000E+0	0.00000E+0
5.67876E+0	-9.27734E-2	4.88281E-4	0.00000E+0
5.67871E+0	-9.27734E-2	0.00000E+0	0.00000E+0
5.67876E+0	-9.27734E-2	4.88281E-4	0.00000E+0
5.67871E+0	-9.27734E-2	0.00000E+0	0.00000E+0
5.67876E+0	-9.27734E-2	4.88281E-4	0.00000E+0
5.67871E+0	-9.27246E-2	0.00000E+0	4.88281E-4
5.67871E+0	-9.27734E-2	0.00000E+0	0.00000E+0
5.67871E+0	-9.27734E-2	0.00000E+0	0.00000E+0
5.67871E+0	-9.27734E-2	0.00000E+0	0.00000E+0
5.67871E+0	-9.27734E-2	0.00000E+0	0.00000E+0
5.67876E+0	-9.27734E-2	4.88281E-4	0.00000E+0
5.67871E+0	-9.27734E-2	0.00000E+0	0.00000E+0
5.67876E+0	-9.27734E-2	4.88281E-4	0.00000E+0
5.67876E+0	-9.27734E-2	4.88281E-4	0.00000E+0
5.67876E+0	-9.27734E-2	4.88281E-4	0.00000E+0
5.67871E+0	-9.27734E-2	0.00000E+0	0.00000E+0
5.67876E+0	-9.27734E-2	4.88281E-4	0.00000E+0
5.67876E+0	-9.27734E-2	4.88281E-4	0.00000E+0
5.67876E+0	-9.27734E-2	4.88281E-4	0.00000E+0
5.67886E+0	-9.27734E-2	8.37142E-4	0.00000E+0
5.68267E+0	-9.27734E-2	2.04646E-3	0.00000E+0
5.68999E+0	-9.27734E-2	2.47277E-3	0.00000E+0
5.69663E+0	-9.27734E-2	2.30753E-3	0.00000E+0
5.69824E+0	-9.27246E-2	0.00000E+0	4.88281E-4
5.69863E+0	-9.27734E-2	1.33135E-3	0.00000E+0
5.69912E+0	-9.27734E-2	1.88537E-3	0.00000E+0
5.69873E+0	-9.27246E-2	1.47222E-3	4.88281E-4
5.69858E+0	-9.27734E-2	1.25211E-3	0.00000E+0
5.69937E+0	-9.27246E-2	2.06520E-3	4.88281E-4
5.69863E+0	-9.27734E-2	1.33135E-3	0.00000E+0
5.69897E+0	-9.27734E-2	1.75230E-3	0.00000E+0
5.69937E+0	-9.27734E-2	2.06520E-3	0.00000E+0
5.69893E+0	-9.27734E-2	1.70281E-3	0.00000E+0
5.69917E+0	-9.27734E-2	1.92518E-3	0.00000E+0
5.70273E+0	-9.27734E-2	1.65402E-3	0.00000E+0
5.70771E+0	-9.27734E-2	1.67428E-3	0.00000E+0
5.70957E+0	-9.27734E-2	2.28919E-3	0.00000E+0
5.71060E+0	-9.28223E-2	2.44928E-3	4.88281E-4
5.71211E+0	-9.27734E-2	1.79909E-3	0.00000E+0
5.71284E+0	-9.27734E-2	4.88281E-4	0.00000E+0
5.71299E+0	-9.27734E-2	6.87038E-4	0.00000E+0
5.71426E+0	-9.27734E-2	2.20342E-3	0.00000E+0
5.71494E+0	-9.27734E-2	2.42209E-3	0.00000E+0
5.71484E+0	-9.27734E-2	2.40413E-3	0.00000E+0
5.71445E+0	-9.27734E-2	2.28919E-3	0.00000E+0
5.71436E+0	-9.27734E-2	2.24886E-3	0.00000E+0
5.71504E+0	-9.27734E-2	2.43597E-3	0.00000E+0
5.71553E+0	-9.28711E-2	2.44584E-3	6.87038E-4
5.71699E+0	-9.27734E-2	1.79909E-3	0.00000E+0
5.72144E+0	-9.27734E-2	2.89288E-3	0.00000E+0
5.72734E+0	-9.27734E-2	9.61652E-4	0.00000E+0
5.72754E+0	-9.28223E-2	0.00000E+0	4.88281E-4
5.72754E+0	-9.27734E-2	0.00000E+0	0.00000E+0
5.72754E+0	-9.27734E-2	0.00000E+0	0.00000E+0
5.72754E+0	-9.27734E-2	0.00000E+0	0.00000E+0
5.72754E+0	-9.27734E-2	0.00000E+0	0.00000E+0
5.72754E+0	-9.27734E-2	0.00000E+0	0.00000E+0
5.72754E+0	-9.27734E-2	0.00000E+0	0.00000E+0
5.72754E+0	-9.27734E-2	0.00000E+0	0.00000E+0
5.72754E+0	-9.28223E-2	0.00000E+0	4.88281E-4
5.72754E+0	-9.27734E-2	0.00000E+0	0.00000E+0
5.72754E+0	-9.27734E-2	0.00000E+0	0.00000E+0
5.72754E+0	-9.27734E-2	0.00000E+0	0.00000E+0
5.72837E+0	-9.27734E-2	1.84338E-3	0.00000E+0
5.73516E+0	-9.27734E-2	2.43597E-3	0.00000E+0
5.73940E+0	-9.27734E-2	2.42954E-3	0.00000E+0
5.74448E+0	-9.28223E-2	2.44928E-3	4.88281E-4
5.74546E+0	-9.27734E-2	2.30753E-3	0.00000E+0
5.74590E+0	-9.27734E-2	2.09587E-3	0.00000E+0
5.74609E+0	-9.27734E-2	1.96296E-3	0.00000E+0
5.74619E+0	-9.27734E-2	1.88537E-3	0.00000E+0
5.74619E+0	-9.27734E-2	1.88537E-3	0.00000E+0
5.74629E+0	-9.27734E-2	1.79909E-3	0.00000E+0
5.74663E+0	-9.28223E-2	1.40441E-3	4.88281E-4
5.74678E+0	-9.28223E-2	1.16545E-3	4.88281E-4
5.74707E+0	-9.27734E-2	6.94013E-4	0.00000E+0
5.74707E+0	-9.28223E-2	0.00000E+0	4.88281E-4
5.74712E+0	-9.27734E-2	4.88281E-4	0.00000E+0
5.74756E+0	-9.27734E-2	1.47222E-3	0.00000E+0
5.75469E+0	-9.28223E-2	2.43597E-3	4.88281E-4
5.76294E+0	-9.27734E-2	3.13268E-3	0.00000E+0
5.76660E+0	-9.27734E-2	0.00000E+0	0.00000E+0
5.76680E+0	-9.27734E-2	9.61652E-4	0.00000E+0
5.76685E+0	-9.27734E-2	1.06955E-3	0.00000E+0
5.76680E+0	-9.27734E-2	9.61652E-4	0.00000E+0
5.76685E+0	-9.27734E-2	1.06955E-3	0.00000E+0
5.76670E+0	-9.27734E-2	6.87038E-4	0.00000E+0
5.76680E+0	-9.27734E-2	9.61652E-4	0.00000E+0
5.76685E+0	-9.27734E-2	1.06955E-3	0.00000E+0
5.76699E+0	-9.27734E-2	1.33135E-3	0.00000E+0
5.76689E+0	-9.27734E-2	1.16545E-3	0.00000E+0
5.76685E+0	-9.27734E-2	1.06955E-3	0.00000E+0
5.76729E+0	-9.28711E-2	1.70281E-3	6.87038E-4
5.76709E+0	-9.28711E-2	1.47222E-3	6.87038E-4
5.76851E+0	-9.27734E-2	2.39359E-3	0.00000E+0
5.76836E+0	-9.27734E-2	2.35556E-3	0.00000E+0
5.77119E+0	-9.27734E-2	1.52367E-3	0.00000E+0
5.77241E+0	-9.27734E-2	1.92518E-3	0.00000E+0
5.77583E+0	-9.27734E-2	1.53548E-3	0.00000E+0
5.77637E+0	-9.28223E-2	0.00000E+0	4.88281E-4
5.77637E+0	-9.28223E-2	0.00000E+0	4.88281E-4
5.77637E+0	-9.28223E-2	0.00000E+0	4.88281E-4
5.77637E+0	-9.27734E-2	0.00000E+0	0.00000E+0
5.77637E+0	-9.27734E-2	0.00000E+0	0.00000E+0
5.77637E+0	-9.27734E-2	0.00000E+0	0.00000E+0
5.77637E+0	-9.27734E-2	0.00000E+0	0.00000E+0
5.77637E+0	-9.28223E-2	0.00000E+0	4.88281E-4
5.77637E+0	-9.27734E-2	0.00000E+0	0.00000E+0
5.77637E+0	-9.27734E-2	0.00000E+0	0.00000E+0
5.77642E+0	-9.28223E-2	4.88281E-4	4.88281E-4
5.77964E+0	-9.27734E-2	2.30753E-3	0.00000E+0
5.78301E+0	-9.27734E-2	2.35556E-3	0.00000E+0
5.78569E+0	-9.27734E-2	1.40441E-3	0.00000E+0
5.78589E+0	-9.28223E-2	1.06955E-3	4.88281E-4
5.78599E+0	-9.27734E-2	8.37142E-4	0.00000E+0
5.78633E+0	-9.28711E-2	9.61652E-4	6.87038E-4
5.78682E+0	-9.28223E-2	1.70281E-3	4.88281E-4
5.78657E+0	-9.27734E-2	1.40441E-3	0.00000E+0
5.78755E+0	-9.27734E-2	2.22680E-3	0.00000E+0
5.78818E+0	-9.27734E-2	2.42209E-3	0.00000E+0
5.78906E+0	-9.27734E-2	2.40413E-3	0.00000E+0
5.78936E+0	-9.27734E-2	2.32468E-3	0.00000E+0
5.78911E+0	-9.27734E-2	2.39359E-3	0.00000E+0
5.79023E+0	-9.27734E-2	1.79909E-3	0.00000E+0
5.79390E+0	-9.27734E-2	2.41363E-3	0.00000E+0
5.79722E+0	-9.27734E-2	2.17869E-3	0.00000E+0
5.80059E+0	-9.27734E-2	9.61652E-4	0.00000E+0
5.80098E+0	-9.27734E-2	9.61652E-4	0.00000E+0
5.80166E+0	-9.27734E-2	1.88537E-3	0.00000E+0
5.80200E+0	-9.27734E-2	2.12497E-3	0.00000E+0
5.80420E+0	-9.28223E-2	2.24886E-3	4.88281E-4
5.80479E+0	-9.28223E-2	1.88537E-3	4.88281E-4
5.80503E+0	-9.28223E-2	1.65038E-3	4.88281E-4
5.80488E+0	-9.27734E-2	1.79909E-3	0.00000E+0
5.80503E+0	-9.27734E-2	1.65038E-3	0.00000E+0
5.80469E+0	-9.27734E-2	1.96296E-3	0.00000E+0
5.80449E+0	-9.27734E-2	2.09587E-3	0.00000E+0
5.80503E+0	-9.27734E-2	1.65038E-3	0.00000E+0
5.80532E+0	-9.27734E-2	1.25211E-3	0.00000E+0
5.80693E+0	-9.28223E-2	2.15256E-3	4.88281E-4
5.81050E+0	-9.27734E-2	4.88281E-4	0.00000E+0
5.81294E+0	-9.28223E-2	2.45321E-3	4.88281E-4
5.81543E+0	-9.27734E-2	0.00000E+0	0.00000E+0
5.81543E+0	-9.27734E-2	0.00000E+0	0.00000E+0
5.81543E+0	-9.27734E-2	0.00000E+0	0.00000E+0
5.81543E+0	-9.28223E-2	0.00000E+0	4.88281E-4
5.81548E+0	-9.27734E-2	4.88281E-4	0.00000E+0
5.81851E+0	-9.28223E-2	2.36932E-3	4.88281E-4
5.82285E+0	-9.27734E-2	2.45174E-3	0.00000E+0
5.82524E+0	-9.27734E-2	4.88281E-4	0.00000E+0
5.82520E+0	-9.27734E-2	0.00000E+0	0.00000E+0
5.82520E+0	-9.27734E-2	0.00000E+0	0.00000E+0
5.82520E+0	-9.28223E-2	0.00000E+0	4.88281E-4
5.82520E+0	-9.27734E-2	0.00000E+0	0.00000E+0
5.82520E+0	-9.27734E-2	0.00000E+0	0.00000E+0
5.82524E+0	-9.28223E-2	4.88281E-4	4.88281E-4
5.82788E+0	-9.28711E-2	2.80839E-3	6.87038E-4
5.83477E+0	-9.27734E-2	9.61652E-4	0.00000E+0
5.83501E+0	-9.27734E-2	4.88281E-4	0.00000E+0
5.83496E+0	-9.28223E-2	0.00000E+0	4.88281E-4
5.83496E+0	-9.27734E-2	0.00000E+0	0.00000E+0
5.83501E+0	-9.27734E-2	4.88281E-4	0.00000E+0
5.83501E+0	-9.27734E-2	4.88281E-4	0.00000E+0
5.83496E+0	-9.27734E-2	0.00000E+0	0.00000E+0
5.83496E+0	-9.27734E-2	0.00000E+0	0.00000E+0
5.83516E+0	-9.27734E-2	9.61652E-4	0.00000E+0
5.83516E+0	-9.28223E-2	9.61652E-4	4.88281E-4
5.83501E+0	-9.28711E-2	4.88281E-4	6.87038E-4
5.83516E+0	-9.27734E-2	9.61652E-4	0.00000E+0
5.83506E+0	-9.29688E-2	6.87038E-4	9.61652E-4
5.83506E+0	-9.27734E-2	6.87038E-4	0.00000E+0
5.83506E+0	-9.27734E-2	6.87038E-4	0.00000E+0
5.83506E+0	-9.28223E-2	6.87038E-4	4.88281E-4
5.83511E+0	-9.28223E-2	8.37142E-4	4.88281E-4
5.83511E+0	-9.27734E-2	8.37142E-4	0.00000E+0
5.83506E+0	-9.28223E-2	6.87038E-4	4.88281E-4
5.83511E+0	-9.27734E-2	8.37142E-4	0.00000E+0
5.83511E+0	-9.28223E-2	8.37142E-4	4.88281E-4
5.83525E+0	-9.28223E-2	1.16545E-3	4.88281E-4
5.83823E+0	-9.29199E-2	2.30753E-3	8.37142E-4
5.84907E+0	-9.27734E-2	2.67848E-3	0.00000E+0
5.85405E+0	-9.27734E-2	1.56653E-3	0.00000E+0
5.85469E+0	-9.28711E-2	9.61652E-4	6.87038E-4
5.85498E+0	-9.27734E-2	1.47222E-3	0.00000E+0
5.85688E+0	-9.28223E-2	2.45321E-3	4.88281E-4
5.85938E+0	-9.28223E-2	0.00000E+0	4.88281E-4
5.85938E+0	-9.28223E-2	0.00000E+0	4.88281E-4
5.85938E+0	-9.28223E-2	0.00000E+0	4.88281E-4
5.85942E+0	-9.28223E-2	4.88281E-4	4.88281E-4
5.85938E+0	-9.27734E-2	0.00000E+0	0.00000E+0
5.85938E+0	-9.27734E-2	0.00000E+0	0.00000E+0
5.85942E+0	-9.28711E-2	4.88281E-4	6.87038E-4
5.85938E+0	-9.27734E-2	0.00000E+0	0.00000E+0
5.85938E+0	-9.27734E-2	0.00000E+0	0.00000E+0
5.85938E+0	-9.27734E-2	0.00000E+0	0.00000E+0
5.85938E+0	-9.28223E-2	0.00000E+0	4.88281E-4
5.86343E+0	-9.27734E-2	2.86611E-3	0.00000E+0
5.87129E+0	-9.27734E-2	2.43597E-3	0.00000E+0
5.87402E+0	-9.28223E-2	0.00000E+0	4.88281E-4
5.87402E+0	-9.28223E-2	0.00000E+0	4.88281E-4
5.87402E+0	-9.27734E-2	0.00000E+0	0.00000E+0
5.87402E+0	-9.27734E-2	0.00000E+0	0.00000E+0
5.87490E+0	-9.27734E-2	1.88537E-3	0.00000E+0
5.87617E+0	-9.27734E-2	2.43597E-3	0.00000E+0
5.87593E+0	-9.27734E-2	2.39359E-3	0.00000E+0
5.87642E+0	-9.27734E-2	2.45321E-3	0.00000E+0
5.87642E+0	-9.27734E-2	2.45321E-3	0.00000E+0
5.87661E+0	-9.27734E-2	2.44928E-3	0.00000E+0
5.87681E+0	-9.27734E-2	2.42954E-3	0.00000E+0
5.87642E+0	-9.27734E-2	2.45321E-3	0.00000E+0
5.87520E+0	-9.27734E-2	2.09587E-3	0.00000E+0
5.87720E+0	-9.28223E-2	2.34069E-3	4.88281E-4
5.88232E+0	-9.28711E-2	3.14228E-3	6.87038E-4
5.89028E+0	-9.28223E-2	2.30753E-3	4.88281E-4
5.89312E+0	-9.27734E-2	1.40441E-3	0.00000E+0
5.89351E+0	-9.27734E-2	4.88281E-4	0.00000E+0
5.89355E+0	-9.28223E-2	0.00000E+0	4.88281E-4
5.89355E+0	-9.28223E-2	0.00000E+0	4.88281E-4
5.89331E+0	-9.28223E-2	1.06955E-3	4.88281E-4
5.89355E+0	-9.27734E-2	0.00000E+0	0.00000E+0
5.89351E+0	-9.27734E-2	4.88281E-4	0.00000E+0
5.89351E+0	-9.27734E-2	4.88281E-4	0.00000E+0
5.89346E+0	-9.27734E-2	6.87038E-4	0.00000E+0
5.89351E+0	-9.28223E-2	4.88281E-4	4.88281E-4
5.89326E+0	-9.28711E-2	1.16545E-3	6.87038E-4
5.89341E+0	-9.28223E-2	8.37142E-4	4.88281E-4
5.89355E+0	-9.28223E-2	0.00000E+0	4.88281E-4
5.89355E+0	-9.27734E-2	0.00000E+0	0.00000E+0
5.89355E+0	-9.27734E-2	0.00000E+0	0.00000E+0
5.89360E+0	-9.29199E-2	4.88281E-4	8.37142E-4
5.89629E+0	-9.27734E-2	2.43597E-3	0.00000E+0
5.90020E+0	-9.29199E-2	2.35556E-3	8.37142E-4
5.90356E+0	-9.27734E-2	1.06955E-3	0.00000E+0
5.90371E+0	-9.28711E-2	1.33135E-3	6.87038E-4
5.90435E+0	-9.27734E-2	1.99883E-3	0.00000E+0
5.90410E+0	-9.28223E-2	1.79909E-3	4.88281E-4
5.90522E+0	-9.27734E-2	2.39359E-3	0.00000E+0
5.90591E+0	-9.27734E-2	2.44928E-3	0.00000E+0
5.90596E+0	-9.27734E-2	2.44584E-3	0.00000E+0
5.90767E+0	-9.27734E-2	1.53548E-3	0.00000E+0
5.90723E+0	-9.27734E-2	1.96296E-3	0.00000E+0
5.90771E+0	-9.27734E-2	1.47222E-3	0.00000E+0
5.90811E+0	-9.27734E-2	6.87038E-4	0.00000E+0
5.90820E+0	-9.28223E-2	0.00000E+0	4.88281E-4
5.90815E+0	-9.28223E-2	4.88281E-4	4.88281E-4
5.90820E+0	-9.27734E-2	0.00000E+0	0.00000E+0
5.90811E+0	-9.27734E-2	6.87038E-4	0.00000E+0
5.90815E+0	-9.27734E-2	4.88281E-4	0.00000E+0
5.91138E+0	-9.27734E-2	2.34069E-3	0.00000E+0
5.91528E+0	-9.27734E-2	2.44141E-3	0.00000E+0
5.91797E+0	-9.28223E-2	6.94013E-4	4.88281E-4
5.92178E+0	-9.27734E-2	2.03288E-3	0.00000E+0
5.92285E+0	-9.27734E-2	0.00000E+0	0.00000E+0
5.92290E+0	-9.27734E-2	4.88281E-4	0.00000E+0
5.92285E+0	-9.27734E-2	0.00000E+0	0.00000E+0
5.92295E+0	-9.28223E-2	6.87038E-4	4.88281E-4
5.92305E+0	-9.28223E-2	9.61652E-4	4.88281E-4
5.92295E+0	-9.27734E-2	6.87038E-4	0.00000E+0
5.92290E+0	-9.28223E-2	4.88281E-4	4.88281E-4
5.92300E+0	-9.28223E-2	8.37142E-4	4.88281E-4
5.92285E+0	-9.28223E-2	0.00000E+0	4.88281E-4
5.92295E+0	-9.27734E-2	6.87038E-4	0.00000E+0
5.92290E+0	-9.27734E-2	4.88281E-4	0.00000E+0
5.92295E+0	-9.27734E-2	6.87038E-4	0.00000E+0
5.92354E+0	-9.27734E-2	1.70281E-3	0.00000E+0
5.92852E+0	-9.27734E-2	2.16372E-3	0.00000E+0
5.93418E+0	-9.27734E-2	2.49072E-3	0.00000E+0
5.93716E+0	-9.27734E-2	1.25211E-3	0.00000E+0
5.93730E+0	-9.28223E-2	9.61652E-4	4.88281E-4
5.93730E+0	-9.27734E-2	9.61652E-4	0.00000E+0
5.93750E+0	-9.27734E-2	0.00000E+0	0.00000E+0
5.93750E+0	-9.28223E-2	0.00000E+0	4.88281E-4
5.93750E+0	-9.27734E-2	0.00000E+0	0.00000E+0
5.93750E+0	-9.28223E-2	0.00000E+0	4.88281E-4
5.93750E+0	-9.28223E-2	0.00000E+0	4.88281E-4
5.93750E+0	-9.27734E-2	0.00000E+0	0.00000E+0
5.93750E+0	-9.27734E-2	0.00000E+0	0.00000E+0
5.93750E+0	-9.27734E-2	0.00000E+0	0.00000E+0
5.93750E+0	-9.28223E-2	0.00000E+0	4.88281E-4
5.93750E+0	-9.27734E-2	0.00000E+0	0.00000E+0
5.93750E+0	-9.28223E-2	0.00000E+0	4.88281E-4
5.93750E+0	-9.27734E-2	0.00000E+0	0.00000E+0
5.93750E+0	-9.27734E-2	0.00000E+0	0.00000E+0
5.93750E+0	-9.27734E-2	0.00000E+0	0.00000E+0
5.93750E+0	-9.27734E-2	0.00000E+0	0.00000E+0
5.93750E+0	-9.27734E-2	0.00000E+0	0.00000E+0
5.94043E+0	-9.28711E-2	2.40413E-3	6.87038E-4
5.94331E+0	-9.27734E-2	1.92518E-3	0.00000E+0
5.94668E+0	-9.28223E-2	1.59472E-3	4.88281E-4
5.94731E+0	-9.27734E-2	4.88281E-4	0.00000E+0
5.94780E+0	-9.27734E-2	1.53548E-3	0.00000E+0
5.94775E+0	-9.28223E-2	1.47222E-3	4.88281E-4
5.94790E+0	-9.28711E-2	1.65038E-3	6.87038E-4
5.95107E+0	-9.27734E-2	2.03288E-3	0.00000E+0
5.95220E+0	-9.27734E-2	4.88281E-4	0.00000E+0
5.95215E+0	-9.27734E-2	0.00000E+0	0.00000E+0
5.95229E+0	-9.28711E-2	8.37142E-4	6.87038E-4
5.95220E+0	-9.27734E-2	4.88281E-4	0.00000E+0
5.95215E+0	-9.28711E-2	0.00000E+0	6.87038E-4
5.95273E+0	-9.27734E-2	1.59472E-3	0.00000E+0
5.95698E+0	-9.27734E-2	1.47141E-3	0.00000E+0
5.96143E+0	-9.28223E-2	1.62760E-3	4.88281E-4
5.96353E+0	-9.28223E-2	2.30753E-3	4.88281E-4
5.96675E+0	-9.28711E-2	4.88281E-4	6.87038E-4
5.96680E+0	-9.28223E-2	0.00000E+0	4.88281E-4
5.96685E+0	-9.28711E-2	4.88281E-4	6.87038E-4
5.96685E+0	-9.27734E-2	4.88281E-4	0.00000E+0
5.96694E+0	-9.27734E-2	8.37142E-4	0.00000E+0
5.96694E+0	-9.27734E-2	8.37142E-4	0.00000E+0
5.96685E+0	-9.27734E-2	4.88281E-4	0.00000E+0
5.96685E+0	-9.29199E-2	4.88281E-4	8.37142E-4
5.96680E+0	-9.27734E-2	0.00000E+0	0.00000E+0
5.96685E+0	-9.27734E-2	4.88281E-4	0.00000E+0
5.96685E+0	-9.28223E-2	4.88281E-4	4.88281E-4
5.96680E+0	-9.28223E-2	0.00000E+0	4.88281E-4
5.96719E+0	-9.28711E-2	1.33135E-3	6.87038E-4
5.97129E+0	-9.29199E-2	1.65402E-3	8.37142E-4
5.97544E+0	-9.27734E-2	2.06520E-3	0.00000E+0
5.97656E+0	-9.27734E-2	0.00000E+0	0.00000E+0
5.97798E+0	-9.27734E-2	2.22680E-3	0.00000E+0
5.98203E+0	-9.27734E-2	1.87255E-3	0.00000E+0
5.98496E+0	-9.27734E-2	2.20342E-3	0.00000E+0
5.98535E+0	-9.28223E-2	1.96296E-3	4.88281E-4
5.98521E+0	-9.28223E-2	2.06520E-3	4.88281E-4
5.98564E+0	-9.27734E-2	1.70281E-3	0.00000E+0
5.98511E+0	-9.27734E-2	2.12497E-3	0.00000E+0
5.98511E+0	-9.28223E-2	2.12497E-3	4.88281E-4
5.98569E+0	-9.27734E-2	1.65038E-3	0.00000E+0
5.98530E+0	-9.27734E-2	1.99883E-3	0.00000E+0
5.98491E+0	-9.27734E-2	2.22680E-3	0.00000E+0
5.98428E+0	-9.27734E-2	2.42209E-3	0.00000E+0
5.98452E+0	-9.27734E-2	2.36932E-3	0.00000E+0
5.98491E+0	-9.28223E-2	2.22680E-3	4.88281E-4
5.98438E+0	-9.27734E-2	2.40413E-3	0.00000E+0
5.98462E+0	-9.28223E-2	2.34069E-3	4.88281E-4
5.98477E+0	-9.28223E-2	2.28919E-3	4.88281E-4
5.98633E+0	-9.27734E-2	1.20207E-3	0.00000E+0
5.99038E+0	-9.27734E-2	1.84338E-3	0.00000E+0
5.99199E+0	-9.27734E-2	1.79909E-3	0.00000E+0
5.99355E+0	-9.28223E-2	2.45174E-3	4.88281E-4
5.99429E+0	-9.27734E-2	2.36932E-3	0.00000E+0
5.99604E+0	-9.28711E-2	4.88281E-4	6.87038E-4
5.99609E+0	-9.27734E-2	0.00000E+0	0.00000E+0
5.99609E+0	-9.27734E-2	0.00000E+0	0.00000E+0
5.99609E+0	-9.27734E-2	0.00000E+0	0.00000E+0
5.99609E+0	-9.27734E-2	0.00000E+0	0.00000E+0
5.99609E+0	-9.28223E-2	0.00000E+0	4.88281E-4
5.99609E+0	-9.28223E-2	0.00000E+0	4.88281E-4
5.99609E+0	-9.27734E-2	0.00000E+0	0.00000E+0
5.99609E+0	-9.28223E-2	0.00000E+0	4.88281E-4
5.99609E+0	-9.27734E-2	0.00000E+0	0.00000E+0
5.99609E+0	-9.28223E-2	0.00000E+0	4.88281E-4
5.99609E+0	-9.27734E-2	0.00000E+0	0.00000E+0
5.99609E+0	-9.27734E-2	0.00000E+0	0.00000E+0
5.99609E+0	-9.28223E-2	0.00000E+0	4.88281E-4
5.99609E+0	-9.27734E-2	0.00000E+0	0.00000E+0
5.99609E+0	-9.27734E-2	0.00000E+0	0.00000E+0
5.99609E+0	-9.29199E-2	0.00000E+0	8.37142E-4
5.99609E+0	-9.27734E-2	0.00000E+0	0.00000E+0
5.99609E+0	-9.27734E-2	0.00000E+0	0.00000E+0
5.99609E+0	-9.29199E-2	0.00000E+0	8.37142E-4
5.99609E+0	-9.27734E-2	0.00000E+0	0.00000E+0
5.99609E+0	-9.27734E-2	0.00000E+0	0.00000E+0
5.99609E+0	-9.27734E-2	0.00000E+0	0.00000E+0
5.99609E+0	-9.28223E-2	0.00000E+0	4.88281E-4
5.99609E+0	-9.27734E-2	0.00000E+0	0.00000E+0
5.99609E+0	-9.28223E-2	0.00000E+0	4.88281E-4
5.99795E+0	-9.28223E-2	2.38199E-3	4.88281E-4
6.00435E+0	-9.27734E-2	2.26964E-3	0.00000E+0
6.01074E+0	-9.27734E-2	2.19466E-3	0.00000E+0
6.01343E+0	-9.27734E-2	2.44141E-3	0.00000E+0
6.01558E+0	-9.28223E-2	4.88281E-4	4.88281E-4
6.01563E+0	-9.27734E-2	0.00000E+0	0.00000E+0
6.01563E+0	-9.27734E-2	0.00000E+0	0.00000E+0
6.01563E+0	-9.28223E-2	0.00000E+0	4.88281E-4
6.01563E+0	-9.27734E-2	0.00000E+0	0.00000E+0
6.01563E+0	-9.27734E-2	0.00000E+0	0.00000E+0
6.01563E+0	-9.28711E-2	0.00000E+0	6.87038E-4
6.01563E+0	-9.28223E-2	0.00000E+0	4.88281E-4
6.01563E+0	-9.27734E-2	0.00000E+0	0.00000E+0
6.02046E+0	-9.28223E-2	2.45321E-3	4.88281E-4
6.02524E+0	-9.27734E-2	8.37142E-4	0.00000E+0
6.02573E+0	-9.27734E-2	1.25211E-3	0.00000E+0
6.02856E+0	-9.28711E-2	2.34069E-3	6.87038E-4
6.02920E+0	-9.28223E-2	2.03288E-3	4.88281E-4
6.02954E+0	-9.29199E-2	1.75230E-3	8.37142E-4
6.03008E+0	-9.28223E-2	9.61652E-4	4.88281E-4
6.03027E+0	-9.28223E-2	0.00000E+0	4.88281E-4
6.03027E+0	-9.27734E-2	0.00000E+0	0.00000E+0
6.03027E+0	-9.27734E-2	0.00000E+0	0.00000E+0
6.03027E+0	-9.28223E-2	0.00000E+0	4.88281E-4
6.03027E+0	-9.27734E-2	0.00000E+0	0.00000E+0
6.03027E+0	-9.28223E-2	0.00000E+0	4.88281E-4
6.03047E+0	-9.28223E-2	1.37408E-3	4.88281E-4
6.03037E+0	-9.28711E-2	9.76562E-4	6.87038E-4
6.03027E+0	-9.27734E-2	0.00000E+0	0.00000E+0
6.03115E+0	-9.27734E-2	2.80882E-3	0.00000E+0
6.03740E+0	-9.27734E-2	4.35738E-3	0.00000E+0
6.04092E+0	-9.27734E-2	1.88537E-3	0.00000E+0
6.04629E+0	-9.27734E-2	2.50999E-3	0.00000E+0
6.04980E+0	-9.27734E-2	0.00000E+0	0.00000E+0
6.04980E+0	-9.28223E-2	0.00000E+0	4.88281E-4
6.04990E+0	-9.27734E-2	6.87038E-4	0.00000E+0
6.04985E+0	-9.28223E-2	4.88281E-4	4.88281E-4
6.04995E+0	-9.27734E-2	8.37142E-4	0.00000E+0
6.04980E+0	-9.27734E-2	0.00000E+0	0.00000E+0
6.04995E+0	-9.27734E-2	8.37142E-4	0.00000E+0
6.05029E+0	-9.27734E-2	1.47222E-3	0.00000E+0
6.05044E+0	-9.27734E-2	1.65038E-3	0.00000E+0
6.05059E+0	-9.28223E-2	1.79909E-3	4.88281E-4
6.05068E+0	-9.27734E-2	1.88537E-3	0.00000E+0
6.05063E+0	-9.28223E-2	1.84338E-3	4.88281E-4
6.05078E+0	-9.27734E-2	1.96296E-3	0.00000E+0
6.05083E+0	-9.27734E-2	1.99883E-3	0.00000E+0
6.05166E+0	-9.28711E-2	2.38199E-3	6.87038E-4
6.05190E+0	-9.27734E-2	2.42954E-3	0.00000E+0
6.05513E+0	-9.27734E-2	1.56653E-3	0.00000E+0
6.05908E+0	-9.27734E-2	1.47222E-3	0.00000E+0
6.06079E+0	-9.27734E-2	2.12497E-3	0.00000E+0
6.06382E+0	-9.28223E-2	1.65038E-3	4.88281E-4
6.06421E+0	-9.29199E-2	1.06955E-3	8.37142E-4
6.06436E+0	-9.27734E-2	6.87038E-4	0.00000E+0
6.06445E+0	-9.27734E-2	0.00000E+0	0.00000E+0
6.06445E+0	-9.27734E-2	0.00000E+0	0.00000E+0
6.06440E+0	-9.27734E-2	4.88281E-4	0.00000E+0
6.06445E+0	-9.27734E-2	0.00000E+0	0.00000E+0
6.06445E+0	-9.27734E-2	0.00000E+0	0.00000E+0
6.06445E+0	-9.27734E-2	0.00000E+0	0.00000E+0
6.06445E+0	-9.27734E-2	6.94013E-4	0.00000E+0
6.06455E+0	-9.27734E-2	6.87038E-4	0.00000E+0
6.06470E+0	-9.28223E-2	1.06955E-3	4.88281E-4
6.06543E+0	-9.27734E-2	1.96296E-3	0.00000E+0
6.06509E+0	-9.27734E-2	1.65038E-3	0.00000E+0
6.06499E+0	-9.27734E-2	1.53548E-3	0.00000E+0
6.06514E+0	-9.27734E-2	1.70281E-3	0.00000E+0
6.06826E+0	-9.28223E-2	2.03288E-3	4.88281E-4
6.07012E+0	-9.27734E-2	1.79909E-3	0.00000E+0
6.07368E+0	-9.27734E-2	1.53548E-3	0.00000E+0
6.07480E+0	-9.27734E-2	1.59472E-3	0.00000E+0
6.07822E+0	-9.27734E-2	1.88537E-3	0.00000E+0
6.07910E+0	-9.28223E-2	0.00000E+0	4.88281E-4
6.07910E+0	-9.28223E-2	0.00000E+0	4.88281E-4
6.07910E+0	-9.27734E-2	0.00000E+0	0.00000E+0
6.07930E+0	-9.27734E-2	9.61652E-4	0.00000E+0
6.07925E+0	-9.28223E-2	8.37142E-4	4.88281E-4
6.07915E+0	-9.27734E-2	4.88281E-4	0.00000E+0
6.07915E+0	-9.27734E-2	4.88281E-4	0.00000E+0
6.07925E+0	-9.27734E-2	8.37142E-4	0.00000E+0
6.07920E+0	-9.27734E-2	6.87038E-4	0.00000E+0
6.07925E+0	-9.27734E-2	8.37142E-4	0.00000E+0
6.07915E+0	-9.29199E-2	4.88281E-4	8.37142E-4
6.07910E+0	-9.28223E-2	0.00000E+0	4.88281E-4
6.07910E+0	-9.28223E-2	0.00000E+0	4.88281E-4
6.07954E+0	-9.28223E-2	1.40441E-3	4.88281E-4
6.08486E+0	-9.27734E-2	2.53861E-3	0.00000E+0
6.08887E+0	-9.27734E-2	0.00000E+0	0.00000E+0
6.09170E+0	-9.28711E-2	2.42209E-3	6.87038E-4
6.09604E+0	-9.27734E-2	2.44928E-3	0.00000E+0
6.09634E+0	-9.27734E-2	2.44928E-3	0.00000E+0
6.09551E+0	-9.28223E-2	2.35556E-3	4.88281E-4
6.09561E+0	-9.27734E-2	2.38199E-3	0.00000E+0
6.09580E+0	-9.27734E-2	2.42209E-3	0.00000E+0
6.09556E+0	-9.28223E-2	2.36932E-3	4.88281E-4
6.09629E+0	-9.27734E-2	2.45174E-3	0.00000E+0
6.09595E+0	-9.27734E-2	2.44141E-3	0.00000E+0
6.09692E+0	-9.28223E-2	2.34069E-3	4.88281E-4
6.09487E+0	-9.27734E-2	2.06520E-3	0.00000E+0
6.09541E+0	-9.27734E-2	2.32468E-3	0.00000E+0
6.09561E+0	-9.27734E-2	2.38199E-3	0.00000E+0
6.09609E+0	-9.27734E-2	2.45174E-3	0.00000E+0
6.09507E+0	-9.27734E-2	2.28656E-3	0.00000E+0
6.09761E+0	-9.27734E-2	1.99883E-3	0.00000E+0
6.09849E+0	-9.27734E-2	8.37142E-4	0.00000E+0
6.09863E+0	-9.28223E-2	0.00000E+0	4.88281E-4
6.10103E+0	-9.27734E-2	2.45321E-3	0.00000E+0
6.10439E+0	-9.27734E-2	1.88537E-3	0.00000E+0
6.10801E+0	-9.28223E-2	1.33135E-3	4.88281E-4
6.10820E+0	-9.27734E-2	9.61652E-4	0.00000E+0
6.10835E+0	-9.28711E-2	4.88281E-4	6.87038E-4
6.10840E+0	-9.28223E-2	0.00000E+0	4.88281E-4
6.10840E+0	-9.28223E-2	0.00000E+0	4.88281E-4
6.10840E+0	-9.29688E-2	0.00000E+0	9.61652E-4
6.10835E+0	-9.27734E-2	4.88281E-4	0.00000E+0
6.10840E+0	-9.27734E-2	0.00000E+0	0.00000E+0
6.10840E+0	-9.27734E-2	0.00000E+0	0.00000E+0
6.10840E+0	-9.27734E-2	0.00000E+0	0.00000E+0
6.10840E+0	-9.28711E-2	0.00000E+0	6.87038E-4
6.10840E+0	-9.28223E-2	0.00000E+0	4.88281E-4
6.10835E+0	-9.28223E-2	4.88281E-4	4.88281E-4
6.11230E+0	-9.28223E-2	1.96296E-3	4.88281E-4
6.11445E+0	-9.27734E-2	2.09587E-3	0.00000E+0
6.11807E+0	-9.27734E-2	9.76562E-4	0.00000E+0
6.12222E+0	-9.27734E-2	1.84338E-3	0.00000E+0
6.12510E+0	-9.28223E-2	2.42209E-3	4.88281E-4
6.12632E+0	-9.27734E-2	2.30753E-3	0.00000E+0
6.12637E+0	-9.27734E-2	2.28919E-3	0.00000E+0
6.12622E+0	-9.28223E-2	2.34069E-3	4.88281E-4
6.12666E+0	-9.27734E-2	2.15256E-3	0.00000E+0
6.12632E+0	-9.27734E-2	2.30753E-3	0.00000E+0
6.12666E+0	-9.27734E-2	2.15256E-3	0.00000E+0
6.12651E+0	-9.28223E-2	2.22680E-3	4.88281E-4
6.12734E+0	-9.27734E-2	1.59472E-3	0.00000E+0
6.12749E+0	-9.28223E-2	1.40441E-3	4.88281E-4
6.12783E+0	-9.27734E-2	6.87038E-4	0.00000E+0
6.12773E+0	-9.28223E-2	9.61652E-4	4.88281E-4
6.12754E+0	-9.27734E-2	1.33135E-3	0.00000E+0
6.12837E+0	-9.27734E-2	1.40441E-3	0.00000E+0
6.13428E+0	-9.28223E-2	2.45371E-3	4.88281E-4
6.13882E+0	-9.27734E-2	2.06520E-3	0.00000E+0
6.14248E+0	-9.27734E-2	6.87038E-4	0.00000E+0
6.14263E+0	-9.27734E-2	8.48571E-4	0.00000E+0
6.14272E+0	-9.28223E-2	8.37142E-4	4.88281E-4
6.14302E+0	-9.27734E-2	1.40441E-3	0.00000E+0
6.14292E+0	-9.27734E-2	1.25211E-3	0.00000E+0
6.14287E+0	-9.27734E-2	1.16545E-3	0.00000E+0
6.14277E+0	-9.27734E-2	9.61652E-4	0.00000E+0
6.14307E+0	-9.27734E-2	1.47222E-3	0.00000E+0
6.14365E+0	-9.27734E-2	2.03288E-3	0.00000E+0
6.14316E+0	-9.27734E-2	1.59472E-3	0.00000E+0
6.14302E+0	-9.29199E-2	1.40441E-3	8.37142E-4
6.14360E+0	-9.27734E-2	1.99883E-3	0.00000E+0
6.14346E+0	-9.27734E-2	1.88537E-3	0.00000E+0
6.14580E+0	-9.28223E-2	2.32468E-3	4.88281E-4
6.15000E+0	-9.27734E-2	2.45174E-3	0.00000E+0
6.15454E+0	-9.27734E-2	2.44141E-3	0.00000E+0
6.15718E+0	-9.28711E-2	4.88281E-4	6.87038E-4
6.15723E+0	-9.27734E-2	0.00000E+0	0.00000E+0
6.15732E+0	-9.27734E-2	6.87038E-4	0.00000E+0
6.15781E+0	-9.28223E-2	1.59472E-3	4.88281E-4
6.15786E+0	-9.27734E-2	1.65038E-3	0.00000E+0
6.15830E+0	-9.28223E-2	2.03288E-3	4.88281E-4
6.15874E+0	-9.27734E-2	2.26964E-3	0.00000E+0
6.15830E+0	-9.27734E-2	2.03288E-3	0.00000E+0
6.15869E+0	-9.27734E-2	2.24886E-3	0.00000E+0
6.15889E+0	-9.28711E-2	2.32468E-3	6.87038E-4
6.15879E+0	-9.27734E-2	2.28919E-3	0.00000E+0
6.15864E+0	-9.27734E-2	2.22680E-3	0.00000E+0
6.15869E+0	-9.28223E-2	2.24886E-3	4.88281E-4
6.15918E+0	-9.28223E-2	2.40413E-3	4.88281E-4
6.15825E+0	-9.28223E-2	1.99883E-3	4.88281E-4
6.15840E+0	-9.27734E-2	2.09587E-3	0.00000E+0
6.15801E+0	-9.28223E-2	1.79909E-3	4.88281E-4
6.15840E+0	-9.27734E-2	2.09587E-3	0.00000E+0
6.15850E+0	-9.28711E-2	2.15256E-3	6.87038E-4
6.15879E+0	-9.28223E-2	2.28919E-3	4.88281E-4
6.15854E+0	-9.27734E-2	2.17869E-3	0.00000E+0
6.15825E+0	-9.27734E-2	1.99883E-3	0.00000E+0
6.15815E+0	-9.27734E-2	1.92518E-3	0.00000E+0
6.15840E+0	-9.27734E-2	2.09587E-3	0.00000E+0
6.15815E+0	-9.27734E-2	1.92518E-3	0.00000E+0
6.15801E+0	-9.27734E-2	1.79909E-3	0.00000E+0
6.15859E+0	-9.28223E-2	2.20342E-3	4.88281E-4
6.15933E+0	-9.27734E-2	2.42954E-3	0.00000E+0
6.15933E+0	-9.27734E-2	2.42954E-3	0.00000E+0
6.15859E+0	-9.27734E-2	2.20342E-3	0.00000E+0
6.15796E+0	-9.27734E-2	1.75230E-3	0.00000E+0
6.15835E+0	-9.27734E-2	2.06520E-3	0.00000E+0
6.15840E+0	-9.27734E-2	2.09587E-3	0.00000E+0
6.15811E+0	-9.27734E-2	1.88537E-3	0.00000E+0
6.15820E+0	-9.28223E-2	1.96296E-3	4.88281E-4
6.15781E+0	-9.28223E-2	1.59472E-3	4.88281E-4
6.15874E+0	-9.27734E-2	2.26964E-3	0.00000E+0
6.15898E+0	-9.28223E-2	2.35556E-3	4.88281E-4
6.15884E+0	-9.27734E-2	2.30753E-3	0.00000E+0
6.15942E+0	-9.29199E-2	2.44141E-3	8.37142E-4
6.15864E+0	-9.27734E-2	2.22680E-3	0.00000E+0
6.15903E+0	-9.27734E-2	2.36932E-3	0.00000E+0
6.15898E+0	-9.27734E-2	2.35556E-3	0.00000E+0
6.15962E+0	-9.27734E-2	2.45321E-3	0.00000E+0
6.15898E+0	-9.27734E-2	2.35556E-3	0.00000E+0
6.15918E+0	-9.28223E-2	2.40413E-3	4.88281E-4
6.15962E+0	-9.27734E-2	2.45321E-3	0.00000E+0
6.15962E+0	-9.27734E-2	2.45321E-3	0.00000E+0
6.15947E+0	-9.28223E-2	2.44584E-3	4.88281E-4
6.16011E+0	-9.27734E-2	2.41363E-3	0.00000E+0
6.15996E+0	-9.28223E-2	2.43597E-3	4.88281E-4
6.16006E+0	-9.27734E-2	2.42209E-3	0.00000E+0
