5.21919E+0	4.02832E-1	1.53548E-3	9.77795E-3
5.21934E+0	4.03320E-1	1.33135E-3	9.83933E-3
5.21924E+0	4.03369E-1	1.47222E-3	9.51317E-3
5.21934E+0	4.02734E-1	1.33135E-3	9.89984E-3
5.21909E+0	3.98779E-1	1.65038E-3	9.10335E-3
5.21899E+0	4.00244E-1	1.75230E-3	9.37444E-3
5.21919E+0	4.00244E-1	1.53548E-3	9.34871E-3
5.21904E+0	3.98877E-1	1.70281E-3	9.58379E-3
5.21909E+0	3.97412E-1	1.65038E-3	9.58881E-3
5.21924E+0	3.95898E-1	1.47222E-3	9.11987E-3
5.21919E+0	3.93457E-1	1.53548E-3	9.54564E-3
5.21919E+0	3.93555E-1	1.53548E-3	9.15466E-3
5.21895E+0	3.88672E-1	1.79909E-3	9.28526E-3
5.21895E+0	3.84912E-1	1.79909E-3	8.99691E-3
5.21875E+0	3.84570E-1	1.96296E-3	9.54413E-3
5.21909E+0	3.83838E-1	1.65038E-3	9.09911E-3
5.21841E+0	3.83936E-1	2.17869E-3	8.98619E-3
5.21870E+0	3.83203E-1	1.99883E-3	8.90070E-3
5.21880E+0	3.83057E-1	1.92518E-3	9.11181E-3
5.21890E+0	3.84131E-1	1.84338E-3	9.26072E-3
5.21934E+0	3.85400E-1	1.33135E-3	9.10864E-3
5.21924E+0	3.84375E-1	1.47222E-3	9.39048E-3
5.21904E+0	3.86182E-1	1.70281E-3	9.02470E-3
5.21899E+0	3.87549E-1	1.75230E-3	9.19809E-3
5.21880E+0	3.86230E-1	1.92518E-3	9.19403E-3
5.21895E+0	3.82666E-1	1.79909E-3	8.46169E-3
5.21890E+0	3.83740E-1	1.84338E-3	8.83593E-3
5.21904E+0	3.86328E-1	1.70281E-3	9.57335E-3
5.21890E+0	3.86035E-1	1.84338E-3	9.22854E-3
5.21938E+0	3.85254E-1	1.25211E-3	9.29822E-3
5.21895E+0	3.85205E-1	1.79909E-3	9.38574E-3
5.21919E+0	3.85937E-1	1.53548E-3	9.30909E-3
5.21934E+0	3.86279E-1	1.33135E-3	9.23050E-3
5.21865E+0	3.84521E-1	2.03288E-3	9.11181E-3
5.21924E+0	3.83496E-1	1.47222E-3	8.76272E-3
5.21929E+0	3.81982E-1	1.40441E-3	8.85662E-3
5.21899E+0	3.81152E-1	1.75230E-3	9.01736E-3
5.21914E+0	3.81445E-1	1.59472E-3	9.16202E-3
5.21909E+0	3.78955E-1	1.65038E-3	8.83048E-3
5.21899E+0	3.79102E-1	1.75230E-3	9.00934E-3
5.21880E+0	3.76025E-1	1.92518E-3	9.47766E-3
5.21924E+0	3.77344E-1	1.47222E-3	9.39048E-3
5.21860E+0	3.77930E-1	2.06520E-3	9.43959E-3
5.21899E+0	3.76563E-1	1.75230E-3	9.52291E-3
5.21895E+0	3.76758E-1	1.79909E-3	9.32976E-3
5.21899E+0	3.77588E-1	1.75230E-3	9.23467E-3
5.21924E+0	3.77148E-1	1.47222E-3	9.76858E-3
5.21948E+0	3.78564E-1	1.06955E-3	9.24510E-3
5.21904E+0	3.77295E-1	1.70281E-3	9.33325E-3
5.21909E+0	3.79785E-1	1.65038E-3	9.19613E-3
5.21904E+0	3.78809E-1	1.70281E-3	8.94658E-3
5.21914E+0	3.81396E-1	1.59472E-3	9.04602E-3
5.21904E+0	3.78320E-1	1.70281E-3	9.42632E-3
5.21943E+0	3.76074E-1	1.16545E-3	9.59094E-3
5.21875E+0	3.71045E-1	1.96296E-3	9.50303E-3
5.21909E+0	3.73047E-1	1.65038E-3	9.81482E-3
5.21924E+0	3.71973E-1	1.47222E-3	1.00902E-2
5.21953E+0	3.68262E-1	9.61652E-4	9.94111E-3
5.21958E+0	3.70459E-1	8.37142E-4	9.70762E-3
5.21968E+0	3.73389E-1	4.88281E-4	9.72745E-3
5.21968E+0	3.74561E-1	4.88281E-4	9.34459E-3
5.21968E+0	3.70850E-1	4.88281E-4	9.37238E-3
5.21963E+0	3.71387E-1	6.87038E-4	9.53655E-3
5.21968E+0	3.76904E-1	4.88281E-4	9.45731E-3
5.21953E+0	3.71143E-1	9.61652E-4	9.52834E-3
5.21943E+0	3.72314E-1	1.16545E-3	9.19076E-3
5.21953E+0	3.68994E-1	9.61652E-4	9.42057E-3
5.21973E+0	3.70459E-1	0.00000E+0	9.40522E-3
5.21968E+0	3.71191E-1	4.88281E-4	9.48997E-3
5.21963E+0	3.68506E-1	6.87038E-4	9.40009E-3
5.21968E+0	3.66309E-1	4.88281E-4	9.43908E-3
5.21973E+0	3.65381E-1	0.00000E+0	9.18237E-3
5.21973E+0	3.63477E-1	0.00000E+0	9.82267E-3
5.21968E+0	3.67871E-1	4.88281E-4	9.67196E-3
5.21973E+0	3.70605E-1	0.00000E+0	9.52847E-3
5.21948E+0	3.68018E-1	1.06955E-3	9.25031E-3
5.21968E+0	3.71387E-1	4.88281E-4	9.20241E-3
5.21973E+0	3.70020E-1	0.00000E+0	9.32615E-3
5.21973E+0	3.66943E-1	0.00000E+0	9.67582E-3
5.21973E+0	3.67334E-1	0.00000E+0	9.53744E-3
5.21968E+0	3.60156E-1	4.88281E-4	9.36583E-3
5.21968E+0	3.61914E-1	4.88281E-4	9.16202E-3
5.21968E+0	3.70410E-1	4.88281E-4	1.02709E-2
5.21968E+0	3.76367E-1	4.88281E-4	9.68341E-3
5.21968E+0	3.77539E-1	4.88281E-4	9.41098E-3
5.21968E+0	3.73486E-1	4.88281E-4	9.32395E-3
5.21968E+0	3.73828E-1	4.88281E-4	9.42223E-3
5.21968E+0	3.74561E-1	4.88281E-4	9.26695E-3
5.21968E+0	3.73096E-1	4.88281E-4	1.00834E-2
5.21953E+0	3.72852E-1	9.61652E-4	9.62954E-3
5.21963E+0	3.77148E-1	6.87038E-4	9.46812E-3
5.21968E+0	3.72607E-1	4.88281E-4	1.01690E-2
5.21973E+0	3.63574E-1	0.00000E+0	8.97989E-3
5.21958E+0	3.62793E-1	8.37142E-4	9.32408E-3
5.21973E+0	3.63818E-1	0.00000E+0	8.90110E-3
5.21973E+0	3.62891E-1	0.00000E+0	9.20398E-3
5.21958E+0	3.67236E-1	8.37142E-4	9.72349E-3
5.21963E+0	3.74170E-1	6.87038E-4	9.53239E-3
5.21968E+0	3.77344E-1	4.88281E-4	9.41609E-3
5.21963E+0	3.74609E-1	6.87038E-4	9.49251E-3
5.21953E+0	3.70312E-1	9.61652E-4	9.30391E-3
5.21948E+0	3.69043E-1	1.06955E-3	9.44419E-3
5.21938E+0	3.66602E-1	1.25211E-3	9.50772E-3
5.21938E+0	3.67578E-1	1.25211E-3	9.28733E-3
5.21968E+0	3.67139E-1	4.88281E-4	9.32912E-3
5.21963E+0	3.73633E-1	6.87038E-4	9.42632E-3
5.21958E+0	3.79248E-1	8.37142E-4	9.12976E-3
5.21968E+0	3.80566E-1	4.88281E-4	9.07062E-3
5.21973E+0	3.82178E-1	0.00000E+0	9.35901E-3
5.21973E+0	3.79053E-1	0.00000E+0	9.45629E-3
5.21973E+0	3.74902E-1	0.00000E+0	9.40330E-3
5.21973E+0	3.71533E-1	0.00000E+0	9.20960E-3
5.21973E+0	3.62500E-1	0.00000E+0	9.61953E-3
5.21973E+0	3.67920E-1	0.00000E+0	9.47461E-3
5.21968E+0	3.64307E-1	4.88281E-4	9.73834E-3
5.21963E+0	3.68555E-1	6.87038E-4	9.37508E-3
5.21973E+0	3.69043E-1	0.00000E+0	9.54564E-3
5.21973E+0	3.64404E-1	0.00000E+0	9.55762E-3
5.21963E+0	3.63477E-1	6.87038E-4	9.37097E-3
5.21968E+0	3.61133E-1	4.88281E-4	8.74897E-3
5.21968E+0	3.60693E-1	4.88281E-4	8.93243E-3
5.21953E+0	3.60742E-1	9.61652E-4	9.26656E-3
5.21968E+0	3.58447E-1	4.88281E-4	8.72623E-3
5.21938E+0	3.57764E-1	1.25211E-3	8.80207E-3
5.21973E+0	3.56104E-1	0.00000E+0	9.16136E-3
5.21958E+0	3.58398E-1	8.37142E-4	9.07539E-3
5.21953E+0	3.59619E-1	9.61652E-4	8.78893E-3
5.21963E+0	3.57471E-1	6.87038E-4	8.56466E-3
5.21963E+0	3.59180E-1	6.87038E-4	9.03070E-3
5.21968E+0	3.60400E-1	4.88281E-4	9.35490E-3
5.21968E+0	3.60449E-1	4.88281E-4	8.78906E-3
5.21958E+0	3.57129E-1	8.37142E-4	8.91530E-3
5.21958E+0	3.59033E-1	8.37142E-4	9.29705E-3
5.21963E+0	3.60254E-1	6.87038E-4	9.16990E-3
5.21973E+0	3.53271E-1	0.00000E+0	8.53875E-3
5.21958E+0	3.54199E-1	8.37142E-4	8.81751E-3
5.21934E+0	3.55078E-1	1.33135E-3	8.35933E-3
5.21953E+0	3.52539E-1	9.61652E-4	8.75117E-3
5.21943E+0	3.53223E-1	1.16545E-3	8.59063E-3
5.21943E+0	3.57520E-1	1.16545E-3	9.85351E-3
5.21904E+0	3.58203E-1	1.70281E-3	9.27280E-3
5.21929E+0	3.62988E-1	1.40441E-3	9.16044E-3
5.21943E+0	3.58545E-1	1.16545E-3	8.84029E-3
5.21870E+0	3.62939E-1	1.99883E-3	9.93808E-3
5.21812E+0	3.63525E-1	2.30753E-3	9.67582E-3
5.21885E+0	3.56006E-1	1.88537E-3	8.99798E-3
5.21846E+0	3.60498E-1	2.15256E-3	9.31258E-3
5.21875E+0	3.61865E-1	1.96296E-3	9.48782E-3
5.21948E+0	3.57324E-1	1.06955E-3	9.19089E-3
5.21929E+0	3.63477E-1	1.40441E-3	9.03070E-3
5.21929E+0	3.66016E-1	1.40441E-3	9.33492E-3
5.21919E+0	3.59570E-1	1.53548E-3	9.14202E-3
5.21934E+0	3.58301E-1	1.33135E-3	8.85458E-3
5.21943E+0	3.63428E-1	1.16545E-3	9.31775E-3
5.21958E+0	3.63770E-1	8.37142E-4	9.62904E-3
5.21948E+0	3.68604E-1	1.06955E-3	9.40112E-3
5.21948E+0	3.64844E-1	1.06955E-3	9.10401E-3
5.21963E+0	3.62012E-1	6.87038E-4	8.96916E-3
5.21934E+0	3.62891E-1	1.33135E-3	9.15150E-3
5.21943E+0	3.67871E-1	1.16545E-3	9.39407E-3
5.21968E+0	3.67725E-1	4.88281E-4	9.17292E-3
5.21958E+0	3.66748E-1	8.37142E-4	9.51317E-3
5.21948E+0	3.66846E-1	1.06955E-3	9.55762E-3
5.21953E+0	3.64844E-1	9.61652E-4	9.18302E-3
5.21968E+0	3.60645E-1	4.88281E-4	9.25981E-3
5.21953E+0	3.53662E-1	9.61652E-4	9.10864E-3
5.21943E+0	3.54248E-1	1.16545E-3	8.62295E-3
5.21929E+0	3.51709E-1	1.40441E-3	8.70855E-3
5.21924E+0	3.57178E-1	1.47222E-3	9.52531E-3
5.21953E+0	3.65967E-1	9.61652E-4	9.62591E-3
5.21943E+0	3.69727E-1	1.16545E-3	9.36480E-3
5.21958E+0	3.68945E-1	8.37142E-4	9.67445E-3
5.21948E+0	3.64258E-1	1.06955E-3	9.23324E-3
5.21978E+0	3.59033E-1	4.88281E-4	8.90002E-3
5.21973E+0	3.55811E-1	0.00000E+0	9.17187E-3
5.21973E+0	3.54687E-1	0.00000E+0	8.62700E-3
5.22041E+0	3.54492E-1	1.70281E-3	8.94173E-3
5.22178E+0	3.53809E-1	2.42209E-3	8.70758E-3
5.22388E+0	3.52295E-1	1.75230E-3	8.67863E-3
5.22441E+0	3.50293E-1	9.61652E-4	8.43218E-3
5.22441E+0	3.48975E-1	9.61652E-4	8.87292E-3
5.22437E+0	3.46680E-1	1.06955E-3	8.99543E-3
5.22422E+0	3.43359E-1	1.33135E-3	8.43961E-3
5.22432E+0	3.39697E-1	1.16545E-3	8.45030E-3
5.22759E+0	3.34863E-1	2.39359E-3	8.70094E-3
5.23164E+0	3.29492E-1	2.43597E-3	8.54172E-3
5.23496E+0	3.25391E-1	1.59472E-3	8.84751E-3
5.23892E+0	3.24316E-1	1.25211E-3	8.47662E-3
5.23921E+0	3.26270E-1	4.88281E-4	9.03230E-3
5.23911E+0	3.29639E-1	8.37142E-4	8.54214E-3
5.23926E+0	3.29395E-1	0.00000E+0	8.34029E-3
5.23926E+0	3.28027E-1	0.00000E+0	8.84369E-3
5.23921E+0	3.29443E-1	8.48571E-4	8.70855E-3
5.23926E+0	3.35889E-1	0.00000E+0	8.78673E-3
5.23926E+0	3.38916E-1	0.00000E+0	8.53085E-3
5.23926E+0	3.37256E-1	0.00000E+0	8.56354E-3
5.23921E+0	3.34131E-1	8.48571E-4	8.61960E-3
5.23916E+0	3.30127E-1	6.87038E-4	8.44003E-3
5.24072E+0	3.25830E-1	2.24886E-3	8.74718E-3
5.24570E+0	3.22168E-1	2.28919E-3	7.85124E-3
5.24946E+0	3.21582E-1	1.56653E-3	7.88308E-3
5.25342E+0	3.21338E-1	1.47222E-3	8.20272E-3
5.25391E+0	3.21436E-1	0.00000E+0	7.88415E-3
5.25391E+0	3.23047E-1	0.00000E+0	8.32005E-3
5.25391E+0	3.25049E-1	0.00000E+0	8.78564E-3
5.25391E+0	3.25098E-1	0.00000E+0	8.61750E-3
5.25391E+0	3.23828E-1	0.00000E+0	8.41102E-3
5.25391E+0	3.23389E-1	0.00000E+0	8.58039E-3
5.25391E+0	3.22510E-1	0.00000E+0	8.42518E-3
5.25391E+0	3.21729E-1	0.00000E+0	8.20859E-3
5.25391E+0	3.21289E-1	0.00000E+0	8.09351E-3
5.25967E+0	3.20508E-1	4.82726E-3	8.07921E-3
5.26499E+0	3.18701E-1	2.17869E-3	8.20742E-3
5.27041E+0	3.13672E-1	2.57627E-3	7.85554E-3
5.27471E+0	3.04834E-1	2.15256E-3	7.95107E-3
5.27559E+0	3.00098E-1	2.43597E-3	8.04636E-3
5.27646E+0	2.97949E-1	2.38199E-3	8.00314E-3
5.27642E+0	2.95068E-1	2.39359E-3	8.01141E-3
5.27607E+0	2.94580E-1	2.44584E-3	7.94501E-3
5.27593E+0	2.94043E-1	2.45321E-3	7.68382E-3
5.27588E+0	2.93018E-1	2.45371E-3	8.10823E-3
5.27451E+0	2.89209E-1	2.03288E-3	7.78579E-3
5.27466E+0	2.89453E-1	2.12497E-3	7.97602E-3
5.27695E+0	2.87744E-1	2.20342E-3	7.85968E-3
5.27998E+0	2.82861E-1	2.32468E-3	7.79815E-3
5.28701E+0	2.72900E-1	2.03288E-3	7.90977E-3
5.29204E+0	2.56738E-1	1.92518E-3	9.21183E-3
5.29297E+0	2.41064E-1	0.00000E+0	9.14558E-3
5.29297E+0	2.34570E-1	0.00000E+0	7.69447E-3
5.29297E+0	2.31104E-1	0.00000E+0	6.20957E-3
5.29287E+0	2.30273E-1	6.87038E-4	6.15758E-3
5.29292E+0	2.28857E-1	4.88281E-4	6.53460E-3
5.29297E+0	2.27197E-1	0.00000E+0	6.60060E-3
5.29297E+0	2.25879E-1	0.00000E+0	6.64297E-3
5.29297E+0	2.29248E-1	0.00000E+0	7.77093E-3
5.29297E+0	2.22559E-1	0.00000E+0	7.15136E-3
5.29297E+0	2.21729E-1	0.00000E+0	6.47685E-3
5.29297E+0	2.26123E-1	0.00000E+0	6.49912E-3
5.29297E+0	2.25049E-1	0.00000E+0	6.55080E-3
5.29297E+0	2.22656E-1	0.00000E+0	6.28455E-3
5.29297E+0	2.24756E-1	0.00000E+0	6.49023E-3
5.29297E+0	2.20947E-1	0.00000E+0	6.95313E-3
5.29297E+0	2.23877E-1	0.00000E+0	7.86335E-3
5.29297E+0	2.25439E-1	0.00000E+0	6.69480E-3
5.29297E+0	2.24902E-1	0.00000E+0	6.50375E-3
5.29297E+0	2.26172E-1	0.00000E+0	6.43152E-3
5.29297E+0	2.31494E-1	0.00000E+0	7.73116E-3
5.29292E+0	2.32813E-1	4.88281E-4	8.03018E-3
5.29297E+0	2.28662E-1	0.00000E+0	8.75268E-3
5.29297E+0	2.24805E-1	0.00000E+0	6.76155E-3
5.29297E+0	2.28955E-1	0.00000E+0	6.79619E-3
5.29297E+0	2.28711E-1	0.00000E+0	6.46289E-3
5.29297E+0	2.27686E-1	0.00000E+0	6.34766E-3
5.29297E+0	2.30225E-1	0.00000E+0	7.77093E-3
5.29297E+0	2.27393E-1	0.00000E+0	6.48280E-3
5.29297E+0	2.31055E-1	0.00000E+0	6.90115E-3
5.29297E+0	2.27832E-1	0.00000E+0	7.11896E-3
5.29297E+0	2.25391E-1	0.00000E+0	6.71867E-3
5.29297E+0	2.27002E-1	0.00000E+0	6.78200E-3
5.29297E+0	2.26025E-1	0.00000E+0	6.18003E-3
5.29297E+0	2.27393E-1	0.00000E+0	6.33246E-3
5.29297E+0	2.28955E-1	0.00000E+0	6.58014E-3
5.29297E+0	2.31104E-1	0.00000E+0	6.90726E-3
5.29297E+0	2.39209E-1	0.00000E+0	9.37547E-3
5.29297E+0	2.39600E-1	0.00000E+0	8.75818E-3
5.29297E+0	2.32959E-1	0.00000E+0	6.98492E-3
5.29297E+0	2.36670E-1	0.00000E+0	8.51277E-3
5.29297E+0	2.35010E-1	0.00000E+0	7.81050E-3
5.29297E+0	2.31201E-1	0.00000E+0	7.19149E-3
5.29448E+0	2.23779E-1	2.26964E-3	6.69480E-3
5.29790E+0	2.18652E-1	4.88281E-4	6.92554E-3
5.29897E+0	2.10400E-1	2.06520E-3	6.73210E-3
5.30068E+0	2.02881E-1	2.42209E-3	6.74211E-3
5.30103E+0	1.89062E-1	2.34069E-3	7.01193E-3
5.30107E+0	1.71777E-1	2.32468E-3	6.91858E-3
5.30088E+0	1.62109E-1	2.38199E-3	6.16852E-3
5.30029E+0	1.58447E-1	2.45371E-3	5.56834E-3
5.30044E+0	1.57715E-1	2.44928E-3	5.39815E-3
5.29995E+0	1.57031E-1	2.42954E-3	5.36324E-3
5.30015E+0	1.56250E-1	2.44928E-3	4.90741E-3
5.29946E+0	1.56055E-1	2.30753E-3	5.23600E-3
5.29990E+0	1.57617E-1	2.42209E-3	5.33443E-3
5.30034E+0	1.59229E-1	2.45321E-3	5.67629E-3
5.30288E+0	1.58838E-1	1.46484E-3	5.74209E-3
5.30869E+0	1.52197E-1	2.46154E-3	5.33330E-3
5.31270E+0	1.42139E-1	9.61652E-4	5.92538E-3
5.31606E+0	1.28809E-1	2.17869E-3	6.50227E-3
5.31733E+0	1.16406E-1	4.88281E-4	5.08669E-3
5.31729E+0	1.09912E-1	6.87038E-4	4.41640E-3
5.31733E+0	1.05908E-1	4.88281E-4	4.63977E-3
5.31738E+0	9.91211E-2	0.00000E+0	4.73254E-3
5.31733E+0	9.20410E-2	4.88281E-4	4.46413E-3
5.31738E+0	8.68652E-2	0.00000E+0	4.51348E-3
5.31733E+0	8.43262E-2	4.88281E-4	4.27001E-3
5.31738E+0	8.23242E-2	0.00000E+0	4.22266E-3
5.31738E+0	8.06641E-2	0.00000E+0	4.01569E-3
5.31738E+0	7.92480E-2	0.00000E+0	4.09732E-3
5.31738E+0	7.87109E-2	0.00000E+0	4.40466E-3
5.31738E+0	7.96875E-2	0.00000E+0	4.49129E-3
5.31738E+0	8.06641E-2	0.00000E+0	4.01569E-3
5.32222E+0	7.46582E-2	3.36399E-3	4.51348E-3
5.32793E+0	5.97168E-2	1.79909E-3	6.31723E-3
5.33169E+0	4.09180E-2	1.25211E-3	6.12070E-3
5.33203E+0	2.97363E-2	0.00000E+0	3.67859E-3
5.33340E+0	2.02148E-2	2.20342E-3	4.04794E-3
5.33555E+0	1.20605E-2	2.20342E-3	3.06114E-3
5.33501E+0	7.37305E-3	2.39359E-3	2.64227E-3
5.33491E+0	9.71680E-3	2.41363E-3	2.45321E-3
5.33462E+0	1.13770E-2	2.44928E-3	2.30753E-3
5.33530E+0	9.71680E-3	2.30753E-3	2.64227E-3
5.33398E+0	5.22461E-3	2.40413E-3	3.48772E-3
5.33452E+0	-4.88281E-4	2.45321E-3	2.98506E-3
5.33442E+0	-2.14844E-3	2.45321E-3	2.43597E-3
5.33501E+0	-1.56250E-3	2.39359E-3	2.67713E-3
5.33662E+0	-2.05078E-3	1.16545E-3	2.42209E-3
5.33652E+0	-2.44141E-3	1.33135E-3	2.45371E-3
5.33687E+0	-2.73437E-3	4.88281E-4	2.43597E-3
5.33955E+0	-7.95898E-3	2.44584E-3	3.07683E-3
5.34448E+0	-1.93848E-2	2.44141E-3	4.35932E-3
5.34648E+0	-3.00293E-2	9.61652E-4	3.13268E-3
5.34673E+0	-3.74512E-2	4.88281E-4	2.50759E-3
5.34966E+0	-4.21875E-2	2.39359E-3	2.45567E-3
5.35112E+0	-4.56055E-2	1.40441E-3	2.32468E-3
5.35103E+0	-4.72168E-2	1.53548E-3	2.30753E-3
5.35151E+0	-4.79492E-2	4.88281E-4	1.88537E-3
5.35156E+0	-4.73145E-2	0.00000E+0	2.26964E-3
5.35151E+0	-4.74609E-2	4.88281E-4	2.20342E-3
5.35156E+0	-4.72168E-2	0.00000E+0	2.30753E-3
5.35151E+0	-4.71680E-2	4.88281E-4	2.32468E-3
5.35156E+0	-4.79004E-2	0.00000E+0	1.92518E-3
5.35156E+0	-4.84863E-2	0.00000E+0	1.25211E-3
5.35176E+0	-4.96582E-2	9.61652E-4	1.84338E-3
5.35610E+0	-5.65430E-2	1.43159E-3	3.41268E-3
5.35908E+0	-6.61133E-2	2.44584E-3	2.63542E-3
5.36108E+0	-6.85547E-2	1.75230E-3	9.61652E-4
5.36592E+0	-7.17773E-2	1.35644E-3	2.35351E-3
5.36733E+0	-7.35352E-2	2.06520E-3	1.16545E-3
5.36802E+0	-7.45117E-2	2.36932E-3	2.15256E-3
5.36782E+0	-7.60742E-2	2.30753E-3	2.42209E-3
5.36685E+0	-7.73438E-2	1.65038E-3	1.79909E-3
5.36724E+0	-7.77344E-2	1.99883E-3	1.33135E-3
5.36685E+0	-7.78809E-2	1.65038E-3	1.06955E-3
5.36729E+0	-7.80762E-2	2.03288E-3	4.88281E-4
5.36704E+0	-7.75391E-2	1.84338E-3	1.59472E-3
5.36689E+0	-7.81250E-2	1.70281E-3	0.00000E+0
5.36660E+0	-7.81250E-2	1.33135E-3	0.00000E+0
5.36655E+0	-7.84668E-2	1.25211E-3	1.25211E-3
5.36675E+0	-7.81738E-2	1.53548E-3	8.48571E-4
5.36680E+0	-7.81250E-2	1.59472E-3	0.00000E+0
5.36665E+0	-7.82227E-2	1.40441E-3	6.87038E-4
5.36646E+0	-7.82227E-2	1.06955E-3	6.87038E-4
5.36646E+0	-7.81738E-2	1.06955E-3	4.88281E-4
5.36699E+0	-7.81738E-2	1.79909E-3	4.88281E-4
5.36709E+0	-7.81738E-2	1.88537E-3	4.88281E-4
5.36763E+0	-7.81250E-2	2.22680E-3	0.00000E+0
5.36729E+0	-7.80762E-2	2.03288E-3	4.88281E-4
5.36685E+0	-7.80762E-2	1.65038E-3	4.88281E-4
5.36670E+0	-7.81250E-2	1.47222E-3	0.00000E+0
5.36650E+0	-7.81250E-2	1.16545E-3	0.00000E+0
5.36646E+0	-7.80762E-2	1.06955E-3	4.88281E-4
5.36675E+0	-7.81250E-2	1.53548E-3	0.00000E+0
5.36685E+0	-7.81738E-2	1.65038E-3	4.88281E-4
5.36689E+0	-7.81738E-2	1.70281E-3	4.88281E-4
5.36660E+0	-7.81250E-2	1.33135E-3	0.00000E+0
5.36675E+0	-7.91016E-2	1.53548E-3	1.96296E-3
5.36650E+0	-8.03223E-2	1.16545E-3	2.44141E-3
5.36665E+0	-7.89062E-2	1.40441E-3	1.79909E-3
5.36680E+0	-7.81250E-2	1.59472E-3	0.00000E+0
5.36650E+0	-7.82715E-2	1.16545E-3	8.37142E-4
5.36670E+0	-7.81738E-2	1.47222E-3	4.88281E-4
5.36641E+0	-7.82227E-2	9.61652E-4	6.87038E-4
5.36631E+0	-7.85156E-2	6.87038E-4	1.33135E-3
5.36699E+0	-7.81250E-2	1.79909E-3	0.00000E+0
5.36724E+0	-7.82227E-2	1.99883E-3	6.87038E-4
5.36694E+0	-7.88086E-2	1.75230E-3	1.70281E-3
5.36660E+0	-7.88574E-2	1.33135E-3	1.75230E-3
5.36665E+0	-7.91504E-2	1.40441E-3	1.99883E-3
5.36689E+0	-7.90039E-2	1.70281E-3	1.88537E-3
5.36724E+0	-7.91504E-2	1.99883E-3	1.99883E-3
5.36709E+0	-7.90039E-2	1.88537E-3	1.88537E-3
5.36733E+0	-7.89551E-2	2.06520E-3	1.84338E-3
5.36758E+0	-7.93457E-2	2.20342E-3	2.12497E-3
5.36934E+0	-8.08594E-2	2.35556E-3	2.43597E-3
5.37490E+0	-8.14941E-2	2.03288E-3	2.26964E-3
5.37964E+0	-8.16406E-2	2.12497E-3	2.20342E-3
5.38091E+0	-8.05664E-2	4.88281E-4	2.45371E-3
5.38091E+0	-8.15430E-2	4.88281E-4	2.24886E-3
5.38091E+0	-8.22266E-2	4.88281E-4	1.79909E-3
5.38096E+0	-8.21777E-2	6.87038E-4	1.84338E-3
5.38091E+0	-8.17871E-2	4.88281E-4	2.12497E-3
5.38086E+0	-8.14453E-2	0.00000E+0	2.28919E-3
5.38086E+0	-8.11523E-2	0.00000E+0	2.38199E-3
5.38091E+0	-8.13965E-2	4.88281E-4	2.30753E-3
5.38086E+0	-8.20312E-2	0.00000E+0	1.96296E-3
5.38091E+0	-8.21289E-2	4.88281E-4	1.88537E-3
5.38091E+0	-8.24707E-2	4.88281E-4	1.53548E-3
5.38091E+0	-8.19824E-2	4.88281E-4	1.99883E-3
5.38589E+0	-8.20801E-2	3.06114E-3	1.92518E-3
5.39058E+0	-8.16895E-2	4.88281E-4	2.17869E-3
5.39077E+0	-8.22754E-2	8.37142E-4	1.75230E-3
5.39106E+0	-8.21289E-2	1.40441E-3	1.88537E-3
5.39150E+0	-8.25684E-2	1.88537E-3	1.40441E-3
5.39219E+0	-8.27148E-2	2.28919E-3	1.16545E-3
5.39214E+0	-8.30078E-2	2.26964E-3	0.00000E+0
5.39351E+0	-8.30078E-2	2.41363E-3	0.00000E+0
5.39404E+0	-8.30078E-2	2.24886E-3	0.00000E+0
5.39478E+0	-8.29102E-2	1.75230E-3	6.87038E-4
5.39502E+0	-8.29590E-2	1.47222E-3	4.88281E-4
5.39458E+0	-8.30078E-2	1.92518E-3	0.00000E+0
5.39434E+0	-8.30566E-2	2.09587E-3	4.88281E-4
5.39429E+0	-8.30078E-2	2.12497E-3	0.00000E+0
5.39492E+0	-8.30078E-2	1.59472E-3	0.00000E+0
5.39468E+0	-8.30078E-2	1.84338E-3	0.00000E+0
5.39473E+0	-8.30078E-2	1.79909E-3	0.00000E+0
5.39473E+0	-8.30078E-2	1.79909E-3	0.00000E+0
5.39487E+0	-8.30078E-2	1.65038E-3	0.00000E+0
5.39512E+0	-8.30566E-2	1.33135E-3	4.88281E-4
5.39473E+0	-8.30078E-2	1.79909E-3	0.00000E+0
5.39502E+0	-8.30078E-2	1.47222E-3	0.00000E+0
5.39453E+0	-8.31055E-2	1.96296E-3	6.87038E-4
5.39399E+0	-8.42285E-2	2.26964E-3	2.12497E-3
5.39272E+0	-8.55469E-2	2.42954E-3	2.45174E-3
5.39478E+0	-8.64258E-2	1.75230E-3	2.24886E-3
5.39658E+0	-8.70605E-2	2.03288E-3	1.84338E-3
5.40078E+0	-8.77441E-2	1.50138E-3	8.37142E-4
5.40493E+0	-8.78418E-2	1.25211E-3	4.88281E-4
5.40518E+0	-8.78906E-2	6.87038E-4	0.00000E+0
5.40571E+0	-8.78906E-2	1.40441E-3	0.00000E+0
5.40937E+0	-8.78906E-2	1.79909E-3	0.00000E+0
5.40933E+0	-8.78906E-2	1.84338E-3	0.00000E+0
5.40928E+0	-8.78906E-2	1.88537E-3	0.00000E+0
5.41001E+0	-8.78906E-2	8.37142E-4	0.00000E+0
5.41006E+0	-8.78906E-2	6.87038E-4	0.00000E+0
5.41006E+0	-8.78906E-2	6.87038E-4	0.00000E+0
5.41021E+0	-8.78906E-2	4.88281E-4	0.00000E+0
5.41006E+0	-8.78906E-2	6.87038E-4	0.00000E+0
5.41006E+0	-8.78906E-2	6.87038E-4	0.00000E+0
5.41011E+0	-8.78906E-2	4.88281E-4	0.00000E+0
5.41001E+0	-8.78906E-2	8.37142E-4	0.00000E+0
5.40991E+0	-8.79395E-2	1.06955E-3	4.88281E-4
5.41011E+0	-8.79883E-2	4.88281E-4	6.87038E-4
5.41011E+0	-8.80371E-2	4.88281E-4	8.37142E-4
5.41006E+0	-8.81348E-2	6.87038E-4	1.06955E-3
5.41162E+0	-8.80371E-2	2.24886E-3	8.37142E-4
5.41504E+0	-8.80371E-2	0.00000E+0	8.37142E-4
5.41655E+0	-8.81836E-2	2.26964E-3	1.16545E-3
5.42114E+0	-8.81348E-2	2.12497E-3	1.06955E-3
5.42461E+0	-8.79395E-2	9.61652E-4	4.88281E-4
5.42480E+0	-8.79395E-2	0.00000E+0	4.88281E-4
5.42480E+0	-8.80371E-2	0.00000E+0	8.37142E-4
5.42480E+0	-8.80371E-2	0.00000E+0	8.37142E-4
5.42480E+0	-8.80371E-2	0.00000E+0	8.37142E-4
5.42476E+0	-8.81836E-2	4.88281E-4	1.16545E-3
5.42480E+0	-8.82324E-2	0.00000E+0	1.25211E-3
5.42480E+0	-8.80371E-2	0.00000E+0	8.37142E-4
5.42480E+0	-8.82324E-2	0.00000E+0	1.25211E-3
5.42480E+0	-8.81836E-2	0.00000E+0	1.16545E-3
5.42476E+0	-8.83301E-2	4.88281E-4	1.40441E-3
5.42476E+0	-8.83301E-2	4.88281E-4	1.40441E-3
5.42476E+0	-8.80859E-2	4.88281E-4	9.61652E-4
5.42461E+0	-8.82813E-2	9.61652E-4	1.33135E-3
5.42471E+0	-8.84277E-2	6.87038E-4	1.53548E-3
5.42471E+0	-8.85254E-2	6.87038E-4	1.65038E-3
5.42471E+0	-8.81836E-2	6.87038E-4	1.16545E-3
5.42471E+0	-8.82813E-2	6.87038E-4	1.33135E-3
5.42480E+0	-8.84766E-2	0.00000E+0	1.59472E-3
5.42466E+0	-8.81348E-2	8.37142E-4	1.06955E-3
5.42466E+0	-8.80371E-2	8.37142E-4	8.37142E-4
5.42471E+0	-8.80859E-2	6.87038E-4	9.61652E-4
5.42466E+0	-8.80859E-2	8.37142E-4	9.61652E-4
5.42622E+0	-8.79883E-2	2.22680E-3	6.87038E-4
5.43174E+0	-8.80371E-2	2.42209E-3	8.37142E-4
5.43496E+0	-8.78906E-2	1.33135E-3	0.00000E+0
5.43735E+0	-8.78906E-2	2.42954E-3	0.00000E+0
5.43848E+0	-8.78906E-2	1.96296E-3	0.00000E+0
5.43950E+0	-8.79395E-2	4.88281E-4	4.88281E-4
5.43950E+0	-8.79883E-2	4.88281E-4	6.87038E-4
5.43945E+0	-8.79883E-2	0.00000E+0	6.87038E-4
5.43970E+0	-8.79395E-2	1.06955E-3	4.88281E-4
5.43950E+0	-8.79883E-2	4.88281E-4	6.87038E-4
5.43940E+0	-8.80371E-2	4.88281E-4	8.37142E-4
5.43945E+0	-8.79883E-2	0.00000E+0	6.87038E-4
5.43926E+0	-8.79395E-2	9.61652E-4	4.88281E-4
5.43931E+0	-8.79883E-2	8.37142E-4	6.87038E-4
5.43945E+0	-8.79883E-2	6.94013E-4	6.87038E-4
5.44043E+0	-8.80371E-2	1.96296E-3	8.37142E-4
5.44238E+0	-8.79395E-2	2.40413E-3	4.88281E-4
5.44224E+0	-8.79883E-2	2.42954E-3	6.87038E-4
5.44263E+0	-8.78906E-2	2.34069E-3	0.00000E+0
5.44336E+0	-8.78906E-2	1.96296E-3	0.00000E+0
5.44302E+0	-8.79883E-2	2.17869E-3	6.87038E-4
5.44380E+0	-8.79883E-2	1.82236E-3	6.87038E-4
5.45176E+0	-8.79883E-2	4.93091E-3	6.87038E-4
5.45898E+0	-8.81836E-2	0.00000E+0	1.16545E-3
5.45898E+0	-8.81836E-2	0.00000E+0	1.16545E-3
5.45918E+0	-8.91602E-2	9.61652E-4	2.15256E-3
5.45957E+0	-8.99414E-2	1.59472E-3	2.42209E-3
5.45967E+0	-9.01855E-2	1.70281E-3	2.44928E-3
5.45972E+0	-8.99902E-2	1.75230E-3	2.42954E-3
5.45942E+0	-9.11621E-2	1.40441E-3	2.30753E-3
5.46011E+0	-9.17969E-2	2.06520E-3	1.96296E-3
5.45986E+0	-9.16504E-2	1.88537E-3	2.06520E-3
5.45991E+0	-9.19922E-2	1.92518E-3	1.79909E-3
5.46050E+0	-9.22363E-2	2.26964E-3	1.53548E-3
5.46074E+0	-9.22363E-2	2.35556E-3	1.53548E-3
5.45986E+0	-9.21387E-2	1.88537E-3	1.65038E-3
5.46074E+0	-9.19922E-2	2.35556E-3	1.79909E-3
5.46104E+0	-9.16992E-2	2.42209E-3	2.03288E-3
5.46089E+0	-9.21875E-2	2.39359E-3	1.59472E-3
5.46206E+0	-9.19922E-2	2.36932E-3	1.79909E-3
5.46611E+0	-9.20410E-2	2.44584E-3	1.75230E-3
5.47285E+0	-9.24316E-2	1.79909E-3	1.25211E-3
5.47373E+0	-9.26270E-2	6.87038E-4	8.37142E-4
5.47383E+0	-9.26270E-2	9.61652E-4	8.37142E-4
5.47451E+0	-9.27734E-2	1.88537E-3	0.00000E+0
5.47759E+0	-9.27246E-2	1.92518E-3	4.88281E-4
5.47788E+0	-9.27734E-2	1.65038E-3	0.00000E+0
5.47793E+0	-9.27246E-2	1.59472E-3	4.88281E-4
5.47764E+0	-9.27734E-2	1.88537E-3	0.00000E+0
5.47783E+0	-9.27734E-2	1.70281E-3	0.00000E+0
5.47778E+0	-9.27734E-2	1.75230E-3	0.00000E+0
5.47803E+0	-9.27734E-2	1.47222E-3	0.00000E+0
5.47808E+0	-9.27734E-2	1.40441E-3	0.00000E+0
5.47739E+0	-9.27734E-2	2.06520E-3	0.00000E+0
5.47725E+0	-9.27734E-2	2.15256E-3	0.00000E+0
5.47783E+0	-9.27246E-2	1.70281E-3	4.88281E-4
5.47827E+0	-9.27734E-2	1.06955E-3	0.00000E+0
5.47827E+0	-9.27734E-2	1.06955E-3	0.00000E+0
5.47842E+0	-9.27246E-2	6.87038E-4	4.88281E-4
5.48032E+0	-9.27734E-2	2.36932E-3	0.00000E+0
5.48569E+0	-9.28223E-2	2.44928E-3	4.88281E-4
5.48828E+0	-9.28223E-2	0.00000E+0	4.88281E-4
5.49097E+0	-9.27734E-2	2.44141E-3	0.00000E+0
5.49316E+0	-9.27734E-2	0.00000E+0	0.00000E+0
5.49316E+0	-9.27734E-2	0.00000E+0	0.00000E+0
5.49316E+0	-9.27734E-2	0.00000E+0	0.00000E+0
5.49316E+0	-9.27734E-2	0.00000E+0	0.00000E+0
5.49312E+0	-9.27734E-2	4.88281E-4	0.00000E+0
5.49316E+0	-9.27734E-2	0.00000E+0	0.00000E+0
5.49316E+0	-9.27734E-2	0.00000E+0	0.00000E+0
5.49316E+0	-9.27734E-2	0.00000E+0	0.00000E+0
5.49316E+0	-9.27734E-2	0.00000E+0	0.00000E+0
5.49316E+0	-9.27734E-2	0.00000E+0	0.00000E+0
5.49312E+0	-9.27734E-2	4.88281E-4	0.00000E+0
5.49312E+0	-9.27734E-2	4.88281E-4	0.00000E+0
5.49312E+0	-9.27734E-2	4.88281E-4	0.00000E+0
5.49316E+0	-9.27734E-2	0.00000E+0	0.00000E+0
5.49316E+0	-9.27734E-2	0.00000E+0	0.00000E+0
5.49316E+0	-9.27734E-2	0.00000E+0	0.00000E+0
5.49668E+0	-9.27734E-2	2.20342E-3	0.00000E+0
5.50010E+0	-9.27734E-2	2.42209E-3	0.00000E+0
5.50298E+0	-9.28223E-2	4.88281E-4	4.88281E-4
5.50312E+0	-9.27734E-2	9.61652E-4	0.00000E+0
5.50576E+0	-9.27734E-2	2.42209E-3	0.00000E+0
5.50781E+0	-9.28223E-2	0.00000E+0	4.88281E-4
5.50796E+0	-9.28223E-2	8.37142E-4	4.88281E-4
5.50825E+0	-9.27734E-2	1.40441E-3	0.00000E+0
5.50835E+0	-9.27734E-2	1.53548E-3	0.00000E+0
5.50815E+0	-9.27734E-2	1.25211E-3	0.00000E+0
5.50840E+0	-9.27734E-2	1.59472E-3	0.00000E+0
5.50820E+0	-9.27734E-2	1.33135E-3	0.00000E+0
5.50830E+0	-9.28223E-2	1.47222E-3	4.88281E-4
5.50908E+0	-9.27734E-2	2.15256E-3	0.00000E+0
5.50996E+0	-9.27734E-2	2.43597E-3	0.00000E+0
5.51021E+0	-9.27734E-2	2.45321E-3	0.00000E+0
5.50962E+0	-9.27734E-2	2.36932E-3	0.00000E+0
5.50869E+0	-9.28223E-2	1.88537E-3	4.88281E-4
5.50938E+0	-9.27734E-2	2.28919E-3	0.00000E+0
5.51147E+0	-9.27734E-2	2.12497E-3	0.00000E+0
5.51587E+0	-9.27734E-2	2.34069E-3	0.00000E+0
5.51895E+0	-9.27734E-2	2.20342E-3	0.00000E+0
5.52197E+0	-9.28223E-2	1.47222E-3	4.88281E-4
5.52256E+0	-9.27734E-2	6.87038E-4	0.00000E+0
5.52427E+0	-9.28223E-2	2.36932E-3	4.88281E-4
5.52510E+0	-9.28223E-2	2.44584E-3	4.88281E-4
5.52627E+0	-9.28223E-2	2.03288E-3	4.88281E-4
5.52661E+0	-9.28223E-2	1.75230E-3	4.88281E-4
5.52617E+0	-9.27734E-2	2.09587E-3	0.00000E+0
5.52563E+0	-9.27734E-2	2.34069E-3	0.00000E+0
5.52607E+0	-9.27734E-2	2.15256E-3	0.00000E+0
5.52642E+0	-9.29688E-2	1.92518E-3	9.61652E-4
5.52642E+0	-9.27734E-2	1.92518E-3	0.00000E+0
5.52671E+0	-9.28223E-2	1.65038E-3	4.88281E-4
5.52642E+0	-9.27734E-2	1.92518E-3	0.00000E+0
5.52646E+0	-9.28711E-2	1.88537E-3	6.87038E-4
5.52490E+0	-9.28223E-2	2.45371E-3	4.88281E-4
5.52476E+0	-9.28223E-2	2.44928E-3	4.88281E-4
5.52632E+0	-9.28223E-2	1.99883E-3	4.88281E-4
5.52720E+0	-9.27734E-2	8.37142E-4	0.00000E+0
5.53022E+0	-9.28711E-2	2.41363E-3	6.87038E-4
5.53569E+0	-9.27734E-2	2.22680E-3	0.00000E+0
5.53809E+0	-9.27734E-2	1.96296E-3	0.00000E+0
5.53926E+0	-9.27734E-2	2.43597E-3	0.00000E+0
5.53940E+0	-9.28223E-2	2.44928E-3	4.88281E-4
5.53970E+0	-9.28711E-2	2.44928E-3	6.87038E-4
5.53979E+0	-9.27734E-2	2.44141E-3	0.00000E+0
5.53984E+0	-9.28223E-2	2.43597E-3	4.88281E-4
5.53955E+0	-9.27734E-2	2.45371E-3	0.00000E+0
5.53872E+0	-9.28711E-2	2.30753E-3	6.87038E-4
5.53857E+0	-9.27734E-2	2.24886E-3	0.00000E+0
5.53833E+0	-9.28223E-2	2.12497E-3	4.88281E-4
5.53838E+0	-9.28223E-2	2.15256E-3	4.88281E-4
5.53867E+0	-9.27734E-2	2.28919E-3	0.00000E+0
5.53838E+0	-9.27734E-2	2.15256E-3	0.00000E+0
5.53960E+0	-9.28223E-2	2.45321E-3	4.88281E-4
5.53853E+0	-9.27734E-2	2.22680E-3	0.00000E+0
5.54058E+0	-9.27734E-2	2.22680E-3	0.00000E+0
5.54541E+0	-9.27734E-2	2.24886E-3	0.00000E+0
5.55063E+0	-9.27734E-2	2.06520E-3	0.00000E+0
5.55176E+0	-9.28711E-2	0.00000E+0	6.87038E-4
5.55176E+0	-9.27734E-2	0.00000E+0	0.00000E+0
5.55176E+0	-9.28223E-2	0.00000E+0	4.88281E-4
5.55225E+0	-9.28223E-2	1.47222E-3	4.88281E-4
5.55356E+0	-9.27734E-2	2.36932E-3	0.00000E+0
5.55396E+0	-9.27734E-2	2.44141E-3	0.00000E+0
5.55308E+0	-9.28223E-2	2.17869E-3	4.88281E-4
5.55376E+0	-9.28223E-2	2.41363E-3	4.88281E-4
5.55366E+0	-9.28223E-2	2.39359E-3	4.88281E-4
5.55391E+0	-9.27734E-2	2.43597E-3	0.00000E+0
5.55376E+0	-9.28711E-2	2.41363E-3	6.87038E-4
5.55439E+0	-9.27734E-2	2.44584E-3	0.00000E+0
5.55356E+0	-9.27734E-2	2.36932E-3	0.00000E+0
5.55337E+0	-9.28223E-2	2.30753E-3	4.88281E-4
5.55542E+0	-9.27734E-2	2.12497E-3	0.00000E+0
5.55894E+0	-9.28223E-2	2.44928E-3	4.88281E-4
5.56338E+0	-9.27734E-2	2.38199E-3	0.00000E+0
5.56606E+0	-9.28223E-2	1.25211E-3	4.88281E-4
5.56641E+0	-9.28223E-2	0.00000E+0	4.88281E-4
5.56699E+0	-9.27734E-2	1.59472E-3	0.00000E+0
5.56792E+0	-9.27734E-2	2.26964E-3	0.00000E+0
5.56816E+0	-9.28711E-2	2.35556E-3	6.87038E-4
5.56909E+0	-9.27734E-2	2.44141E-3	0.00000E+0
5.56899E+0	-9.27734E-2	2.44928E-3	0.00000E+0
5.56890E+0	-9.28223E-2	2.45321E-3	4.88281E-4
5.57061E+0	-9.27734E-2	1.70281E-3	0.00000E+0
5.57183E+0	-9.28711E-2	1.53548E-3	6.87038E-4
5.57407E+0	-9.28711E-2	2.42954E-3	6.87038E-4
5.57505E+0	-9.27734E-2	2.06520E-3	0.00000E+0
5.57539E+0	-9.28223E-2	1.79909E-3	4.88281E-4
5.57471E+0	-9.29199E-2	2.24886E-3	8.37142E-4
5.57437E+0	-9.28223E-2	2.36932E-3	4.88281E-4
5.57505E+0	-9.27734E-2	2.06520E-3	0.00000E+0
5.57612E+0	-9.28223E-2	4.88281E-4	4.88281E-4
5.57959E+0	-9.27734E-2	2.24886E-3	0.00000E+0
5.58149E+0	-9.28711E-2	1.40441E-3	6.87038E-4
5.58315E+0	-9.27734E-2	2.42954E-3	0.00000E+0
5.58574E+0	-9.27734E-2	9.61652E-4	0.00000E+0
5.58628E+0	-9.28223E-2	1.25211E-3	4.88281E-4
5.58652E+0	-9.27734E-2	1.59472E-3	0.00000E+0
5.58613E+0	-9.28711E-2	9.61652E-4	6.87038E-4
5.58667E+0	-9.27734E-2	1.75230E-3	0.00000E+0
5.58647E+0	-9.28711E-2	1.53548E-3	6.87038E-4
5.58687E+0	-9.27734E-2	1.92518E-3	0.00000E+0
5.58716E+0	-9.27734E-2	2.12497E-3	0.00000E+0
5.58726E+0	-9.27734E-2	2.17869E-3	0.00000E+0
5.58701E+0	-9.27734E-2	2.03288E-3	0.00000E+0
5.58696E+0	-9.27734E-2	1.99883E-3	0.00000E+0
5.58691E+0	-9.27734E-2	1.96296E-3	0.00000E+0
5.58940E+0	-9.27734E-2	2.22680E-3	0.00000E+0
5.59463E+0	-9.27734E-2	2.03288E-3	0.00000E+0
5.59932E+0	-9.27734E-2	2.15256E-3	0.00000E+0
5.60039E+0	-9.27734E-2	9.61652E-4	0.00000E+0
5.60098E+0	-9.27734E-2	1.50138E-3	0.00000E+0
5.60527E+0	-9.28223E-2	9.61652E-4	4.88281E-4
5.60547E+0	-9.27734E-2	0.00000E+0	0.00000E+0
5.60547E+0	-9.27734E-2	0.00000E+0	0.00000E+0
5.60547E+0	-9.28223E-2	0.00000E+0	4.88281E-4
5.60552E+0	-9.28223E-2	4.88281E-4	4.88281E-4
5.60547E+0	-9.27734E-2	0.00000E+0	0.00000E+0
5.60552E+0	-9.28223E-2	4.88281E-4	4.88281E-4
5.60547E+0	-9.27734E-2	0.00000E+0	0.00000E+0
5.60547E+0	-9.28223E-2	0.00000E+0	4.88281E-4
5.60552E+0	-9.28223E-2	4.88281E-4	4.88281E-4
5.60547E+0	-9.27734E-2	0.00000E+0	0.00000E+0
5.60552E+0	-9.28711E-2	4.88281E-4	6.87038E-4
5.60547E+0	-9.28223E-2	0.00000E+0	4.88281E-4
5.60547E+0	-9.28711E-2	0.00000E+0	6.87038E-4
5.60547E+0	-9.28223E-2	0.00000E+0	4.88281E-4
5.60557E+0	-9.27734E-2	6.87038E-4	0.00000E+0
5.60547E+0	-9.28711E-2	0.00000E+0	6.87038E-4
5.60547E+0	-9.27734E-2	0.00000E+0	0.00000E+0
5.60547E+0	-9.27734E-2	0.00000E+0	0.00000E+0
5.60547E+0	-9.27734E-2	0.00000E+0	0.00000E+0
5.60547E+0	-9.27734E-2	0.00000E+0	0.00000E+0
5.60547E+0	-9.28223E-2	0.00000E+0	4.88281E-4
5.60547E+0	-9.27734E-2	0.00000E+0	0.00000E+0
5.60547E+0	-9.27734E-2	0.00000E+0	0.00000E+0
5.60552E+0	-9.27734E-2	4.88281E-4	0.00000E+0
5.60547E+0	-9.27734E-2	0.00000E+0	0.00000E+0
5.60547E+0	-9.28223E-2	0.00000E+0	4.88281E-4
5.60552E+0	-9.27734E-2	4.88281E-4	0.00000E+0
5.60547E+0	-9.28711E-2	0.00000E+0	6.87038E-4
5.60547E+0	-9.28223E-2	0.00000E+0	4.88281E-4
5.60552E+0	-9.28711E-2	4.88281E-4	6.87038E-4
5.60552E+0	-9.27734E-2	4.88281E-4	0.00000E+0
5.60547E+0	-9.28223E-2	0.00000E+0	4.88281E-4
5.60547E+0	-9.27734E-2	0.00000E+0	0.00000E+0
5.60547E+0	-9.27734E-2	0.00000E+0	0.00000E+0
5.60547E+0	-9.28223E-2	0.00000E+0	4.88281E-4
5.60547E+0	-9.27734E-2	0.00000E+0	0.00000E+0
5.60547E+0	-9.28223E-2	0.00000E+0	4.88281E-4
5.60547E+0	-9.28223E-2	0.00000E+0	4.88281E-4
5.60547E+0	-9.27734E-2	0.00000E+0	0.00000E+0
5.60547E+0	-9.27734E-2	0.00000E+0	0.00000E+0
5.60552E+0	-9.27734E-2	4.88281E-4	0.00000E+0
5.60547E+0	-9.28223E-2	0.00000E+0	4.88281E-4
5.60547E+0	-9.27734E-2	0.00000E+0	0.00000E+0
5.60552E+0	-9.28711E-2	4.88281E-4	6.87038E-4
5.60547E+0	-9.27734E-2	0.00000E+0	0.00000E+0
5.60547E+0	-9.29199E-2	0.00000E+0	8.37142E-4
5.60547E+0	-9.28223E-2	0.00000E+0	4.88281E-4
5.60547E+0	-9.28223E-2	0.00000E+0	4.88281E-4
5.60547E+0	-9.28711E-2	0.00000E+0	6.87038E-4
5.60547E+0	-9.27734E-2	0.00000E+0	0.00000E+0
5.60547E+0	-9.28223E-2	0.00000E+0	4.88281E-4
5.60547E+0	-9.27734E-2	0.00000E+0	0.00000E+0
5.60547E+0	-9.29199E-2	0.00000E+0	8.37142E-4
5.60547E+0	-9.28223E-2	0.00000E+0	4.88281E-4
5.60547E+0	-9.27734E-2	0.00000E+0	0.00000E+0
5.60552E+0	-9.27734E-2	4.88281E-4	0.00000E+0
5.60547E+0	-9.27734E-2	0.00000E+0	0.00000E+0
5.60547E+0	-9.27734E-2	0.00000E+0	0.00000E+0
5.60547E+0	-9.28223E-2	0.00000E+0	4.88281E-4
5.60542E+0	-9.27734E-2	4.88281E-4	0.00000E+0
5.60859E+0	-9.28223E-2	2.73409E-3	4.88281E-4
5.61499E+0	-9.28223E-2	1.06955E-3	4.88281E-4
5.61523E+0	-9.27734E-2	0.00000E+0	0.00000E+0
5.61523E+0	-9.27734E-2	0.00000E+0	0.00000E+0
5.61865E+0	-9.27734E-2	2.24886E-3	0.00000E+0
5.62012E+0	-9.28223E-2	0.00000E+0	4.88281E-4
5.62021E+0	-9.27734E-2	6.87038E-4	0.00000E+0
5.62017E+0	-9.28223E-2	4.88281E-4	4.88281E-4
5.62012E+0	-9.27734E-2	0.00000E+0	0.00000E+0
5.62021E+0	-9.27734E-2	6.87038E-4	0.00000E+0
5.62012E+0	-9.27734E-2	0.00000E+0	0.00000E+0
5.62017E+0	-9.27734E-2	4.88281E-4	0.00000E+0
5.62041E+0	-9.27734E-2	1.16545E-3	0.00000E+0
5.62026E+0	-9.28223E-2	8.37142E-4	4.88281E-4
5.62026E+0	-9.27734E-2	8.37142E-4	0.00000E+0
5.62041E+0	-9.27734E-2	1.16545E-3	0.00000E+0
5.62612E+0	-9.27734E-2	2.38956E-3	0.00000E+0
5.63013E+0	-9.28223E-2	1.06955E-3	4.88281E-4
5.63096E+0	-9.27734E-2	2.03288E-3	0.00000E+0
5.63101E+0	-9.27734E-2	2.06520E-3	0.00000E+0
5.63237E+0	-9.27734E-2	2.45321E-3	0.00000E+0
5.63247E+0	-9.27734E-2	2.44928E-3	0.00000E+0
5.63379E+0	-9.27734E-2	1.96296E-3	0.00000E+0
5.63457E+0	-9.27734E-2	9.61652E-4	0.00000E+0
5.63438E+0	-9.27734E-2	1.33135E-3	0.00000E+0
5.63438E+0	-9.28223E-2	1.33135E-3	4.88281E-4
5.63394E+0	-9.27734E-2	1.84338E-3	0.00000E+0
5.63418E+0	-9.27734E-2	1.59472E-3	0.00000E+0
5.63457E+0	-9.27734E-2	9.61652E-4	0.00000E+0
5.63418E+0	-9.27734E-2	1.59472E-3	0.00000E+0
5.63423E+0	-9.28223E-2	1.53548E-3	4.88281E-4
5.63408E+0	-9.27734E-2	1.70281E-3	0.00000E+0
5.63418E+0	-9.28223E-2	1.59472E-3	4.88281E-4
5.63545E+0	-9.27734E-2	1.83881E-3	0.00000E+0
5.64229E+0	-9.27734E-2	2.54240E-3	0.00000E+0
5.64473E+0	-9.27734E-2	1.37408E-3	0.00000E+0
5.64775E+0	-9.27734E-2	4.61505E-3	0.00000E+0
5.65303E+0	-9.27734E-2	3.30076E-3	0.00000E+0
5.65391E+0	-9.28223E-2	1.92330E-3	4.88281E-4
5.65430E+0	-9.28223E-2	0.00000E+0	4.88281E-4
5.65420E+0	-9.27734E-2	9.76562E-4	0.00000E+0
5.65420E+0	-9.27734E-2	9.76562E-4	0.00000E+0
5.65410E+0	-9.28223E-2	1.37408E-3	4.88281E-4
5.65410E+0	-9.27734E-2	1.37408E-3	0.00000E+0
5.65410E+0	-9.28223E-2	1.37408E-3	4.88281E-4
5.65420E+0	-9.28223E-2	9.76562E-4	4.88281E-4
5.65420E+0	-9.27734E-2	9.76562E-4	0.00000E+0
5.65420E+0	-9.28223E-2	9.76562E-4	4.88281E-4
5.65420E+0	-9.27734E-2	9.76562E-4	0.00000E+0
5.65391E+0	-9.27734E-2	1.92330E-3	0.00000E+0
5.65400E+0	-9.27734E-2	1.67428E-3	0.00000E+0
5.65376E+0	-9.28223E-2	2.39359E-3	4.88281E-4
5.65439E+0	-9.28223E-2	6.87038E-4	4.88281E-4
5.65811E+0	-9.28711E-2	2.03288E-3	6.87038E-4
5.65918E+0	-9.27734E-2	0.00000E+0	0.00000E+0
5.65918E+0	-9.28711E-2	0.00000E+0	6.87038E-4
5.66274E+0	-9.27734E-2	2.17869E-3	0.00000E+0
5.66768E+0	-9.27734E-2	2.15256E-3	0.00000E+0
5.66851E+0	-9.27734E-2	1.40441E-3	0.00000E+0
5.66870E+0	-9.27734E-2	1.06955E-3	0.00000E+0
5.66855E+0	-9.27734E-2	1.33135E-3	0.00000E+0
5.66855E+0	-9.28223E-2	1.33135E-3	4.88281E-4
5.66855E+0	-9.27734E-2	1.33135E-3	0.00000E+0
5.66875E+0	-9.27734E-2	9.61652E-4	0.00000E+0
5.66890E+0	-9.27734E-2	4.88281E-4	0.00000E+0
5.66880E+0	-9.27734E-2	8.37142E-4	0.00000E+0
5.66875E+0	-9.28711E-2	9.61652E-4	6.87038E-4
5.66880E+0	-9.27734E-2	8.37142E-4	0.00000E+0
5.66885E+0	-9.27734E-2	6.87038E-4	0.00000E+0
5.66890E+0	-9.28711E-2	4.88281E-4	6.87038E-4
5.66890E+0	-9.27734E-2	4.88281E-4	0.00000E+0
5.66895E+0	-9.28223E-2	0.00000E+0	4.88281E-4
5.66895E+0	-9.28223E-2	0.00000E+0	4.88281E-4
5.66895E+0	-9.27734E-2	0.00000E+0	0.00000E+0
5.67080E+0	-9.28223E-2	2.38199E-3	4.88281E-4
5.67656E+0	-9.27734E-2	2.43597E-3	0.00000E+0
5.67871E+0	-9.28711E-2	0.00000E+0	6.87038E-4
5.67871E+0	-9.27734E-2	0.00000E+0	0.00000E+0
5.67871E+0	-9.27734E-2	0.00000E+0	0.00000E+0
5.67905E+0	-9.27734E-2	1.25211E-3	0.00000E+0
5.67998E+0	-9.28223E-2	2.15256E-3	4.88281E-4
5.68198E+0	-9.27734E-2	2.30753E-3	0.00000E+0
5.68359E+0	-9.27734E-2	0.00000E+0	0.00000E+0
5.68403E+0	-9.27734E-2	1.40441E-3	0.00000E+0
5.68384E+0	-9.28223E-2	1.06955E-3	4.88281E-4
5.68379E+0	-9.27734E-2	9.61652E-4	0.00000E+0
5.68428E+0	-9.27734E-2	1.70281E-3	0.00000E+0
5.68442E+0	-9.27734E-2	1.84338E-3	0.00000E+0
5.68535E+0	-9.28223E-2	2.35556E-3	4.88281E-4
5.68545E+0	-9.27734E-2	2.38199E-3	0.00000E+0
5.68491E+0	-9.28223E-2	2.17869E-3	4.88281E-4
5.68530E+0	-9.27734E-2	2.34069E-3	0.00000E+0
5.68711E+0	-9.28223E-2	2.20342E-3	4.88281E-4
5.69043E+0	-9.27734E-2	2.40413E-3	0.00000E+0
5.69639E+0	-9.28711E-2	2.38199E-3	6.87038E-4
5.69824E+0	-9.27734E-2	0.00000E+0	0.00000E+0
5.69849E+0	-9.27734E-2	1.06955E-3	0.00000E+0
5.70024E+0	-9.27734E-2	2.41363E-3	0.00000E+0
5.70083E+0	-9.28711E-2	2.44928E-3	6.87038E-4
5.70200E+0	-9.28223E-2	2.06520E-3	4.88281E-4
5.70215E+0	-9.27734E-2	1.96296E-3	0.00000E+0
5.70210E+0	-9.27734E-2	1.99883E-3	0.00000E+0
5.70156E+0	-9.28711E-2	2.28919E-3	6.87038E-4
5.70190E+0	-9.27734E-2	2.12497E-3	0.00000E+0
5.70225E+0	-9.27734E-2	1.88537E-3	0.00000E+0
5.70215E+0	-9.28223E-2	1.96296E-3	4.88281E-4
5.70161E+0	-9.27734E-2	2.26964E-3	0.00000E+0
5.70220E+0	-9.27734E-2	1.92518E-3	0.00000E+0
5.70215E+0	-9.28223E-2	1.96296E-3	4.88281E-4
5.70142E+0	-9.27734E-2	2.34069E-3	0.00000E+0
5.70166E+0	-9.27734E-2	2.24886E-3	0.00000E+0
5.70063E+0	-9.28223E-2	2.45321E-3	4.88281E-4
5.70200E+0	-9.28223E-2	2.06520E-3	4.88281E-4
5.70322E+0	-9.27734E-2	6.87038E-4	0.00000E+0
5.70742E+0	-9.27734E-2	1.59472E-3	0.00000E+0
5.71157E+0	-9.28223E-2	2.17869E-3	4.88281E-4
5.71660E+0	-9.27734E-2	2.09587E-3	0.00000E+0
5.71777E+0	-9.28223E-2	0.00000E+0	4.88281E-4
5.71777E+0	-9.27734E-2	0.00000E+0	0.00000E+0
5.71777E+0	-9.28711E-2	0.00000E+0	6.87038E-4
5.71777E+0	-9.27734E-2	0.00000E+0	0.00000E+0
5.71777E+0	-9.28711E-2	0.00000E+0	6.87038E-4
5.71777E+0	-9.27734E-2	0.00000E+0	0.00000E+0
5.71777E+0	-9.27734E-2	0.00000E+0	0.00000E+0
5.71772E+0	-9.27734E-2	4.88281E-4	0.00000E+0
5.71777E+0	-9.27734E-2	0.00000E+0	0.00000E+0
5.71777E+0	-9.28223E-2	0.00000E+0	4.88281E-4
5.71777E+0	-9.28223E-2	0.00000E+0	4.88281E-4
5.71777E+0	-9.27734E-2	0.00000E+0	0.00000E+0
5.71777E+0	-9.27734E-2	0.00000E+0	0.00000E+0
5.71777E+0	-9.27734E-2	0.00000E+0	0.00000E+0
5.71777E+0	-9.27734E-2	0.00000E+0	0.00000E+0
5.71777E+0	-9.27734E-2	0.00000E+0	0.00000E+0
5.71777E+0	-9.28711E-2	0.00000E+0	6.87038E-4
5.71777E+0	-9.27734E-2	0.00000E+0	0.00000E+0
5.71777E+0	-9.27734E-2	0.00000E+0	0.00000E+0
5.71777E+0	-9.27734E-2	0.00000E+0	0.00000E+0
5.71777E+0	-9.27734E-2	0.00000E+0	0.00000E+0
5.71777E+0	-9.27734E-2	0.00000E+0	0.00000E+0
5.71782E+0	-9.27734E-2	4.88281E-4	0.00000E+0
5.72212E+0	-9.27734E-2	2.29077E-3	0.00000E+0
5.72808E+0	-9.27734E-2	1.95004E-3	0.00000E+0
5.73184E+0	-9.28711E-2	1.59472E-3	6.87038E-4
5.73228E+0	-9.27734E-2	8.37142E-4	0.00000E+0
5.73223E+0	-9.27734E-2	9.61652E-4	0.00000E+0
5.73237E+0	-9.27734E-2	4.88281E-4	0.00000E+0
5.73232E+0	-9.27734E-2	6.87038E-4	0.00000E+0
5.73237E+0	-9.28223E-2	4.88281E-4	4.88281E-4
5.73242E+0	-9.28223E-2	0.00000E+0	4.88281E-4
5.73242E+0	-9.27734E-2	0.00000E+0	0.00000E+0
5.73237E+0	-9.28223E-2	4.88281E-4	4.88281E-4
5.73237E+0	-9.28223E-2	4.88281E-4	4.88281E-4
5.73237E+0	-9.27734E-2	4.88281E-4	0.00000E+0
5.73247E+0	-9.27734E-2	4.88281E-4	0.00000E+0
5.73247E+0	-9.27734E-2	4.88281E-4	0.00000E+0
5.73413E+0	-9.27734E-2	2.44141E-3	0.00000E+0
5.73789E+0	-9.27734E-2	1.59472E-3	0.00000E+0
5.73872E+0	-9.28711E-2	2.22680E-3	6.87038E-4
5.74092E+0	-9.28223E-2	2.15256E-3	4.88281E-4
5.74473E+0	-9.28223E-2	2.45174E-3	4.88281E-4
5.74707E+0	-9.27734E-2	0.00000E+0	0.00000E+0
5.74702E+0	-9.27734E-2	4.88281E-4	0.00000E+0
5.74712E+0	-9.27734E-2	4.88281E-4	0.00000E+0
5.74707E+0	-9.27734E-2	0.00000E+0	0.00000E+0
5.74702E+0	-9.27734E-2	4.88281E-4	0.00000E+0
5.74707E+0	-9.28711E-2	0.00000E+0	6.87038E-4
5.74707E+0	-9.27734E-2	0.00000E+0	0.00000E+0
5.74707E+0	-9.27734E-2	0.00000E+0	0.00000E+0
5.74707E+0	-9.27734E-2	0.00000E+0	0.00000E+0
5.74707E+0	-9.28223E-2	0.00000E+0	4.88281E-4
5.74702E+0	-9.27734E-2	4.88281E-4	0.00000E+0
5.74707E+0	-9.27734E-2	0.00000E+0	0.00000E+0
5.74707E+0	-9.27734E-2	0.00000E+0	0.00000E+0
5.74707E+0	-9.28711E-2	0.00000E+0	6.87038E-4
5.74707E+0	-9.28223E-2	0.00000E+0	4.88281E-4
5.74707E+0	-9.27734E-2	0.00000E+0	0.00000E+0
5.74707E+0	-9.28223E-2	0.00000E+0	4.88281E-4
5.74712E+0	-9.28223E-2	4.88281E-4	4.88281E-4
5.74707E+0	-9.27734E-2	0.00000E+0	0.00000E+0
5.74736E+0	-9.27734E-2	1.16545E-3	0.00000E+0
5.75190E+0	-9.27734E-2	1.76871E-3	0.00000E+0
5.75640E+0	-9.27734E-2	1.40441E-3	0.00000E+0
5.75684E+0	-9.27734E-2	0.00000E+0	0.00000E+0
5.75942E+0	-9.28711E-2	2.44928E-3	6.87038E-4
5.76191E+0	-9.27734E-2	9.61652E-4	0.00000E+0
5.76191E+0	-9.28223E-2	9.61652E-4	4.88281E-4
5.76187E+0	-9.27734E-2	8.37142E-4	0.00000E+0
5.76211E+0	-9.27734E-2	1.33135E-3	0.00000E+0
5.76191E+0	-9.28223E-2	9.61652E-4	4.88281E-4
5.76187E+0	-9.27734E-2	8.37142E-4	0.00000E+0
5.76216E+0	-9.27734E-2	1.40441E-3	0.00000E+0
5.76201E+0	-9.28711E-2	1.16545E-3	6.87038E-4
5.76187E+0	-9.28223E-2	8.37142E-4	4.88281E-4
5.76221E+0	-9.28223E-2	1.47222E-3	4.88281E-4
5.76211E+0	-9.28711E-2	1.33135E-3	6.87038E-4
5.76182E+0	-9.27734E-2	6.87038E-4	0.00000E+0
5.76230E+0	-9.28223E-2	1.59472E-3	4.88281E-4
5.76255E+0	-9.28711E-2	1.84338E-3	6.87038E-4
5.76270E+0	-9.28223E-2	1.96296E-3	4.88281E-4
5.76226E+0	-9.28223E-2	1.53548E-3	4.88281E-4
5.76274E+0	-9.27734E-2	1.99883E-3	0.00000E+0
5.76465E+0	-9.27734E-2	2.40413E-3	0.00000E+0
5.76997E+0	-9.27734E-2	2.91939E-3	0.00000E+0
5.77627E+0	-9.27734E-2	6.87038E-4	0.00000E+0
5.77637E+0	-9.28223E-2	0.00000E+0	4.88281E-4
5.77637E+0	-9.28711E-2	0.00000E+0	6.87038E-4
5.77637E+0	-9.27734E-2	0.00000E+0	0.00000E+0
5.77637E+0	-9.28223E-2	0.00000E+0	4.88281E-4
5.77637E+0	-9.27734E-2	0.00000E+0	0.00000E+0
5.77637E+0	-9.28223E-2	0.00000E+0	4.88281E-4
5.77637E+0	-9.27734E-2	0.00000E+0	0.00000E+0
5.77637E+0	-9.27734E-2	0.00000E+0	0.00000E+0
5.77637E+0	-9.27734E-2	0.00000E+0	0.00000E+0
5.77637E+0	-9.27734E-2	0.00000E+0	0.00000E+0
5.77637E+0	-9.27734E-2	0.00000E+0	0.00000E+0
5.77637E+0	-9.27734E-2	0.00000E+0	0.00000E+0
5.77637E+0	-9.27734E-2	0.00000E+0	0.00000E+0
5.77642E+0	-9.28223E-2	4.88281E-4	4.88281E-4
5.77642E+0	-9.27734E-2	4.88281E-4	0.00000E+0
5.77637E+0	-9.28223E-2	0.00000E+0	4.88281E-4
5.77637E+0	-9.27734E-2	0.00000E+0	0.00000E+0
5.77686E+0	-9.27734E-2	1.47222E-3	0.00000E+0
5.78086E+0	-9.28711E-2	1.33135E-3	6.87038E-4
5.78408E+0	-9.27734E-2	2.42209E-3	0.00000E+0
5.78652E+0	-9.27734E-2	1.33135E-3	0.00000E+0
5.78804E+0	-9.27734E-2	2.39359E-3	0.00000E+0
5.79023E+0	-9.28223E-2	1.79909E-3	4.88281E-4
5.79077E+0	-9.27734E-2	1.06955E-3	0.00000E+0
5.79077E+0	-9.27734E-2	1.06955E-3	0.00000E+0
5.79063E+0	-9.27734E-2	1.33135E-3	0.00000E+0
5.79092E+0	-9.27734E-2	6.87038E-4	0.00000E+0
5.79063E+0	-9.28223E-2	1.33135E-3	4.88281E-4
5.79097E+0	-9.27734E-2	4.88281E-4	0.00000E+0
5.79063E+0	-9.28711E-2	1.33135E-3	6.87038E-4
5.79087E+0	-9.28711E-2	8.37142E-4	6.87038E-4
5.79097E+0	-9.28223E-2	4.88281E-4	4.88281E-4
5.79097E+0	-9.28223E-2	4.88281E-4	4.88281E-4
5.79102E+0	-9.28223E-2	0.00000E+0	4.88281E-4
5.79102E+0	-9.27734E-2	0.00000E+0	0.00000E+0
5.79102E+0	-9.27734E-2	0.00000E+0	0.00000E+0
5.79102E+0	-9.28223E-2	0.00000E+0	4.88281E-4
5.79263E+0	-9.28223E-2	2.30753E-3	4.88281E-4
5.79756E+0	-9.27734E-2	2.32468E-3	0.00000E+0
5.80156E+0	-9.28223E-2	1.79909E-3	4.88281E-4
5.80396E+0	-9.27734E-2	2.34069E-3	0.00000E+0
5.80537E+0	-9.28223E-2	1.16545E-3	4.88281E-4
5.80566E+0	-9.27734E-2	0.00000E+0	0.00000E+0
5.80566E+0	-9.27734E-2	0.00000E+0	0.00000E+0
5.80601E+0	-9.28223E-2	1.25211E-3	4.88281E-4
5.80586E+0	-9.27734E-2	9.61652E-4	0.00000E+0
5.80586E+0	-9.27734E-2	9.61652E-4	0.00000E+0
5.80591E+0	-9.28223E-2	1.06955E-3	4.88281E-4
5.80640E+0	-9.27734E-2	1.75230E-3	0.00000E+0
5.80732E+0	-9.27734E-2	2.32468E-3	0.00000E+0
5.80801E+0	-9.28223E-2	2.45174E-3	4.88281E-4
5.80850E+0	-9.27734E-2	2.42209E-3	0.00000E+0
5.80894E+0	-9.27734E-2	2.30753E-3	0.00000E+0
5.80840E+0	-9.28223E-2	2.43597E-3	4.88281E-4
5.80884E+0	-9.27734E-2	2.34069E-3	0.00000E+0
5.80864E+0	-9.28223E-2	2.39359E-3	4.88281E-4
5.80854E+0	-9.28223E-2	2.41363E-3	4.88281E-4
5.81108E+0	-9.27734E-2	1.95004E-3	0.00000E+0
5.81587E+0	-9.27734E-2	1.40441E-3	0.00000E+0
5.82012E+0	-9.28223E-2	9.61652E-4	4.88281E-4
5.82002E+0	-9.27734E-2	1.16545E-3	0.00000E+0
5.82012E+0	-9.27734E-2	9.61652E-4	0.00000E+0
5.81997E+0	-9.27734E-2	1.25211E-3	0.00000E+0
5.82026E+0	-9.27734E-2	4.88281E-4	0.00000E+0
5.82041E+0	-9.27734E-2	6.87038E-4	0.00000E+0
5.82031E+0	-9.28223E-2	0.00000E+0	4.88281E-4
5.82031E+0	-9.27734E-2	0.00000E+0	0.00000E+0
5.82036E+0	-9.27734E-2	4.88281E-4	0.00000E+0
5.82036E+0	-9.27734E-2	4.88281E-4	0.00000E+0
5.82036E+0	-9.28223E-2	4.88281E-4	4.88281E-4
5.82056E+0	-9.27734E-2	1.06955E-3	0.00000E+0
5.82080E+0	-9.28711E-2	1.47222E-3	6.87038E-4
5.82090E+0	-9.27734E-2	1.59472E-3	0.00000E+0
5.82085E+0	-9.28223E-2	1.53548E-3	4.88281E-4
5.82100E+0	-9.27734E-2	1.70281E-3	0.00000E+0
5.82119E+0	-9.28223E-2	1.88537E-3	4.88281E-4
5.82080E+0	-9.27734E-2	1.47222E-3	0.00000E+0
5.82188E+0	-9.28711E-2	2.28919E-3	6.87038E-4
5.82153E+0	-9.28711E-2	2.12497E-3	6.87038E-4
5.82305E+0	-9.28223E-2	2.43597E-3	4.88281E-4
5.82715E+0	-9.27734E-2	2.59676E-3	0.00000E+0
5.83403E+0	-9.28223E-2	1.92518E-3	4.88281E-4
5.83506E+0	-9.27734E-2	6.87038E-4	0.00000E+0
5.83550E+0	-9.27734E-2	1.53548E-3	0.00000E+0
5.83813E+0	-9.27734E-2	2.34069E-3	0.00000E+0
5.83955E+0	-9.27734E-2	1.16545E-3	0.00000E+0
5.83984E+0	-9.27734E-2	0.00000E+0	0.00000E+0
5.83989E+0	-9.27734E-2	1.09623E-3	0.00000E+0
5.83965E+0	-9.27734E-2	9.61652E-4	0.00000E+0
5.83965E+0	-9.27734E-2	9.61652E-4	0.00000E+0
5.83950E+0	-9.27734E-2	1.25211E-3	0.00000E+0
5.83975E+0	-9.28223E-2	6.87038E-4	4.88281E-4
5.83975E+0	-9.27734E-2	6.87038E-4	0.00000E+0
5.83984E+0	-9.27734E-2	0.00000E+0	0.00000E+0
5.83984E+0	-9.27734E-2	0.00000E+0	0.00000E+0
5.83984E+0	-9.27734E-2	0.00000E+0	0.00000E+0
5.83979E+0	-9.28223E-2	4.88281E-4	4.88281E-4
5.84014E+0	-9.27734E-2	1.67428E-3	0.00000E+0
5.84033E+0	-9.27734E-2	2.13909E-3	0.00000E+0
5.84927E+0	-9.28223E-2	2.62030E-3	4.88281E-4
5.85483E+0	-9.28223E-2	1.73573E-3	4.88281E-4
5.85879E+0	-9.27734E-2	1.59472E-3	0.00000E+0
5.86006E+0	-9.27734E-2	1.70281E-3	0.00000E+0
5.86416E+0	-9.27734E-2	6.87038E-4	0.00000E+0
5.86426E+0	-9.27734E-2	0.00000E+0	0.00000E+0
5.86426E+0	-9.27734E-2	0.00000E+0	0.00000E+0
5.86431E+0	-9.28223E-2	4.88281E-4	4.88281E-4
5.86426E+0	-9.27734E-2	0.00000E+0	0.00000E+0
5.86431E+0	-9.28223E-2	4.88281E-4	4.88281E-4
5.86426E+0	-9.28223E-2	0.00000E+0	4.88281E-4
5.86436E+0	-9.28223E-2	6.87038E-4	4.88281E-4
5.86460E+0	-9.27734E-2	1.25211E-3	0.00000E+0
5.86450E+0	-9.27734E-2	1.06955E-3	0.00000E+0
5.86436E+0	-9.27734E-2	6.87038E-4	0.00000E+0
5.86440E+0	-9.28223E-2	8.37142E-4	4.88281E-4
5.86436E+0	-9.28223E-2	6.87038E-4	4.88281E-4
5.86436E+0	-9.27734E-2	6.87038E-4	0.00000E+0
5.86465E+0	-9.27734E-2	1.33135E-3	0.00000E+0
5.86465E+0	-9.27734E-2	1.33135E-3	0.00000E+0
5.86440E+0	-9.28223E-2	8.37142E-4	4.88281E-4
5.86426E+0	-9.29199E-2	0.00000E+0	8.37142E-4
5.86641E+0	-9.27734E-2	2.43597E-3	0.00000E+0
5.87031E+0	-9.28223E-2	2.09587E-3	4.88281E-4
5.87397E+0	-9.27734E-2	1.09623E-3	0.00000E+0
5.87588E+0	-9.28223E-2	2.38199E-3	4.88281E-4
5.87690E+0	-9.28223E-2	2.41363E-3	4.88281E-4
5.87842E+0	-9.27734E-2	1.47222E-3	0.00000E+0
5.87837E+0	-9.27734E-2	1.53548E-3	0.00000E+0
5.87866E+0	-9.28223E-2	1.06955E-3	4.88281E-4
5.87871E+0	-9.27734E-2	9.61652E-4	0.00000E+0
5.87886E+0	-9.27734E-2	4.88281E-4	0.00000E+0
5.87861E+0	-9.27734E-2	1.16545E-3	0.00000E+0
5.87866E+0	-9.28223E-2	1.06955E-3	4.88281E-4
5.87856E+0	-9.27734E-2	1.25211E-3	0.00000E+0
5.87812E+0	-9.27734E-2	1.79909E-3	0.00000E+0
5.87852E+0	-9.28223E-2	1.33135E-3	4.88281E-4
5.87827E+0	-9.27734E-2	1.65038E-3	0.00000E+0
5.87822E+0	-9.27734E-2	1.70281E-3	0.00000E+0
5.87847E+0	-9.27734E-2	1.40441E-3	0.00000E+0
5.87817E+0	-9.28711E-2	1.75230E-3	6.87038E-4
5.87837E+0	-9.28223E-2	1.53548E-3	4.88281E-4
5.87886E+0	-9.27734E-2	4.88281E-4	0.00000E+0
5.88008E+0	-9.27734E-2	2.09587E-3	0.00000E+0
5.88540E+0	-9.27734E-2	2.40963E-3	0.00000E+0
5.89136E+0	-9.28223E-2	2.44141E-3	4.88281E-4
5.89502E+0	-9.27734E-2	2.24886E-3	0.00000E+0
5.89692E+0	-9.27734E-2	2.26964E-3	0.00000E+0
5.89712E+0	-9.28223E-2	2.17869E-3	4.88281E-4
5.89673E+0	-9.27734E-2	2.34069E-3	0.00000E+0
5.89658E+0	-9.27734E-2	2.38199E-3	0.00000E+0
5.89634E+0	-9.28223E-2	2.42954E-3	4.88281E-4
5.89551E+0	-9.27734E-2	2.40413E-3	0.00000E+0
5.89575E+0	-9.27734E-2	2.44141E-3	0.00000E+0
5.89644E+0	-9.27734E-2	2.41363E-3	0.00000E+0
5.89648E+0	-9.27734E-2	2.40413E-3	0.00000E+0
5.89629E+0	-9.27734E-2	2.43597E-3	0.00000E+0
5.89614E+0	-9.27734E-2	2.44928E-3	0.00000E+0
5.89600E+0	-9.27734E-2	2.45371E-3	0.00000E+0
5.89663E+0	-9.27734E-2	2.36932E-3	0.00000E+0
5.90049E+0	-9.27734E-2	2.51956E-3	0.00000E+0
5.90688E+0	-9.27246E-2	2.17869E-3	4.88281E-4
5.90815E+0	-9.27734E-2	4.88281E-4	0.00000E+0
5.90820E+0	-9.27734E-2	0.00000E+0	0.00000E+0
5.90820E+0	-9.27734E-2	0.00000E+0	0.00000E+0
5.90820E+0	-9.27734E-2	0.00000E+0	0.00000E+0
5.90820E+0	-9.27734E-2	0.00000E+0	0.00000E+0
5.90815E+0	-9.27734E-2	4.88281E-4	0.00000E+0
5.90791E+0	-9.26758E-2	1.16545E-3	6.87038E-4
5.90771E+0	-9.27734E-2	1.47222E-3	0.00000E+0
5.90742E+0	-9.27246E-2	1.79909E-3	4.88281E-4
5.90732E+0	-9.27246E-2	1.88537E-3	4.88281E-4
5.90776E+0	-9.27734E-2	1.40441E-3	0.00000E+0
5.90815E+0	-9.27246E-2	4.88281E-4	4.88281E-4
5.90820E+0	-9.26758E-2	0.00000E+0	6.87038E-4
5.90820E+0	-9.27246E-2	0.00000E+0	4.88281E-4
5.90820E+0	-9.27734E-2	0.00000E+0	0.00000E+0
5.90830E+0	-9.27246E-2	6.87038E-4	4.88281E-4
5.90854E+0	-9.26758E-2	1.25211E-3	6.87038E-4
5.91147E+0	-9.26758E-2	2.30753E-3	6.87038E-4
5.91646E+0	-9.20898E-2	2.26964E-3	1.70281E-3
5.91831E+0	-9.08203E-2	1.25211E-3	2.40413E-3
5.92368E+0	-8.99414E-2	2.50759E-3	2.42209E-3
5.92773E+0	-8.88672E-2	0.00000E+0	1.96296E-3
5.92773E+0	-8.85742E-2	0.00000E+0	1.70281E-3
5.92773E+0	-8.89648E-2	0.00000E+0	2.03288E-3
5.92773E+0	-8.93555E-2	0.00000E+0	2.24886E-3
5.92773E+0	-8.93555E-2	0.00000E+0	2.24886E-3
5.92773E+0	-8.95508E-2	0.00000E+0	2.32468E-3
5.92778E+0	-8.94531E-2	4.88281E-4	2.28919E-3
5.92773E+0	-8.95020E-2	0.00000E+0	2.30753E-3
5.92773E+0	-8.96973E-2	0.00000E+0	2.36932E-3
5.92773E+0	-8.95508E-2	0.00000E+0	2.32468E-3
5.92773E+0	-8.93066E-2	0.00000E+0	2.22680E-3
5.92769E+0	-8.98437E-2	4.88281E-4	2.40413E-3
5.92773E+0	-8.93066E-2	0.00000E+0	2.22680E-3
5.92773E+0	-8.95020E-2	0.00000E+0	2.30753E-3
5.92773E+0	-8.92578E-2	0.00000E+0	2.20342E-3
5.92773E+0	-8.95020E-2	0.00000E+0	2.30753E-3
5.92773E+0	-8.92090E-2	0.00000E+0	2.17869E-3
5.92773E+0	-8.97949E-2	0.00000E+0	2.39359E-3
5.92773E+0	-8.92578E-2	0.00000E+0	2.20342E-3
5.92773E+0	-8.93066E-2	0.00000E+0	2.22680E-3
5.92773E+0	-8.96484E-2	0.00000E+0	2.35556E-3
5.92773E+0	-8.92090E-2	0.00000E+0	2.17869E-3
5.92773E+0	-8.92578E-2	0.00000E+0	2.20342E-3
5.92773E+0	-8.94043E-2	0.00000E+0	2.26964E-3
5.92773E+0	-8.90137E-2	0.00000E+0	2.06520E-3
5.92773E+0	-8.93555E-2	0.00000E+0	2.24886E-3
5.92773E+0	-8.89160E-2	0.00000E+0	1.99883E-3
5.92773E+0	-8.90137E-2	0.00000E+0	2.06520E-3
5.92773E+0	-8.89648E-2	0.00000E+0	2.03288E-3
5.92778E+0	-8.90137E-2	4.88281E-4	2.06520E-3
5.92778E+0	-8.91113E-2	4.88281E-4	2.12497E-3
5.92798E+0	-8.95508E-2	1.06955E-3	2.32468E-3
5.92783E+0	-8.94531E-2	6.87038E-4	2.28919E-3
5.92788E+0	-8.95996E-2	8.37142E-4	2.34069E-3
5.92783E+0	-8.88184E-2	6.87038E-4	1.92518E-3
5.92778E+0	-8.93555E-2	4.88281E-4	2.24886E-3
5.92778E+0	-8.86719E-2	4.88281E-4	1.79909E-3
5.92783E+0	-8.89648E-2	6.87038E-4	2.03288E-3
5.92773E+0	-8.92090E-2	0.00000E+0	2.17869E-3
5.92773E+0	-8.93066E-2	0.00000E+0	2.22680E-3
5.92773E+0	-8.92090E-2	0.00000E+0	2.17869E-3
5.92773E+0	-8.86719E-2	0.00000E+0	1.79909E-3
5.92773E+0	-8.87695E-2	0.00000E+0	1.88537E-3
5.92773E+0	-8.92090E-2	0.00000E+0	2.17869E-3
5.92773E+0	-8.89160E-2	0.00000E+0	1.99883E-3
5.92773E+0	-8.80859E-2	0.00000E+0	9.61652E-4
5.92778E+0	-8.78906E-2	4.88281E-4	0.00000E+0
5.92783E+0	-8.78906E-2	6.87038E-4	0.00000E+0
5.92939E+0	-8.78906E-2	2.32468E-3	0.00000E+0
5.93550E+0	-8.78906E-2	2.41363E-3	0.00000E+0
5.93750E+0	-8.78418E-2	0.00000E+0	4.88281E-4
5.93755E+0	-8.77930E-2	4.88281E-4	6.87038E-4
5.93857E+0	-8.77930E-2	2.03288E-3	6.87038E-4
5.94023E+0	-8.77930E-2	2.43597E-3	6.87038E-4
5.94170E+0	-8.76465E-2	1.70281E-3	1.06955E-3
5.94150E+0	-8.76465E-2	1.88537E-3	1.06955E-3
5.94170E+0	-8.76465E-2	1.70281E-3	1.06955E-3
5.94121E+0	-8.76953E-2	2.09587E-3	9.61652E-4
5.94199E+0	-8.75488E-2	1.33135E-3	1.25211E-3
5.94170E+0	-8.77930E-2	1.70281E-3	6.87038E-4
5.94111E+0	-8.77441E-2	2.15256E-3	8.37142E-4
5.94121E+0	-8.75000E-2	2.09587E-3	1.33135E-3
5.94102E+0	-8.72070E-2	2.20342E-3	1.70281E-3
5.94092E+0	-8.71582E-2	2.24886E-3	1.75230E-3
5.94175E+0	-8.68164E-2	1.65038E-3	2.03288E-3
5.94131E+0	-8.75977E-2	2.03288E-3	1.16545E-3
5.94165E+0	-8.75977E-2	1.75230E-3	1.16545E-3
5.94189E+0	-8.73535E-2	1.47222E-3	1.53548E-3
5.94092E+0	-8.74512E-2	2.24886E-3	1.40441E-3
5.94126E+0	-8.73047E-2	2.06520E-3	1.59472E-3
5.94087E+0	-8.71582E-2	2.26964E-3	1.75230E-3
5.94111E+0	-8.74023E-2	2.15256E-3	1.47222E-3
5.94175E+0	-8.70605E-2	1.65038E-3	1.84338E-3
5.94185E+0	-8.69629E-2	1.53548E-3	1.92518E-3
5.94229E+0	-8.64746E-2	6.87038E-4	2.22680E-3
5.94482E+0	-8.48633E-2	2.45371E-3	2.38199E-3
5.94849E+0	-8.37891E-2	2.12497E-3	1.79909E-3
5.95195E+0	-8.32520E-2	9.61652E-4	1.06955E-3
5.95220E+0	-8.31543E-2	4.88281E-4	8.37142E-4
5.95220E+0	-8.32031E-2	4.88281E-4	9.61652E-4
5.95220E+0	-8.33496E-2	4.88281E-4	1.25211E-3
5.95244E+0	-8.33496E-2	1.16545E-3	1.25211E-3
5.95225E+0	-8.36914E-2	6.87038E-4	1.70281E-3
5.95239E+0	-8.35937E-2	1.06955E-3	1.59472E-3
5.95322E+0	-8.33496E-2	2.03288E-3	1.25211E-3
5.95288E+0	-8.30566E-2	1.75230E-3	4.88281E-4
5.95337E+0	-8.33008E-2	2.12497E-3	1.16545E-3
5.95317E+0	-8.35937E-2	1.99883E-3	1.59472E-3
5.95366E+0	-8.36426E-2	2.26964E-3	1.65038E-3
5.95342E+0	-8.32520E-2	2.15256E-3	1.06955E-3
5.95376E+0	-8.31055E-2	2.30753E-3	6.87038E-4
5.95347E+0	-8.33008E-2	2.17869E-3	1.16545E-3
5.95474E+0	-8.34961E-2	2.44928E-3	1.47222E-3
5.95410E+0	-8.31543E-2	2.40413E-3	8.37142E-4
5.95327E+0	-8.31543E-2	2.06520E-3	8.37142E-4
5.95527E+0	-8.30566E-2	2.35556E-3	4.88281E-4
5.95811E+0	-8.30566E-2	2.03288E-3	4.88281E-4
5.96177E+0	-8.30566E-2	8.37142E-4	4.88281E-4
5.96538E+0	-8.30566E-2	2.22680E-3	4.88281E-4
5.97046E+0	-8.31543E-2	2.12497E-3	8.37142E-4
5.97163E+0	-8.35937E-2	4.88281E-4	1.59472E-3
5.97168E+0	-8.35449E-2	0.00000E+0	1.53548E-3
5.97168E+0	-8.38867E-2	0.00000E+0	1.88537E-3
5.97163E+0	-8.37891E-2	4.88281E-4	1.79909E-3
5.97163E+0	-8.36426E-2	4.88281E-4	1.65038E-3
5.97168E+0	-8.38379E-2	0.00000E+0	1.84338E-3
5.97168E+0	-8.35937E-2	0.00000E+0	1.59472E-3
5.97178E+0	-8.38379E-2	6.87038E-4	1.84338E-3
5.97187E+0	-8.43750E-2	9.61652E-4	2.20342E-3
5.97197E+0	-8.42285E-2	1.16545E-3	2.12497E-3
5.97227E+0	-8.38867E-2	1.59472E-3	1.88537E-3
5.97261E+0	-8.37891E-2	1.92518E-3	1.79909E-3
5.97285E+0	-8.37891E-2	2.09587E-3	1.79909E-3
5.97256E+0	-8.36426E-2	1.88537E-3	1.65038E-3
5.97251E+0	-8.36426E-2	1.84338E-3	1.65038E-3
5.97266E+0	-8.41309E-2	1.96296E-3	2.06520E-3
5.97261E+0	-8.47656E-2	1.92518E-3	2.35556E-3
5.97563E+0	-8.55469E-2	1.92518E-3	2.45174E-3
5.97734E+0	-8.69629E-2	1.79909E-3	1.92518E-3
5.98384E+0	-8.75488E-2	2.45321E-3	1.25211E-3
5.98716E+0	-8.78906E-2	1.84338E-3	0.00000E+0
5.98999E+0	-8.78906E-2	2.12497E-3	0.00000E+0
5.99062E+0	-8.78906E-2	1.59472E-3	0.00000E+0
5.99102E+0	-8.78906E-2	9.61652E-4	0.00000E+0
5.99102E+0	-8.78906E-2	9.61652E-4	0.00000E+0
5.99077E+0	-8.78906E-2	1.40441E-3	0.00000E+0
5.99043E+0	-8.78906E-2	1.79909E-3	0.00000E+0
5.99048E+0	-8.78906E-2	1.75230E-3	0.00000E+0
5.99062E+0	-8.78906E-2	1.59472E-3	0.00000E+0
5.99092E+0	-8.78906E-2	1.16545E-3	0.00000E+0
5.99097E+0	-8.78906E-2	1.06955E-3	0.00000E+0
5.99106E+0	-8.78906E-2	8.37142E-4	0.00000E+0
5.99058E+0	-8.78906E-2	1.65038E-3	0.00000E+0
5.99043E+0	-8.78906E-2	1.79909E-3	0.00000E+0
5.98989E+0	-8.78906E-2	2.17869E-3	0.00000E+0
5.98984E+0	-8.78906E-2	2.20342E-3	0.00000E+0
5.98994E+0	-8.78906E-2	2.15256E-3	0.00000E+0
5.99199E+0	-8.78906E-2	1.79909E-3	0.00000E+0
5.99609E+0	-8.78906E-2	0.00000E+0	0.00000E+0
5.99653E+0	-8.79883E-2	1.40441E-3	6.87038E-4
6.00088E+0	-8.78906E-2	1.38455E-3	0.00000E+0
6.00127E+0	-8.81348E-2	1.16545E-3	1.06955E-3
6.00127E+0	-8.79395E-2	1.16545E-3	4.88281E-4
6.00132E+0	-8.78906E-2	1.25211E-3	0.00000E+0
6.00132E+0	-8.78906E-2	1.25211E-3	0.00000E+0
6.00122E+0	-8.78906E-2	1.06955E-3	0.00000E+0
6.00117E+0	-8.79395E-2	9.61652E-4	4.88281E-4
6.00117E+0	-8.81348E-2	9.61652E-4	1.06955E-3
6.00103E+0	-8.79883E-2	4.88281E-4	6.87038E-4
6.00107E+0	-8.79883E-2	6.87038E-4	6.87038E-4
6.00117E+0	-8.79883E-2	9.61652E-4	6.87038E-4
6.00112E+0	-8.79395E-2	8.37142E-4	4.88281E-4
6.00103E+0	-8.80859E-2	4.88281E-4	9.61652E-4
6.00107E+0	-8.79883E-2	6.87038E-4	6.87038E-4
6.00220E+0	-8.79883E-2	2.12497E-3	6.87038E-4
6.00586E+0	-8.91113E-2	6.94013E-4	2.12497E-3
6.00718E+0	-8.95508E-2	2.17869E-3	2.32468E-3
6.01079E+0	-9.10156E-2	8.48571E-4	2.35556E-3
6.01406E+0	-9.19434E-2	2.28919E-3	1.84338E-3
6.01563E+0	-9.20410E-2	0.00000E+0	1.75230E-3
6.01563E+0	-9.22363E-2	0.00000E+0	1.53548E-3
6.01563E+0	-9.24316E-2	0.00000E+0	1.25211E-3
6.01597E+0	-9.25293E-2	1.25211E-3	1.06955E-3
6.01704E+0	-9.26270E-2	2.22680E-3	8.37142E-4
6.01650E+0	-9.25293E-2	1.88537E-3	1.06955E-3
6.01636E+0	-9.25293E-2	1.75230E-3	1.06955E-3
6.01626E+0	-9.24805E-2	1.65038E-3	1.16545E-3
6.01641E+0	-9.25781E-2	1.79909E-3	9.61652E-4
6.01646E+0	-9.26270E-2	1.84338E-3	8.37142E-4
6.01665E+0	-9.25293E-2	1.99883E-3	1.06955E-3
6.01738E+0	-9.25781E-2	2.35556E-3	9.61652E-4
6.01948E+0	-9.27734E-2	1.99883E-3	0.00000E+0
6.01997E+0	-9.27734E-2	1.53548E-3	0.00000E+0
6.02051E+0	-9.27246E-2	0.00000E+0	4.88281E-4
6.02153E+0	-9.26758E-2	1.99883E-3	6.87038E-4
6.02681E+0	-9.27734E-2	2.22680E-3	0.00000E+0
6.03281E+0	-9.27734E-2	4.30512E-3	0.00000E+0
6.03994E+0	-9.27734E-2	9.76562E-4	0.00000E+0
6.04004E+0	-9.27734E-2	0.00000E+0	0.00000E+0
6.04126E+0	-9.27734E-2	2.12497E-3	0.00000E+0
6.04473E+0	-9.27734E-2	1.18593E-3	0.00000E+0
6.04551E+0	-9.27734E-2	1.59472E-3	0.00000E+0
6.04668E+0	-9.27734E-2	2.35556E-3	0.00000E+0
6.04673E+0	-9.27734E-2	2.36932E-3	0.00000E+0
6.04658E+0	-9.27734E-2	2.32468E-3	0.00000E+0
6.04668E+0	-9.27734E-2	2.35556E-3	0.00000E+0
6.04751E+0	-9.27734E-2	2.44928E-3	0.00000E+0
6.04751E+0	-9.27734E-2	2.44928E-3	0.00000E+0
6.04800E+0	-9.27734E-2	2.36932E-3	0.00000E+0
6.04844E+0	-9.27734E-2	2.20342E-3	0.00000E+0
6.04849E+0	-9.27734E-2	2.17869E-3	0.00000E+0
6.04834E+0	-9.27734E-2	2.24886E-3	0.00000E+0
6.04902E+0	-9.27734E-2	1.79909E-3	0.00000E+0
6.04897E+0	-9.27734E-2	1.84338E-3	0.00000E+0
6.04907E+0	-9.28223E-2	1.75230E-3	4.88281E-4
6.04922E+0	-9.28223E-2	1.59472E-3	4.88281E-4
6.04839E+0	-9.27734E-2	2.22680E-3	0.00000E+0
6.04707E+0	-9.27734E-2	2.43597E-3	0.00000E+0
6.04663E+0	-9.27734E-2	2.34069E-3	0.00000E+0
6.04746E+0	-9.27734E-2	2.45174E-3	0.00000E+0
6.04810E+0	-9.27734E-2	2.34069E-3	0.00000E+0
6.04780E+0	-9.27734E-2	2.41363E-3	0.00000E+0
6.04722E+0	-9.27734E-2	2.44928E-3	0.00000E+0
6.04683E+0	-9.27734E-2	2.39359E-3	0.00000E+0
6.04639E+0	-9.27734E-2	2.24886E-3	0.00000E+0
6.04585E+0	-9.27734E-2	1.92518E-3	0.00000E+0
6.04570E+0	-9.27734E-2	1.79909E-3	0.00000E+0
6.04653E+0	-9.27734E-2	2.30753E-3	0.00000E+0
6.04624E+0	-9.27734E-2	2.17869E-3	0.00000E+0
6.04585E+0	-9.27734E-2	1.92518E-3	0.00000E+0
6.04619E+0	-9.27734E-2	2.15256E-3	0.00000E+0
6.04609E+0	-9.27734E-2	2.09587E-3	0.00000E+0
6.04561E+0	-9.27734E-2	1.70281E-3	0.00000E+0
6.04526E+0	-9.27734E-2	1.25211E-3	0.00000E+0
6.04546E+0	-9.27734E-2	1.53548E-3	0.00000E+0
6.04517E+0	-9.27734E-2	1.06955E-3	0.00000E+0
6.04502E+0	-9.28223E-2	6.87038E-4	4.88281E-4
6.04546E+0	-9.27734E-2	1.53548E-3	0.00000E+0
6.04805E+0	-9.27734E-2	2.35556E-3	0.00000E+0
6.04980E+0	-9.27734E-2	0.00000E+0	0.00000E+0
6.04980E+0	-9.27734E-2	0.00000E+0	0.00000E+0
6.04980E+0	-9.27734E-2	0.00000E+0	0.00000E+0
6.04985E+0	-9.27734E-2	4.88281E-4	0.00000E+0
6.05137E+0	-9.27734E-2	2.28919E-3	0.00000E+0
6.05405E+0	-9.27734E-2	1.65038E-3	0.00000E+0
6.05376E+0	-9.27734E-2	1.92518E-3	0.00000E+0
6.05469E+0	-9.27734E-2	0.00000E+0	0.00000E+0
6.05454E+0	-9.27734E-2	8.37142E-4	0.00000E+0
6.05474E+0	-9.27734E-2	4.88281E-4	0.00000E+0
6.05469E+0	-9.27734E-2	0.00000E+0	0.00000E+0
6.05474E+0	-9.27734E-2	4.88281E-4	0.00000E+0
6.05488E+0	-9.27246E-2	9.61652E-4	4.88281E-4
6.05483E+0	-9.28223E-2	8.37142E-4	4.88281E-4
6.05474E+0	-9.27734E-2	4.88281E-4	0.00000E+0
6.05474E+0	-9.27734E-2	4.88281E-4	0.00000E+0
6.05483E+0	-9.28223E-2	8.37142E-4	4.88281E-4
6.05527E+0	-9.27734E-2	1.59472E-3	0.00000E+0
6.05527E+0	-9.27734E-2	1.59472E-3	0.00000E+0
6.05664E+0	-9.27734E-2	2.40413E-3	0.00000E+0
6.05942E+0	-9.28223E-2	8.37142E-4	4.88281E-4
6.05967E+0	-9.27734E-2	6.87038E-4	0.00000E+0
6.06270E+0	-9.27734E-2	2.35556E-3	0.00000E+0
6.06543E+0	-9.27734E-2	1.96296E-3	0.00000E+0
6.06919E+0	-9.27734E-2	8.37142E-4	0.00000E+0
6.06934E+0	-9.27734E-2	0.00000E+0	0.00000E+0
6.06934E+0	-9.27734E-2	0.00000E+0	0.00000E+0
6.07036E+0	-9.28223E-2	1.99883E-3	4.88281E-4
6.07148E+0	-9.28223E-2	2.43597E-3	4.88281E-4
6.07090E+0	-9.28711E-2	2.28919E-3	6.87038E-4
6.07012E+0	-9.27734E-2	1.79909E-3	0.00000E+0
6.07061E+0	-9.27734E-2	2.15256E-3	0.00000E+0
6.07021E+0	-9.28223E-2	1.88537E-3	4.88281E-4
6.07046E+0	-9.27734E-2	2.06520E-3	0.00000E+0
6.07036E+0	-9.27734E-2	1.99883E-3	0.00000E+0
6.07012E+0	-9.27734E-2	1.79909E-3	0.00000E+0
6.06992E+0	-9.27734E-2	1.59472E-3	0.00000E+0
6.06953E+0	-9.27734E-2	9.61652E-4	0.00000E+0
6.07280E+0	-9.29199E-2	2.22680E-3	8.37142E-4
6.07729E+0	-9.27734E-2	2.36932E-3	0.00000E+0
6.07910E+0	-9.27734E-2	0.00000E+0	0.00000E+0
6.08105E+0	-9.27734E-2	2.40413E-3	0.00000E+0
6.08638E+0	-9.27734E-2	2.45321E-3	0.00000E+0
6.08818E+0	-9.27734E-2	1.70281E-3	0.00000E+0
6.08809E+0	-9.27734E-2	1.79909E-3	0.00000E+0
6.08818E+0	-9.27734E-2	1.70281E-3	0.00000E+0
6.08853E+0	-9.27734E-2	1.25211E-3	0.00000E+0
6.08862E+0	-9.27734E-2	1.06955E-3	0.00000E+0
6.08857E+0	-9.27734E-2	1.16545E-3	0.00000E+0
6.08848E+0	-9.28223E-2	1.33135E-3	4.88281E-4
6.08872E+0	-9.27734E-2	8.37142E-4	0.00000E+0
6.08872E+0	-9.27734E-2	8.37142E-4	0.00000E+0
6.08877E+0	-9.27734E-2	6.87038E-4	0.00000E+0
6.08887E+0	-9.27734E-2	0.00000E+0	0.00000E+0
6.08877E+0	-9.27734E-2	6.87038E-4	0.00000E+0
6.08877E+0	-9.27734E-2	6.87038E-4	0.00000E+0
6.08877E+0	-9.27734E-2	6.87038E-4	0.00000E+0
6.08887E+0	-9.27734E-2	0.00000E+0	0.00000E+0
6.08887E+0	-9.27734E-2	0.00000E+0	0.00000E+0
6.08877E+0	-9.27734E-2	6.87038E-4	0.00000E+0
6.08887E+0	-9.27734E-2	0.00000E+0	0.00000E+0
6.09111E+0	-9.27734E-2	2.44584E-3	0.00000E+0
6.09507E+0	-9.27734E-2	2.17869E-3	0.00000E+0
6.09858E+0	-9.27734E-2	4.88281E-4	0.00000E+0
6.09868E+0	-9.28223E-2	4.88281E-4	4.88281E-4
6.09863E+0	-9.28223E-2	0.00000E+0	4.88281E-4
6.09863E+0	-9.27734E-2	0.00000E+0	0.00000E+0
6.09863E+0	-9.28711E-2	0.00000E+0	6.87038E-4
6.09863E+0	-9.28223E-2	0.00000E+0	4.88281E-4
6.09863E+0	-9.27734E-2	0.00000E+0	0.00000E+0
6.09868E+0	-9.27734E-2	4.88281E-4	0.00000E+0
6.09863E+0	-9.27734E-2	0.00000E+0	0.00000E+0
6.09863E+0	-9.27734E-2	0.00000E+0	0.00000E+0
6.09863E+0	-9.27734E-2	0.00000E+0	0.00000E+0
6.09863E+0	-9.27734E-2	0.00000E+0	0.00000E+0
6.09863E+0	-9.27734E-2	0.00000E+0	0.00000E+0
6.09863E+0	-9.27734E-2	0.00000E+0	0.00000E+0
6.09863E+0	-9.27734E-2	0.00000E+0	0.00000E+0
6.10015E+0	-9.27734E-2	2.26964E-3	0.00000E+0
6.10659E+0	-9.27734E-2	2.36932E-3	0.00000E+0
6.11226E+0	-9.28223E-2	1.99883E-3	4.88281E-4
6.11230E+0	-9.28223E-2	1.96296E-3	4.88281E-4
6.11211E+0	-9.27734E-2	2.09587E-3	0.00000E+0
6.11323E+0	-9.27734E-2	4.88281E-4	0.00000E+0
6.11333E+0	-9.27734E-2	4.88281E-4	0.00000E+0
6.11338E+0	-9.28223E-2	6.87038E-4	4.88281E-4
6.11333E+0	-9.27734E-2	4.88281E-4	0.00000E+0
6.11333E+0	-9.27734E-2	4.88281E-4	0.00000E+0
6.11338E+0	-9.27246E-2	6.87038E-4	4.88281E-4
6.11328E+0	-9.28223E-2	0.00000E+0	4.88281E-4
6.11338E+0	-9.27734E-2	6.87038E-4	0.00000E+0
6.11533E+0	-9.28711E-2	2.42209E-3	6.87038E-4
6.11553E+0	-9.28223E-2	2.44584E-3	4.88281E-4
6.11519E+0	-9.27734E-2	2.39359E-3	0.00000E+0
6.11582E+0	-9.27734E-2	2.45174E-3	0.00000E+0
6.11582E+0	-9.27734E-2	2.45174E-3	0.00000E+0
6.11621E+0	-9.28223E-2	2.40413E-3	4.88281E-4
6.11680E+0	-9.27734E-2	2.20342E-3	0.00000E+0
6.11758E+0	-9.28223E-2	1.59472E-3	4.88281E-4
6.11816E+0	-9.27734E-2	0.00000E+0	0.00000E+0
6.11963E+0	-9.27734E-2	2.24886E-3	0.00000E+0
6.12310E+0	-9.27734E-2	8.48571E-4	0.00000E+0
6.12520E+0	-9.28223E-2	2.43597E-3	4.88281E-4
6.12783E+0	-9.27734E-2	6.87038E-4	0.00000E+0
6.12793E+0	-9.28223E-2	0.00000E+0	4.88281E-4
6.12793E+0	-9.28223E-2	0.00000E+0	4.88281E-4
6.12793E+0	-9.28711E-2	0.00000E+0	6.87038E-4
6.12827E+0	-9.27734E-2	1.25211E-3	0.00000E+0
6.12881E+0	-9.27734E-2	1.88537E-3	0.00000E+0
6.12915E+0	-9.27734E-2	2.12497E-3	0.00000E+0
6.13003E+0	-9.27734E-2	2.42954E-3	0.00000E+0
6.12915E+0	-9.28223E-2	2.12497E-3	4.88281E-4
6.12920E+0	-9.28223E-2	2.15256E-3	4.88281E-4
6.12939E+0	-9.27734E-2	2.24886E-3	0.00000E+0
6.13066E+0	-9.28711E-2	2.43597E-3	6.87038E-4
6.12998E+0	-9.27734E-2	2.42209E-3	0.00000E+0
6.13003E+0	-9.27734E-2	2.42954E-3	0.00000E+0
6.13027E+0	-9.27734E-2	2.45174E-3	0.00000E+0
6.12930E+0	-9.28223E-2	2.20342E-3	4.88281E-4
6.12881E+0	-9.28223E-2	1.88537E-3	4.88281E-4
6.13008E+0	-9.27734E-2	2.43597E-3	0.00000E+0
6.13442E+0	-9.27734E-2	2.40963E-3	0.00000E+0
6.13813E+0	-9.27734E-2	1.40441E-3	0.00000E+0
6.14238E+0	-9.27734E-2	9.61652E-4	0.00000E+0
6.14272E+0	-9.28223E-2	8.37142E-4	4.88281E-4
6.14473E+0	-9.28223E-2	2.43597E-3	4.88281E-4
6.14580E+0	-9.27734E-2	2.32468E-3	0.00000E+0
6.14717E+0	-9.27734E-2	1.16545E-3	0.00000E+0
6.14756E+0	-9.28223E-2	6.87038E-4	4.88281E-4
6.14746E+0	-9.27734E-2	0.00000E+0	0.00000E+0
6.14746E+0	-9.28223E-2	0.00000E+0	4.88281E-4
6.14746E+0	-9.28223E-2	0.00000E+0	4.88281E-4
6.14746E+0	-9.28223E-2	0.00000E+0	4.88281E-4
6.14746E+0	-9.28223E-2	0.00000E+0	4.88281E-4
6.14756E+0	-9.28223E-2	6.87038E-4	4.88281E-4
6.14771E+0	-9.27734E-2	1.06955E-3	0.00000E+0
6.14785E+0	-9.27734E-2	1.33135E-3	0.00000E+0
6.14775E+0	-9.27734E-2	1.16545E-3	0.00000E+0
6.14775E+0	-9.27734E-2	1.16545E-3	0.00000E+0
6.15264E+0	-9.28223E-2	1.94076E-3	4.88281E-4
6.15737E+0	-9.27734E-2	1.08741E-3	0.00000E+0
6.16133E+0	-9.27734E-2	2.04940E-3	0.00000E+0
6.16421E+0	-9.27734E-2	2.42954E-3	0.00000E+0
6.16543E+0	-9.27734E-2	2.28919E-3	0.00000E+0
6.16587E+0	-9.27734E-2	2.06520E-3	0.00000E+0
6.16563E+0	-9.27734E-2	2.20342E-3	0.00000E+0
6.16504E+0	-9.27734E-2	2.40413E-3	0.00000E+0
6.16523E+0	-9.27734E-2	2.35556E-3	0.00000E+0
6.16577E+0	-9.27734E-2	2.12497E-3	0.00000E+0
6.16611E+0	-9.27734E-2	1.88537E-3	0.00000E+0
6.16597E+0	-9.28223E-2	1.99883E-3	4.88281E-4
6.16523E+0	-9.28223E-2	2.35556E-3	4.88281E-4
6.16489E+0	-9.28223E-2	2.42954E-3	4.88281E-4
6.16445E+0	-9.28711E-2	2.45174E-3	6.87038E-4
6.16479E+0	-9.27734E-2	2.44141E-3	0.00000E+0
6.16523E+0	-9.28223E-2	2.35556E-3	4.88281E-4
6.16665E+0	-9.27734E-2	1.25211E-3	0.00000E+0
6.16636E+0	-9.27734E-2	1.65038E-3	0.00000E+0
6.16636E+0	-9.27734E-2	1.65038E-3	0.00000E+0
6.16655E+0	-9.28223E-2	1.40441E-3	4.88281E-4
6.16646E+0	-9.28223E-2	1.53548E-3	4.88281E-4
6.16567E+0	-9.27734E-2	2.17869E-3	0.00000E+0
6.16621E+0	-9.27734E-2	1.79909E-3	0.00000E+0
6.16646E+0	-9.27734E-2	1.53548E-3	0.00000E+0
6.16631E+0	-9.27734E-2	1.70281E-3	0.00000E+0
6.16636E+0	-9.27734E-2	1.65038E-3	0.00000E+0
6.16587E+0	-9.28223E-2	2.06520E-3	4.88281E-4
6.16616E+0	-9.27734E-2	1.84338E-3	0.00000E+0
6.16582E+0	-9.27734E-2	2.09587E-3	0.00000E+0
6.16587E+0	-9.27734E-2	2.06520E-3	0.00000E+0
6.16636E+0	-9.27734E-2	1.65038E-3	0.00000E+0
6.16606E+0	-9.27734E-2	1.92518E-3	0.00000E+0
6.16582E+0	-9.27734E-2	2.09587E-3	0.00000E+0
6.16606E+0	-9.28223E-2	1.92518E-3	4.88281E-4
6.16616E+0	-9.27734E-2	1.84338E-3	0.00000E+0
6.16685E+0	-9.27734E-2	8.37142E-4	0.00000E+0
6.16636E+0	-9.27734E-2	1.65038E-3	0.00000E+0
6.16675E+0	-9.27734E-2	1.06955E-3	0.00000E+0
6.16665E+0	-9.27734E-2	1.25211E-3	0.00000E+0
6.16636E+0	-9.28223E-2	1.65038E-3	4.88281E-4
6.16675E+0	-9.27734E-2	1.06955E-3	0.00000E+0
6.16641E+0	-9.27734E-2	1.59472E-3	0.00000E+0
6.16650E+0	-9.28223E-2	1.47222E-3	4.88281E-4
6.16592E+0	-9.28223E-2	2.03288E-3	4.88281E-4
6.16616E+0	-9.28223E-2	1.84338E-3	4.88281E-4
6.16655E+0	-9.28711E-2	1.40441E-3	6.87038E-4
6.16670E+0	-9.27734E-2	1.16545E-3	0.00000E+0
6.16689E+0	-9.28223E-2	6.87038E-4	4.88281E-4
6.16699E+0	-9.27734E-2	0.00000E+0	0.00000E+0
6.16685E+0	-9.27734E-2	8.37142E-4	0.00000E+0
6.16694E+0	-9.28223E-2	4.88281E-4	4.88281E-4
6.16685E+0	-9.27734E-2	8.37142E-4	0.00000E+0
6.16689E+0	-9.27734E-2	6.87038E-4	0.00000E+0
6.16675E+0	-9.27734E-2	1.06955E-3	0.00000E+0
6.16694E+0	-9.27734E-2	4.88281E-4	0.00000E+0
6.16685E+0	-9.28223E-2	8.37142E-4	4.88281E-4
6.16699E+0	-9.28223E-2	0.00000E+0	4.88281E-4
6.16689E+0	-9.27734E-2	6.87038E-4	0.00000E+0
6.16694E+0	-9.27734E-2	4.88281E-4	0.00000E+0
6.16694E+0	-9.27734E-2	4.88281E-4	0.00000E+0
