4.74609E+0	-9.00879E-2	0.00000E+0	2.44141E-3
4.74614E+0	-8.86719E-2	4.88281E-4	1.79909E-3
4.74609E+0	-8.83789E-2	0.00000E+0	1.47222E-3
4.74609E+0	-9.02344E-2	0.00000E+0	2.45174E-3
4.74614E+0	-9.01367E-2	4.88281E-4	2.44584E-3
4.74609E+0	-9.05762E-2	0.00000E+0	2.44141E-3
4.74614E+0	-9.03320E-2	4.88281E-4	2.45371E-3
4.74609E+0	-9.06738E-2	0.00000E+0	2.42954E-3
4.74609E+0	-9.12109E-2	0.00000E+0	2.28919E-3
4.74614E+0	-9.08691E-2	4.88281E-4	2.39359E-3
4.74609E+0	-9.01855E-2	0.00000E+0	2.44928E-3
4.74619E+0	-9.10645E-2	6.87038E-4	2.34069E-3
4.74609E+0	-9.09668E-2	0.00000E+0	2.36932E-3
4.74614E+0	-9.12598E-2	4.88281E-4	2.26964E-3
4.74609E+0	-9.12109E-2	0.00000E+0	2.28919E-3
4.74619E+0	-9.09668E-2	6.87038E-4	2.36932E-3
4.74614E+0	-9.05762E-2	4.88281E-4	2.44141E-3
4.74619E+0	-9.05762E-2	6.87038E-4	2.44141E-3
4.74619E+0	-9.06250E-2	6.87038E-4	2.43597E-3
4.74609E+0	-8.99414E-2	0.00000E+0	2.42209E-3
4.74614E+0	-9.07715E-2	4.88281E-4	2.41363E-3
4.74609E+0	-9.11133E-2	0.00000E+0	2.32468E-3
4.74614E+0	-9.00879E-2	4.88281E-4	2.44141E-3
4.74614E+0	-9.16992E-2	4.88281E-4	2.03288E-3
4.74614E+0	-9.05762E-2	4.88281E-4	2.44141E-3
4.74614E+0	-9.04297E-2	4.88281E-4	2.45174E-3
4.74614E+0	-8.99414E-2	4.88281E-4	2.42209E-3
4.74609E+0	-9.06250E-2	0.00000E+0	2.43597E-3
4.74614E+0	-9.15039E-2	4.88281E-4	2.15256E-3
4.74609E+0	-9.15039E-2	0.00000E+0	2.15256E-3
4.74609E+0	-9.08691E-2	0.00000E+0	2.39359E-3
4.74609E+0	-8.96973E-2	0.00000E+0	2.36932E-3
4.74609E+0	-8.92578E-2	0.00000E+0	2.20342E-3
4.74614E+0	-8.94531E-2	4.88281E-4	2.28919E-3
4.74619E+0	-8.95020E-2	6.87038E-4	2.30753E-3
4.74619E+0	-8.94043E-2	6.87038E-4	2.26964E-3
4.74614E+0	-9.02344E-2	4.88281E-4	2.45174E-3
4.74609E+0	-8.97461E-2	0.00000E+0	2.38199E-3
4.74609E+0	-9.02832E-2	0.00000E+0	2.45321E-3
4.74614E+0	-8.99902E-2	4.88281E-4	2.42954E-3
4.74609E+0	-9.00391E-2	0.00000E+0	2.43597E-3
4.74609E+0	-9.01367E-2	0.00000E+0	2.44584E-3
4.74609E+0	-9.02832E-2	0.00000E+0	2.45321E-3
4.74609E+0	-8.97949E-2	0.00000E+0	2.39359E-3
4.74614E+0	-8.95996E-2	4.88281E-4	2.34069E-3
4.74609E+0	-9.02832E-2	0.00000E+0	2.45321E-3
4.74609E+0	-9.02344E-2	0.00000E+0	2.45174E-3
4.74619E+0	-8.99902E-2	6.87038E-4	2.42954E-3
4.74609E+0	-9.04297E-2	0.00000E+0	2.45174E-3
4.74609E+0	-9.03320E-2	0.00000E+0	2.45371E-3
4.74609E+0	-9.07715E-2	0.00000E+0	2.41363E-3
4.74609E+0	-9.06738E-2	0.00000E+0	2.42954E-3
4.74609E+0	-9.07715E-2	0.00000E+0	2.41363E-3
4.74614E+0	-9.07715E-2	4.88281E-4	2.41363E-3
4.74614E+0	-9.16992E-2	4.88281E-4	2.03288E-3
4.74619E+0	-9.19922E-2	6.87038E-4	1.79909E-3
4.74624E+0	-9.18457E-2	8.37142E-4	1.92518E-3
4.74688E+0	-9.20410E-2	1.79909E-3	1.75230E-3
4.74868E+0	-9.21387E-2	2.44928E-3	1.65038E-3
4.75063E+0	-9.19922E-2	1.25211E-3	1.79909E-3
4.75107E+0	-9.24316E-2	6.87038E-4	1.25211E-3
4.75151E+0	-9.23828E-2	1.53548E-3	1.33135E-3
4.75439E+0	-9.24805E-2	2.24886E-3	1.16545E-3
4.75586E+0	-9.23340E-2	0.00000E+0	1.40441E-3
4.75591E+0	-9.24316E-2	4.88281E-4	1.25211E-3
4.75825E+0	-9.25293E-2	2.45321E-3	1.06955E-3
4.76035E+0	-9.26758E-2	1.33135E-3	6.87038E-4
4.76187E+0	-9.27734E-2	2.06520E-3	0.00000E+0
4.76445E+0	-9.26270E-2	2.09587E-3	8.37142E-4
4.76533E+0	-9.26270E-2	1.16545E-3	8.37142E-4
4.76563E+0	-9.26758E-2	0.00000E+0	6.87038E-4
4.76567E+0	-9.25293E-2	4.88281E-4	1.06955E-3
4.76626E+0	-9.25293E-2	1.65038E-3	1.06955E-3
4.76655E+0	-9.25293E-2	1.92518E-3	1.06955E-3
4.76924E+0	-9.25781E-2	2.15256E-3	9.61652E-4
4.77256E+0	-9.24805E-2	2.42209E-3	1.16545E-3
4.77534E+0	-9.26270E-2	4.88281E-4	8.37142E-4
4.77539E+0	-9.26758E-2	0.00000E+0	6.87038E-4
4.77695E+0	-9.25293E-2	2.28919E-3	1.06955E-3
4.78018E+0	-9.24805E-2	6.87038E-4	1.16545E-3
4.78022E+0	-9.25293E-2	4.88281E-4	1.06955E-3
4.78027E+0	-9.26270E-2	0.00000E+0	8.37142E-4
4.78027E+0	-9.24805E-2	0.00000E+0	1.16545E-3
4.78027E+0	-9.21875E-2	0.00000E+0	1.59472E-3
4.78027E+0	-9.18945E-2	0.00000E+0	1.88537E-3
4.78018E+0	-9.19922E-2	6.87038E-4	1.79909E-3
4.78027E+0	-9.20898E-2	0.00000E+0	1.70281E-3
4.78032E+0	-9.19434E-2	4.88281E-4	1.84338E-3
4.78228E+0	-9.22363E-2	2.41363E-3	1.53548E-3
4.78696E+0	-9.14551E-2	2.46887E-3	2.17869E-3
4.79302E+0	-9.04297E-2	2.39359E-3	2.45174E-3
4.79399E+0	-9.00391E-2	1.92518E-3	2.43597E-3
4.79434E+0	-9.04297E-2	1.59472E-3	2.45174E-3
4.79453E+0	-9.02344E-2	1.33135E-3	2.45174E-3
4.79443E+0	-8.95020E-2	1.47222E-3	2.30753E-3
4.79434E+0	-8.97461E-2	1.59472E-3	2.38199E-3
4.79443E+0	-9.01855E-2	1.47222E-3	2.44928E-3
4.79414E+0	-8.94043E-2	1.79909E-3	2.26964E-3
4.79399E+0	-9.04297E-2	1.92518E-3	2.45174E-3
4.79443E+0	-8.94531E-2	1.47222E-3	2.28919E-3
4.79424E+0	-9.00879E-2	1.70281E-3	2.44141E-3
4.79448E+0	-8.95020E-2	1.40441E-3	2.30753E-3
4.79404E+0	-8.97949E-2	1.88537E-3	2.39359E-3
4.79448E+0	-8.95996E-2	1.40441E-3	2.34069E-3
4.79453E+0	-8.88184E-2	1.33135E-3	1.92518E-3
4.79468E+0	-8.84766E-2	1.06955E-3	1.59472E-3
4.79482E+0	-8.83789E-2	6.87038E-4	1.47222E-3
4.79492E+0	-8.81348E-2	0.00000E+0	1.06955E-3
4.79624E+0	-8.79395E-2	2.17869E-3	4.88281E-4
4.79976E+0	-8.79883E-2	4.88281E-4	6.87038E-4
4.80059E+0	-8.80371E-2	1.79909E-3	8.37142E-4
4.80322E+0	-8.80371E-2	2.24886E-3	8.37142E-4
4.80454E+0	-8.79395E-2	8.37142E-4	4.88281E-4
4.80469E+0	-8.80371E-2	0.00000E+0	8.37142E-4
4.80479E+0	-8.78906E-2	6.87038E-4	0.00000E+0
4.80737E+0	-8.78906E-2	2.44141E-3	0.00000E+0
4.80952E+0	-8.78906E-2	8.48571E-4	0.00000E+0
4.81187E+0	-8.78906E-2	2.44928E-3	0.00000E+0
4.81431E+0	-8.78906E-2	8.37142E-4	0.00000E+0
4.81445E+0	-8.78906E-2	0.00000E+0	0.00000E+0
4.81597E+0	-8.78906E-2	2.26964E-3	0.00000E+0
4.81909E+0	-8.78906E-2	1.06955E-3	0.00000E+0
4.82036E+0	-8.76465E-2	1.99883E-3	1.06955E-3
4.82397E+0	-8.67187E-2	1.06955E-3	2.09587E-3
4.82437E+0	-8.39355E-2	8.37142E-4	1.92518E-3
4.82427E+0	-8.32520E-2	4.88281E-4	1.06955E-3
4.82432E+0	-8.34961E-2	6.87038E-4	1.47222E-3
4.82441E+0	-8.31543E-2	9.61652E-4	8.37142E-4
4.82427E+0	-8.31543E-2	4.88281E-4	8.37142E-4
4.82422E+0	-8.44238E-2	0.00000E+0	2.22680E-3
4.82432E+0	-8.38867E-2	6.87038E-4	1.88537E-3
4.82427E+0	-8.47168E-2	4.88281E-4	2.34069E-3
4.82422E+0	-8.54004E-2	0.00000E+0	2.45321E-3
4.82432E+0	-8.36914E-2	6.87038E-4	1.70281E-3
4.82422E+0	-8.43750E-2	0.00000E+0	2.20342E-3
4.82422E+0	-8.45215E-2	0.00000E+0	2.26964E-3
4.82427E+0	-8.46191E-2	4.88281E-4	2.30753E-3
4.82422E+0	-8.51074E-2	0.00000E+0	2.42954E-3
4.82422E+0	-8.55957E-2	0.00000E+0	2.44928E-3
4.82422E+0	-8.73535E-2	0.00000E+0	1.53548E-3
4.82422E+0	-8.73047E-2	0.00000E+0	1.59472E-3
4.82427E+0	-8.65723E-2	4.88281E-4	2.17869E-3
4.82422E+0	-8.48633E-2	0.00000E+0	2.38199E-3
4.82427E+0	-8.50586E-2	4.88281E-4	2.42209E-3
4.82422E+0	-8.66699E-2	0.00000E+0	2.12497E-3
4.82432E+0	-8.69629E-2	6.87038E-4	1.92518E-3
4.82437E+0	-8.71094E-2	8.37142E-4	1.79909E-3
4.82681E+0	-8.62305E-2	2.44928E-3	2.32468E-3
4.82910E+0	-8.36914E-2	0.00000E+0	1.70281E-3
4.82939E+0	-8.30566E-2	1.16545E-3	4.88281E-4
4.83052E+0	-8.30078E-2	2.22680E-3	0.00000E+0
4.83374E+0	-8.30078E-2	1.06955E-3	0.00000E+0
4.83403E+0	-8.30078E-2	4.88281E-4	0.00000E+0
4.83398E+0	-8.30078E-2	0.00000E+0	0.00000E+0
4.83398E+0	-8.32031E-2	0.00000E+0	9.61652E-4
4.83403E+0	-8.33008E-2	4.88281E-4	1.16545E-3
4.83403E+0	-8.30078E-2	4.88281E-4	0.00000E+0
4.83408E+0	-8.30566E-2	6.87038E-4	4.88281E-4
4.83398E+0	-8.31055E-2	0.00000E+0	6.87038E-4
4.83398E+0	-8.31543E-2	0.00000E+0	8.37142E-4
4.83403E+0	-8.33496E-2	4.88281E-4	1.25211E-3
4.83398E+0	-8.30566E-2	0.00000E+0	4.88281E-4
4.83398E+0	-8.31055E-2	0.00000E+0	6.87038E-4
4.83398E+0	-8.33984E-2	0.00000E+0	1.33135E-3
4.83491E+0	-8.31055E-2	1.92518E-3	6.87038E-4
4.84038E+0	-8.30078E-2	2.47277E-3	0.00000E+0
4.84424E+0	-8.26172E-2	1.47222E-3	1.33135E-3
4.84790E+0	-8.25684E-2	1.75230E-3	1.40441E-3
4.84858E+0	-8.24707E-2	4.88281E-4	1.53548E-3
4.85044E+0	-8.25684E-2	2.36932E-3	1.40441E-3
4.85347E+0	-8.29102E-2	4.88281E-4	6.87038E-4
4.85591E+0	-8.30078E-2	2.45321E-3	0.00000E+0
4.85840E+0	-8.27637E-2	0.00000E+0	1.06955E-3
4.85845E+0	-8.23242E-2	4.88281E-4	1.70281E-3
4.86201E+0	-8.21289E-2	2.15256E-3	1.88537E-3
4.86963E+0	-8.27148E-2	5.02860E-3	1.16545E-3
4.87944E+0	-8.30078E-2	2.26964E-3	0.00000E+0
4.88604E+0	-8.29590E-2	2.32468E-3	4.88281E-4
4.88770E+0	-8.30078E-2	0.00000E+0	0.00000E+0
4.88770E+0	-8.29590E-2	0.00000E+0	4.88281E-4
4.88779E+0	-8.29102E-2	6.87038E-4	6.87038E-4
4.89136E+0	-8.30078E-2	2.23543E-3	0.00000E+0
4.89658E+0	-8.30078E-2	1.88537E-3	0.00000E+0
4.89966E+0	-8.30566E-2	2.44141E-3	4.88281E-4
4.90229E+0	-8.30566E-2	4.88281E-4	4.88281E-4
4.90229E+0	-8.30078E-2	4.88281E-4	0.00000E+0
4.90234E+0	-8.28613E-2	0.00000E+0	8.37142E-4
4.90225E+0	-8.27637E-2	6.87038E-4	1.06955E-3
4.90220E+0	-8.26660E-2	8.37142E-4	1.25211E-3
4.90229E+0	-8.29590E-2	4.88281E-4	4.88281E-4
4.90234E+0	-8.30078E-2	0.00000E+0	0.00000E+0
4.90225E+0	-8.31543E-2	6.87038E-4	8.37142E-4
4.90229E+0	-8.32520E-2	4.88281E-4	1.06955E-3
4.90225E+0	-8.33496E-2	6.87038E-4	1.25211E-3
4.90562E+0	-8.33496E-2	2.60185E-3	1.25211E-3
4.91279E+0	-8.33008E-2	2.50422E-3	1.16545E-3
4.91680E+0	-8.30566E-2	9.61652E-4	4.88281E-4
4.91719E+0	-8.30078E-2	9.61652E-4	0.00000E+0
4.91899E+0	-8.30078E-2	2.41363E-3	0.00000E+0
4.92114E+0	-8.43750E-2	1.75230E-3	2.20342E-3
4.92173E+0	-8.67187E-2	8.37142E-4	2.09587E-3
4.92280E+0	-8.75000E-2	1.92518E-3	1.33135E-3
4.92676E+0	-8.65234E-2	1.20207E-3	2.20342E-3
4.93145E+0	-8.39355E-2	1.37408E-3	1.92518E-3
4.93472E+0	-8.30078E-2	2.36932E-3	0.00000E+0
4.93662E+0	-8.30078E-2	6.87038E-4	0.00000E+0
4.94082E+0	-8.30078E-2	1.59472E-3	0.00000E+0
4.94141E+0	-8.29590E-2	0.00000E+0	4.88281E-4
4.94351E+0	-8.35449E-2	2.42954E-3	1.53548E-3
4.94692E+0	-8.40332E-2	1.65038E-3	1.99883E-3
4.94761E+0	-8.36426E-2	2.17869E-3	1.65038E-3
4.95122E+0	-8.30566E-2	1.29745E-3	4.88281E-4
4.95552E+0	-8.23242E-2	1.53548E-3	1.70281E-3
4.95605E+0	-8.17383E-2	0.00000E+0	2.15256E-3
4.95605E+0	-8.14941E-2	0.00000E+0	2.26964E-3
4.95605E+0	-8.19824E-2	0.00000E+0	1.99883E-3
4.95620E+0	-8.18359E-2	8.37142E-4	2.09587E-3
4.95605E+0	-8.29102E-2	0.00000E+0	6.87038E-4
4.95620E+0	-8.29102E-2	8.37142E-4	6.87038E-4
4.95864E+0	-8.14453E-2	2.44928E-3	2.28919E-3
4.96338E+0	-8.29590E-2	2.45371E-3	4.88281E-4
4.96685E+0	-8.30078E-2	1.99883E-3	0.00000E+0
4.96982E+0	-8.30566E-2	1.88537E-3	4.88281E-4
4.97417E+0	-8.30078E-2	2.22680E-3	0.00000E+0
4.97964E+0	-8.30078E-2	2.08839E-3	0.00000E+0
4.98457E+0	-8.33008E-2	1.79909E-3	1.16545E-3
4.98535E+0	-8.31543E-2	0.00000E+0	8.37142E-4
4.98701E+0	-8.32520E-2	2.32468E-3	1.06955E-3
4.98999E+0	-8.32520E-2	1.06955E-3	1.06955E-3
4.99004E+0	-8.40332E-2	9.61652E-4	1.99883E-3
4.99058E+0	-8.44727E-2	1.25211E-3	2.24886E-3
4.99492E+0	-8.60840E-2	9.61652E-4	2.36932E-3
4.99531E+0	-8.77930E-2	9.61652E-4	6.87038E-4
4.99766E+0	-8.78906E-2	2.45174E-3	0.00000E+0
5.00068E+0	-8.78906E-2	1.96542E-3	0.00000E+0
5.00483E+0	-8.78906E-2	4.88281E-4	0.00000E+0
5.00562E+0	-8.78906E-2	1.75230E-3	0.00000E+0
5.00874E+0	-8.78906E-2	1.99883E-3	0.00000E+0
5.01011E+0	-8.78906E-2	1.25211E-3	0.00000E+0
5.01392E+0	-8.78906E-2	1.75230E-3	0.00000E+0
5.01475E+0	-8.78906E-2	6.87038E-4	0.00000E+0
5.01875E+0	-8.78418E-2	1.92831E-3	4.88281E-4
5.02266E+0	-8.78906E-2	2.35556E-3	0.00000E+0
5.02500E+0	-8.77930E-2	1.59472E-3	6.87038E-4
5.02959E+0	-8.76465E-2	1.94076E-3	1.06955E-3
5.03389E+0	-8.64258E-2	1.16545E-3	2.24886E-3
5.03770E+0	-8.45215E-2	2.20342E-3	2.26964E-3
5.04253E+0	-8.33984E-2	2.22680E-3	1.33135E-3
5.04424E+0	-8.31055E-2	1.16545E-3	6.87038E-4
5.04854E+0	-8.30566E-2	1.81242E-3	4.88281E-4
5.05117E+0	-8.30078E-2	2.45174E-3	0.00000E+0
5.05361E+0	-8.30078E-2	6.87038E-4	0.00000E+0
5.05376E+0	-8.29590E-2	4.88281E-4	4.88281E-4
5.05566E+0	-8.29590E-2	2.40413E-3	4.88281E-4
5.05845E+0	-8.27148E-2	8.37142E-4	1.16545E-3
5.06074E+0	-8.24707E-2	2.43597E-3	1.53548E-3
5.06348E+0	-8.10059E-2	0.00000E+0	2.41363E-3
5.06719E+0	-8.08594E-2	4.76398E-3	2.43597E-3
5.07319E+0	-8.05176E-2	1.09623E-3	2.45321E-3
5.07637E+0	-7.98340E-2	2.35556E-3	2.34069E-3
5.07813E+0	-7.96875E-2	0.00000E+0	2.28919E-3
5.07871E+0	-7.91016E-2	1.59472E-3	1.96296E-3
5.08252E+0	-7.88574E-2	1.62760E-3	1.75230E-3
5.08521E+0	-7.86133E-2	2.44141E-3	1.47222E-3
5.08789E+0	-7.84180E-2	0.00000E+0	1.16545E-3
5.08887E+0	-7.82715E-2	1.96296E-3	8.37142E-4
5.09268E+0	-7.84668E-2	6.87038E-4	1.25211E-3
5.09590E+0	-7.82715E-2	2.35556E-3	8.37142E-4
5.09766E+0	-7.82715E-2	0.00000E+0	8.37142E-4
5.09814E+0	-7.82227E-2	1.47222E-3	6.87038E-4
5.10127E+0	-7.82227E-2	2.15256E-3	6.87038E-4
5.10283E+0	-7.81250E-2	1.16545E-3	0.00000E+0
5.10630E+0	-7.81738E-2	2.06520E-3	4.88281E-4
5.10742E+0	-7.81738E-2	0.00000E+0	4.88281E-4
5.10825E+0	-7.81738E-2	1.84338E-3	4.88281E-4
5.11152E+0	-7.81250E-2	1.79909E-3	0.00000E+0
5.11230E+0	-7.81250E-2	0.00000E+0	0.00000E+0
5.11274E+0	-7.81250E-2	1.40441E-3	0.00000E+0
5.11631E+0	-7.83691E-2	1.88537E-3	1.06955E-3
5.11729E+0	-7.87109E-2	6.87038E-4	1.59472E-3
5.11982E+0	-7.88574E-2	2.44584E-3	1.75230E-3
5.12598E+0	-7.96875E-2	1.96296E-3	2.28919E-3
5.12988E+0	-8.15430E-2	2.40413E-3	2.24886E-3
5.13418E+0	-8.23730E-2	2.45174E-3	1.65038E-3
5.13672E+0	-8.29102E-2	0.00000E+0	6.87038E-4
5.13779E+0	-8.29590E-2	2.03288E-3	4.88281E-4
5.14146E+0	-8.28125E-2	8.37142E-4	9.61652E-4
5.14297E+0	-8.27148E-2	2.20342E-3	1.16545E-3
5.14629E+0	-8.15918E-2	9.61652E-4	2.22680E-3
5.14946E+0	-8.05664E-2	2.39359E-3	2.45371E-3
5.15132E+0	-7.94922E-2	4.88281E-4	2.20342E-3
5.15444E+0	-7.96387E-2	2.36932E-3	2.26964E-3
5.15625E+0	-8.00293E-2	0.00000E+0	2.39359E-3
5.15684E+0	-8.05664E-2	1.59472E-3	2.45371E-3
5.16001E+0	-8.11523E-2	2.06520E-3	2.38199E-3
5.16182E+0	-8.29102E-2	1.70281E-3	6.87038E-4
5.16479E+0	-8.30078E-2	2.12497E-3	0.00000E+0
5.16602E+0	-8.33008E-2	0.00000E+0	1.16545E-3
5.16680E+0	-8.39355E-2	1.79909E-3	1.92518E-3
5.17051E+0	-8.37891E-2	1.33135E-3	1.79909E-3
5.17256E+0	-8.31055E-2	2.32468E-3	6.87038E-4
5.17583E+0	-8.30078E-2	4.88281E-4	0.00000E+0
5.17798E+0	-8.28613E-2	2.44141E-3	8.37142E-4
5.18154E+0	-8.20312E-2	2.12554E-3	1.96296E-3
5.18569E+0	-8.09082E-2	1.08741E-3	2.42954E-3
5.18862E+0	-7.92480E-2	2.36932E-3	2.06520E-3
5.19067E+0	-7.94922E-2	1.06955E-3	2.20342E-3
5.19507E+0	-8.02734E-2	1.06955E-3	2.43597E-3
5.19766E+0	-8.14453E-2	2.45174E-3	2.28919E-3
5.20024E+0	-8.23242E-2	4.88281E-4	1.70281E-3
5.20020E+0	-8.28125E-2	0.00000E+0	9.61652E-4
5.20015E+0	-8.29590E-2	4.88281E-4	4.88281E-4
5.20020E+0	-8.29590E-2	0.00000E+0	4.88281E-4
5.20015E+0	-8.27637E-2	4.88281E-4	1.06955E-3
5.20029E+0	-8.30078E-2	6.87038E-4	0.00000E+0
5.20029E+0	-8.30078E-2	6.87038E-4	0.00000E+0
5.20024E+0	-8.30078E-2	4.88281E-4	0.00000E+0
5.20024E+0	-8.31055E-2	8.48571E-4	6.87038E-4
5.20103E+0	-8.30078E-2	1.84338E-3	0.00000E+0
5.20391E+0	-8.30078E-2	2.09587E-3	0.00000E+0
5.20293E+0	-8.30078E-2	2.43597E-3	0.00000E+0
5.20425E+0	-8.30078E-2	1.84338E-3	0.00000E+0
5.20571E+0	-8.30078E-2	1.65038E-3	0.00000E+0
5.20972E+0	-8.30078E-2	1.06955E-3	0.00000E+0
5.21323E+0	-8.31055E-2	2.30753E-3	6.87038E-4
5.21587E+0	-8.38379E-2	1.99883E-3	1.84338E-3
5.21943E+0	-8.49609E-2	1.16545E-3	2.40413E-3
5.22104E+0	-8.60352E-2	2.17869E-3	2.38199E-3
5.22505E+0	-8.62793E-2	1.56653E-3	2.30753E-3
5.22842E+0	-8.73047E-2	2.03288E-3	1.59472E-3
5.22949E+0	-8.73535E-2	0.00000E+0	1.53548E-3
5.22949E+0	-8.75488E-2	0.00000E+0	1.25211E-3
5.22979E+0	-8.65723E-2	1.16545E-3	2.17869E-3
5.23218E+0	-8.58398E-2	2.44141E-3	2.42209E-3
5.23413E+0	-8.56934E-2	1.06955E-3	2.44141E-3
5.23438E+0	-8.68164E-2	0.00000E+0	2.03288E-3
5.23721E+0	-8.71582E-2	2.42209E-3	1.75230E-3
5.23979E+0	-8.76465E-2	1.53548E-3	1.06955E-3
5.24395E+0	-8.75000E-2	9.61652E-4	1.33135E-3
5.24429E+0	-8.74512E-2	8.37142E-4	1.40441E-3
5.24766E+0	-8.75488E-2	2.20342E-3	1.25211E-3
5.25005E+0	-8.72070E-2	1.99883E-3	1.70281E-3
5.25376E+0	-8.75000E-2	8.37142E-4	1.33135E-3
5.25391E+0	-8.64746E-2	0.00000E+0	2.22680E-3
5.25391E+0	-8.66699E-2	0.00000E+0	2.12497E-3
5.25791E+0	-8.64258E-2	4.82726E-3	2.24886E-3
5.26377E+0	-8.54492E-2	6.87038E-4	2.45371E-3
5.26772E+0	-8.49609E-2	1.84338E-3	2.40413E-3
5.27041E+0	-8.49609E-2	2.38199E-3	2.40413E-3
5.27378E+0	-8.46680E-2	1.59094E-3	2.32468E-3
5.27783E+0	-8.41309E-2	1.47222E-3	2.06520E-3
5.27920E+0	-8.38379E-2	1.88537E-3	1.84338E-3
5.28486E+0	-8.33984E-2	2.42607E-3	1.33135E-3
5.29004E+0	-8.33496E-2	2.40413E-3	1.25211E-3
5.29492E+0	-8.30078E-2	2.40413E-3	0.00000E+0
5.29771E+0	-8.30078E-2	8.37142E-4	0.00000E+0
5.29785E+0	-8.30078E-2	0.00000E+0	0.00000E+0
5.30034E+0	-8.30078E-2	2.45321E-3	0.00000E+0
5.30312E+0	-8.30078E-2	1.33135E-3	0.00000E+0
5.30337E+0	-8.29590E-2	1.65038E-3	4.88281E-4
5.30488E+0	-8.29590E-2	2.43597E-3	4.88281E-4
5.30801E+0	-8.30078E-2	1.50138E-3	0.00000E+0
5.31191E+0	-8.30078E-2	1.59472E-3	0.00000E+0
5.31270E+0	-8.29590E-2	9.61652E-4	4.88281E-4
5.31597E+0	-8.28613E-2	2.22680E-3	8.37142E-4
5.31738E+0	-8.30078E-2	6.94013E-4	0.00000E+0
5.32056E+0	-8.30078E-2	2.34069E-3	0.00000E+0
5.32324E+0	-8.30078E-2	1.96296E-3	0.00000E+0
5.32695E+0	-8.30078E-2	9.61652E-4	0.00000E+0
5.32949E+0	-8.30078E-2	2.45174E-3	0.00000E+0
5.33252E+0	-8.30078E-2	1.47222E-3	0.00000E+0
5.33618E+0	-8.30078E-2	1.75230E-3	0.00000E+0
5.33691E+0	-8.30078E-2	0.00000E+0	0.00000E+0
5.33730E+0	-8.30078E-2	1.33135E-3	0.00000E+0
5.34116E+0	-8.30078E-2	1.65038E-3	0.00000E+0
5.34282E+0	-8.30078E-2	1.99883E-3	0.00000E+0
5.34561E+0	-8.30078E-2	2.03288E-3	0.00000E+0
5.34624E+0	-8.30078E-2	1.40441E-3	0.00000E+0
5.34639E+0	-8.30078E-2	1.16545E-3	0.00000E+0
5.34668E+0	-8.31055E-2	0.00000E+0	6.87038E-4
5.34678E+0	-8.30078E-2	6.87038E-4	0.00000E+0
5.34702E+0	-8.30566E-2	1.25211E-3	4.88281E-4
5.34873E+0	-8.30566E-2	2.42209E-3	4.88281E-4
5.35176E+0	-8.33984E-2	9.61652E-4	1.33135E-3
5.35449E+0	-8.42285E-2	2.40413E-3	2.12497E-3
5.35645E+0	-8.48633E-2	0.00000E+0	2.38199E-3
5.35674E+0	-8.59863E-2	1.16545E-3	2.39359E-3
5.36030E+0	-8.73047E-2	2.11589E-3	1.59472E-3
5.36401E+0	-8.76465E-2	2.44141E-3	1.06955E-3
5.36616E+0	-8.78418E-2	4.88281E-4	4.88281E-4
5.36758E+0	-8.78906E-2	2.20342E-3	0.00000E+0
5.37114E+0	-8.78906E-2	1.90000E-3	0.00000E+0
5.37578E+0	-8.78906E-2	9.61652E-4	0.00000E+0
5.37603E+0	-8.79395E-2	4.88281E-4	4.88281E-4
5.37842E+0	-8.78906E-2	2.45371E-3	0.00000E+0
5.38081E+0	-8.78906E-2	4.88281E-4	0.00000E+0
5.38350E+0	-8.78906E-2	2.44584E-3	0.00000E+0
5.38599E+0	-8.80371E-2	1.06955E-3	8.37142E-4
5.38965E+0	-8.78906E-2	1.96296E-3	0.00000E+0
5.39063E+0	-8.78906E-2	0.00000E+0	0.00000E+0
5.39131E+0	-8.78906E-2	1.70281E-3	0.00000E+0
5.39517E+0	-8.78906E-2	1.25211E-3	0.00000E+0
5.39756E+0	-8.78906E-2	2.42209E-3	0.00000E+0
5.40059E+0	-8.78906E-2	9.61652E-4	0.00000E+0
5.40405E+0	-8.78418E-2	2.12497E-3	4.88281E-4
5.40522E+0	-8.77441E-2	4.88281E-4	8.37142E-4
5.40547E+0	-8.76953E-2	9.61652E-4	9.61652E-4
5.40845E+0	-8.74512E-2	2.34069E-3	1.40441E-3
5.41016E+0	-8.77441E-2	6.94013E-4	8.37142E-4
5.41274E+0	-8.74512E-2	2.44928E-3	1.40441E-3
5.41504E+0	-8.73535E-2	0.00000E+0	1.53548E-3
5.41646E+0	-8.73535E-2	2.22680E-3	1.53548E-3
5.42158E+0	-8.69629E-2	2.32468E-3	1.92518E-3
5.42827E+0	-8.71094E-2	2.53053E-3	1.79909E-3
5.43452E+0	-8.76465E-2	1.29745E-3	1.06955E-3
5.44053E+0	-8.78418E-2	2.82592E-3	4.88281E-4
5.44463E+0	-8.78906E-2	1.16545E-3	0.00000E+0
5.44834E+0	-8.78906E-2	2.23597E-3	0.00000E+0
5.45557E+0	-8.78906E-2	4.68137E-3	0.00000E+0
5.45898E+0	-8.78906E-2	0.00000E+0	0.00000E+0
5.45942E+0	-8.78906E-2	1.40441E-3	0.00000E+0
5.46313E+0	-8.78906E-2	1.75230E-3	0.00000E+0
5.46450E+0	-8.78906E-2	1.65038E-3	0.00000E+0
5.46855E+0	-8.78906E-2	1.53939E-3	0.00000E+0
5.47212E+0	-8.78906E-2	2.26964E-3	0.00000E+0
5.47407E+0	-8.78906E-2	1.40441E-3	0.00000E+0
5.47764E+0	-8.77441E-2	1.88537E-3	8.37142E-4
5.48110E+0	-8.72559E-2	2.63862E-3	1.65038E-3
5.48809E+0	-8.48633E-2	1.82566E-3	2.38199E-3
5.49248E+0	-8.35937E-2	1.70281E-3	1.59472E-3
5.49448E+0	-8.31543E-2	2.17869E-3	8.37142E-4
5.49800E+0	-8.30566E-2	8.48571E-4	4.88281E-4
5.50156E+0	-8.31055E-2	2.20342E-3	6.87038E-4
5.50688E+0	-8.31543E-2	2.04646E-3	8.37142E-4
5.51216E+0	-8.31543E-2	1.82236E-3	8.37142E-4
5.51646E+0	-8.39844E-2	2.06520E-3	1.96296E-3
5.51855E+0	-8.45703E-2	1.96296E-3	2.28919E-3
5.52461E+0	-8.46191E-2	2.53291E-3	2.30753E-3
5.52764E+0	-8.55957E-2	1.16545E-3	2.44928E-3
5.53105E+0	-8.54004E-2	2.09587E-3	2.45321E-3
5.53252E+0	-8.54980E-2	1.16545E-3	2.45321E-3
5.53687E+0	-8.58887E-2	1.06955E-3	2.41363E-3
5.53862E+0	-8.70605E-2	2.26964E-3	1.84338E-3
5.54194E+0	-8.75488E-2	8.48571E-4	1.25211E-3
5.54204E+0	-8.78906E-2	4.88281E-4	0.00000E+0
5.54331E+0	-8.77441E-2	2.17869E-3	8.37142E-4
5.54668E+0	-8.78906E-2	9.61652E-4	0.00000E+0
5.54912E+0	-8.78906E-2	2.44584E-3	0.00000E+0
5.55186E+0	-8.78906E-2	6.87038E-4	0.00000E+0
5.55566E+0	-8.78906E-2	1.96296E-3	0.00000E+0
5.55718E+0	-8.78906E-2	1.53548E-3	0.00000E+0
5.56191E+0	-8.78906E-2	2.04469E-3	0.00000E+0
5.56597E+0	-8.78906E-2	1.40441E-3	0.00000E+0
5.56807E+0	-8.78906E-2	2.32468E-3	0.00000E+0
5.57246E+0	-8.78906E-2	2.31430E-3	0.00000E+0
5.57622E+0	-8.79395E-2	4.88281E-4	4.88281E-4
5.57993E+0	-8.82813E-2	2.06520E-3	1.33135E-3
5.58140E+0	-8.83301E-2	1.25211E-3	1.40441E-3
5.58506E+0	-8.83789E-2	1.88537E-3	1.47222E-3
5.58804E+0	-8.88184E-2	2.42954E-3	1.92518E-3
5.59097E+0	-8.89648E-2	8.37142E-4	2.03288E-3
5.59473E+0	-8.88184E-2	1.96296E-3	1.92518E-3
5.59585E+0	-8.92578E-2	8.37142E-4	2.20342E-3
5.59717E+0	-8.89160E-2	2.24886E-3	1.99883E-3
5.60024E+0	-8.91602E-2	1.25211E-3	2.15256E-3
5.60508E+0	-8.94043E-2	1.33135E-3	2.26964E-3
5.60889E+0	-8.92578E-2	2.24886E-3	2.20342E-3
5.61089E+0	-8.99902E-2	1.53548E-3	2.42954E-3
5.61294E+0	-8.96484E-2	2.44928E-3	2.35556E-3
5.61514E+0	-8.95996E-2	6.87038E-4	2.34069E-3
5.61572E+0	-8.96484E-2	1.47222E-3	2.35556E-3
5.62002E+0	-8.93066E-2	6.87038E-4	2.22680E-3
5.62012E+0	-8.97949E-2	0.00000E+0	2.39359E-3
5.62017E+0	-8.98437E-2	4.88281E-4	2.40413E-3
5.62012E+0	-8.90137E-2	0.00000E+0	2.06520E-3
5.62017E+0	-8.98437E-2	4.88281E-4	2.40413E-3
5.62285E+0	-8.94043E-2	2.43597E-3	2.26964E-3
5.62959E+0	-8.93066E-2	1.52367E-3	2.22680E-3
5.63374E+0	-8.90137E-2	1.99883E-3	2.06520E-3
5.63765E+0	-8.87207E-2	2.41363E-3	1.84338E-3
5.64204E+0	-8.89648E-2	2.45321E-3	2.03288E-3
5.64424E+0	-8.86230E-2	1.16545E-3	1.75230E-3
5.64570E+0	-8.88672E-2	3.18944E-3	1.96296E-3
5.65391E+0	-8.99902E-2	2.26805E-3	2.42954E-3
5.65630E+0	-9.07715E-2	2.41363E-3	2.41363E-3
5.65898E+0	-9.13574E-2	9.61652E-4	2.22680E-3
5.65952E+0	-9.10156E-2	1.25211E-3	2.35556E-3
5.66353E+0	-9.20898E-2	1.82236E-3	1.70281E-3
5.66958E+0	-9.21387E-2	2.15647E-3	1.65038E-3
5.67358E+0	-9.26270E-2	1.06955E-3	8.37142E-4
5.67441E+0	-9.27246E-2	1.59472E-3	4.88281E-4
5.67505E+0	-9.25293E-2	2.12497E-3	1.06955E-3
5.67485E+0	-9.26758E-2	1.99883E-3	6.87038E-4
5.67495E+0	-9.26758E-2	2.06520E-3	6.87038E-4
5.67500E+0	-9.26758E-2	2.09587E-3	6.87038E-4
5.67573E+0	-9.27246E-2	2.39359E-3	4.88281E-4
5.67539E+0	-9.26758E-2	2.28919E-3	6.87038E-4
5.67554E+0	-9.26758E-2	2.34069E-3	6.87038E-4
5.67529E+0	-9.27734E-2	2.24886E-3	0.00000E+0
5.67500E+0	-9.27734E-2	2.09587E-3	0.00000E+0
5.67549E+0	-9.27246E-2	2.32468E-3	4.88281E-4
5.67510E+0	-9.26758E-2	2.15256E-3	6.87038E-4
5.67520E+0	-9.27246E-2	2.20342E-3	4.88281E-4
5.67520E+0	-9.26270E-2	2.20342E-3	8.37142E-4
5.67520E+0	-9.26758E-2	2.20342E-3	6.87038E-4
5.67520E+0	-9.27246E-2	2.20342E-3	4.88281E-4
5.67471E+0	-9.26758E-2	1.88537E-3	6.87038E-4
5.67500E+0	-9.27734E-2	2.09587E-3	0.00000E+0
5.67563E+0	-9.27246E-2	2.36932E-3	4.88281E-4
5.67583E+0	-9.27734E-2	2.41363E-3	0.00000E+0
5.67588E+0	-9.27734E-2	2.42209E-3	0.00000E+0
5.67554E+0	-9.27246E-2	2.34069E-3	4.88281E-4
5.67568E+0	-9.26758E-2	2.38199E-3	6.87038E-4
5.67603E+0	-9.27246E-2	2.44141E-3	4.88281E-4
5.67534E+0	-9.27246E-2	2.26964E-3	4.88281E-4
5.67524E+0	-9.27734E-2	2.22680E-3	0.00000E+0
5.67578E+0	-9.26758E-2	2.40413E-3	6.87038E-4
5.67568E+0	-9.26758E-2	2.38199E-3	6.87038E-4
5.67563E+0	-9.27734E-2	2.36932E-3	0.00000E+0
5.67510E+0	-9.27734E-2	2.15256E-3	0.00000E+0
5.67520E+0	-9.27734E-2	2.20342E-3	0.00000E+0
5.67500E+0	-9.27734E-2	2.09587E-3	0.00000E+0
5.67515E+0	-9.27734E-2	2.17869E-3	0.00000E+0
