4.43359E+0	-9.27246E-2	0.00000E+0	4.88281E-4
4.43359E+0	-9.26758E-2	0.00000E+0	6.87038E-4
4.43359E+0	-9.27246E-2	0.00000E+0	4.88281E-4
4.43359E+0	-9.27246E-2	0.00000E+0	4.88281E-4
4.43359E+0	-9.27734E-2	0.00000E+0	0.00000E+0
4.43359E+0	-9.27734E-2	0.00000E+0	0.00000E+0
4.43359E+0	-9.27734E-2	0.00000E+0	0.00000E+0
4.43359E+0	-9.27246E-2	0.00000E+0	4.88281E-4
4.43359E+0	-9.27734E-2	0.00000E+0	0.00000E+0
4.43359E+0	-9.27246E-2	0.00000E+0	4.88281E-4
4.43359E+0	-9.27734E-2	0.00000E+0	0.00000E+0
4.43359E+0	-9.27246E-2	0.00000E+0	4.88281E-4
4.43359E+0	-9.27246E-2	0.00000E+0	4.88281E-4
4.43359E+0	-9.27734E-2	0.00000E+0	0.00000E+0
4.43359E+0	-9.27734E-2	0.00000E+0	0.00000E+0
4.43359E+0	-9.27246E-2	0.00000E+0	4.88281E-4
4.43359E+0	-9.27734E-2	0.00000E+0	0.00000E+0
4.43359E+0	-9.26758E-2	0.00000E+0	6.87038E-4
4.43359E+0	-9.27734E-2	0.00000E+0	0.00000E+0
4.43359E+0	-9.27734E-2	0.00000E+0	0.00000E+0
4.43359E+0	-9.27246E-2	0.00000E+0	4.88281E-4
4.43359E+0	-9.27246E-2	0.00000E+0	4.88281E-4
4.43359E+0	-9.27734E-2	0.00000E+0	0.00000E+0
4.43359E+0	-9.27734E-2	0.00000E+0	0.00000E+0
4.43359E+0	-9.27734E-2	0.00000E+0	0.00000E+0
4.43359E+0	-9.27734E-2	0.00000E+0	0.00000E+0
4.43359E+0	-9.27734E-2	0.00000E+0	0.00000E+0
4.43359E+0	-9.27734E-2	0.00000E+0	0.00000E+0
4.43359E+0	-9.27734E-2	0.00000E+0	0.00000E+0
4.43359E+0	-9.27734E-2	0.00000E+0	0.00000E+0
4.43359E+0	-9.27734E-2	0.00000E+0	0.00000E+0
4.43359E+0	-9.27246E-2	0.00000E+0	4.88281E-4
4.43359E+0	-9.27734E-2	0.00000E+0	0.00000E+0
4.43359E+0	-9.27734E-2	0.00000E+0	0.00000E+0
4.43359E+0	-9.27734E-2	0.00000E+0	0.00000E+0
4.43359E+0	-9.27734E-2	0.00000E+0	0.00000E+0
4.43359E+0	-9.27734E-2	0.00000E+0	0.00000E+0
4.43359E+0	-9.27734E-2	0.00000E+0	0.00000E+0
4.43359E+0	-9.27734E-2	0.00000E+0	0.00000E+0
4.43359E+0	-9.27734E-2	0.00000E+0	0.00000E+0
4.43359E+0	-9.27734E-2	0.00000E+0	0.00000E+0
4.43364E+0	-9.26758E-2	4.88281E-4	6.87038E-4
4.43364E+0	-9.27734E-2	4.88281E-4	0.00000E+0
4.43403E+0	-9.27246E-2	1.40441E-3	4.88281E-4
4.43447E+0	-9.27734E-2	1.88537E-3	0.00000E+0
4.43506E+0	-9.26270E-2	2.24886E-3	8.37142E-4
4.43750E+0	-9.26270E-2	1.96296E-3	8.37142E-4
4.43877E+0	-9.26270E-2	1.16545E-3	8.37142E-4
4.44233E+0	-9.25781E-2	1.99883E-3	9.61652E-4
4.44336E+0	-9.23340E-2	0.00000E+0	1.40441E-3
4.44634E+0	-9.14551E-2	2.39359E-3	2.17869E-3
4.44966E+0	-9.00391E-2	2.22680E-3	2.43597E-3
4.45308E+0	-8.84766E-2	4.88281E-4	1.59472E-3
4.45342E+0	-8.80371E-2	1.16545E-3	8.37142E-4
4.45669E+0	-8.79395E-2	2.17869E-3	4.88281E-4
4.45835E+0	-8.78906E-2	1.25211E-3	0.00000E+0
4.46182E+0	-8.78906E-2	2.03288E-3	0.00000E+0
4.46289E+0	-8.78418E-2	0.00000E+0	4.88281E-4
4.46377E+0	-8.78906E-2	1.88537E-3	0.00000E+0
4.46689E+0	-8.76953E-2	1.88537E-3	9.61652E-4
4.46797E+0	-8.75977E-2	9.61652E-4	1.16545E-3
4.47061E+0	-8.74512E-2	2.42209E-3	1.40441E-3
4.47261E+0	-8.75000E-2	4.88281E-4	1.33135E-3
4.47280E+0	-8.77930E-2	8.37142E-4	6.87038E-4
4.47637E+0	-8.78906E-2	2.09587E-3	0.00000E+0
4.47910E+0	-8.78906E-2	2.28919E-3	0.00000E+0
4.48228E+0	-8.78906E-2	8.37142E-4	0.00000E+0
4.48418E+0	-8.78906E-2	3.77073E-3	0.00000E+0
4.49180E+0	-8.78906E-2	1.92330E-3	0.00000E+0
4.49521E+0	-8.79395E-2	2.38199E-3	4.88281E-4
4.49702E+0	-8.83789E-2	4.88281E-4	1.47222E-3
4.49707E+0	-8.96973E-2	0.00000E+0	2.36932E-3
4.49707E+0	-9.07715E-2	0.00000E+0	2.41363E-3
4.49707E+0	-9.11621E-2	0.00000E+0	2.30753E-3
4.49707E+0	-9.08203E-2	0.00000E+0	2.40413E-3
4.49707E+0	-9.12598E-2	0.00000E+0	2.26964E-3
4.49707E+0	-9.16504E-2	0.00000E+0	2.06520E-3
4.49785E+0	-9.20898E-2	1.79909E-3	1.70281E-3
4.50107E+0	-9.25293E-2	1.88537E-3	1.06955E-3
4.50200E+0	-9.24805E-2	4.88281E-4	1.16545E-3
4.50430E+0	-9.27734E-2	2.45174E-3	0.00000E+0
4.50688E+0	-9.27734E-2	4.88281E-4	0.00000E+0
4.51089E+0	-9.27246E-2	1.84338E-3	4.88281E-4
4.51279E+0	-9.27734E-2	2.03288E-3	0.00000E+0
4.51626E+0	-9.27734E-2	1.25211E-3	0.00000E+0
4.51675E+0	-9.28223E-2	8.37142E-4	4.88281E-4
4.51973E+0	-9.27734E-2	2.35556E-3	0.00000E+0
4.52178E+0	-9.27734E-2	1.16545E-3	0.00000E+0
4.52505E+0	-9.27734E-2	2.17869E-3	0.00000E+0
4.52637E+0	-9.27734E-2	6.94013E-4	0.00000E+0
4.52759E+0	-9.28223E-2	2.12497E-3	4.88281E-4
4.52988E+0	-9.27734E-2	2.20342E-3	0.00000E+0
4.53125E+0	-9.27734E-2	0.00000E+0	0.00000E+0
4.53159E+0	-9.27734E-2	1.25211E-3	0.00000E+0
4.53486E+0	-9.27734E-2	2.15256E-3	0.00000E+0
4.53613E+0	-9.27734E-2	0.00000E+0	0.00000E+0
4.53633E+0	-9.27734E-2	9.61652E-4	0.00000E+0
4.53970E+0	-9.27734E-2	2.17869E-3	0.00000E+0
4.54131E+0	-9.27734E-2	1.16545E-3	0.00000E+0
4.54404E+0	-9.24316E-2	2.38199E-3	1.25211E-3
4.54634E+0	-9.12598E-2	1.40441E-3	2.26964E-3
4.54990E+0	-9.01367E-2	1.88537E-3	2.44584E-3
4.55210E+0	-8.82324E-2	2.17869E-3	1.25211E-3
4.55537E+0	-8.78906E-2	1.16545E-3	0.00000E+0
4.55566E+0	-8.78906E-2	0.00000E+0	0.00000E+0
4.55566E+0	-8.78906E-2	0.00000E+0	0.00000E+0
4.55566E+0	-8.78906E-2	0.00000E+0	0.00000E+0
4.55566E+0	-8.78906E-2	0.00000E+0	0.00000E+0
4.55571E+0	-8.78906E-2	4.88281E-4	0.00000E+0
4.55791E+0	-8.78906E-2	2.44584E-3	0.00000E+0
4.56255E+0	-8.77930E-2	2.41363E-3	6.87038E-4
4.56636E+0	-8.62793E-2	1.92518E-3	2.30753E-3
4.57031E+0	-8.43750E-2	6.94013E-4	2.20342E-3
4.57354E+0	-8.31543E-2	2.32468E-3	8.37142E-4
4.57520E+0	-8.30078E-2	0.00000E+0	0.00000E+0
4.57700E+0	-8.30078E-2	2.36932E-3	0.00000E+0
4.58037E+0	-8.30078E-2	1.16545E-3	0.00000E+0
4.58389E+0	-8.31055E-2	2.03288E-3	6.87038E-4
4.58496E+0	-8.30078E-2	0.00000E+0	0.00000E+0
4.58491E+0	-8.30078E-2	4.88281E-4	0.00000E+0
4.58496E+0	-8.30078E-2	0.00000E+0	0.00000E+0
4.58530E+0	-8.30566E-2	1.25211E-3	4.88281E-4
4.58921E+0	-8.30078E-2	1.65038E-3	0.00000E+0
4.59272E+0	-8.33008E-2	2.41363E-3	1.16545E-3
4.59473E+0	-8.35937E-2	0.00000E+0	1.59472E-3
4.59526E+0	-8.62305E-2	1.53548E-3	2.32468E-3
4.59878E+0	-8.76465E-2	1.84338E-3	1.06955E-3
4.60322E+0	-8.76953E-2	2.15256E-3	9.61652E-4
4.60762E+0	-8.78906E-2	2.35556E-3	0.00000E+0
4.61187E+0	-8.78906E-2	2.45321E-3	0.00000E+0
4.61426E+0	-8.83789E-2	0.00000E+0	1.47222E-3
4.61553E+0	-9.01855E-2	2.15256E-3	2.44928E-3
4.61924E+0	-9.12598E-2	1.38455E-3	2.26964E-3
4.62295E+0	-9.23828E-2	2.03288E-3	1.33135E-3
4.62402E+0	-9.26758E-2	0.00000E+0	6.87038E-4
4.62397E+0	-9.24805E-2	4.88281E-4	1.16545E-3
4.62412E+0	-9.27246E-2	6.87038E-4	4.88281E-4
4.62544E+0	-9.27246E-2	2.22680E-3	4.88281E-4
4.62871E+0	-9.27734E-2	1.18593E-3	0.00000E+0
4.63345E+0	-9.27734E-2	1.25211E-3	0.00000E+0
4.63550E+0	-9.27734E-2	2.34069E-3	0.00000E+0
4.63818E+0	-9.27734E-2	1.47222E-3	0.00000E+0
4.63867E+0	-9.27734E-2	0.00000E+0	0.00000E+0
4.63857E+0	-9.27734E-2	6.87038E-4	0.00000E+0
4.63867E+0	-9.27734E-2	0.00000E+0	0.00000E+0
4.63872E+0	-9.27734E-2	4.88281E-4	0.00000E+0
4.64126E+0	-9.27734E-2	2.44928E-3	0.00000E+0
4.64502E+0	-9.27734E-2	2.24886E-3	0.00000E+0
4.65005E+0	-9.27734E-2	2.30753E-3	0.00000E+0
4.65298E+0	-9.27734E-2	1.25211E-3	0.00000E+0
4.65288E+0	-9.27734E-2	1.40441E-3	0.00000E+0
4.65303E+0	-9.28223E-2	1.16545E-3	4.88281E-4
4.65332E+0	-9.27734E-2	0.00000E+0	0.00000E+0
4.65386E+0	-9.27734E-2	1.53548E-3	0.00000E+0
4.65771E+0	-9.27734E-2	1.47222E-3	0.00000E+0
4.66099E+0	-9.27734E-2	2.42954E-3	0.00000E+0
4.66465E+0	-9.27734E-2	2.28919E-3	0.00000E+0
4.66777E+0	-9.28711E-2	9.61652E-4	6.87038E-4
4.66812E+0	-9.27734E-2	8.37142E-4	0.00000E+0
4.67065E+0	-9.27734E-2	2.44141E-3	0.00000E+0
4.67271E+0	-9.27734E-2	8.37142E-4	0.00000E+0
4.67285E+0	-9.27734E-2	0.00000E+0	0.00000E+0
4.67744E+0	-9.27734E-2	4.89857E-3	0.00000E+0
4.68398E+0	-9.27734E-2	2.20342E-3	0.00000E+0
4.68740E+0	-9.27734E-2	6.87038E-4	0.00000E+0
4.68750E+0	-9.28223E-2	0.00000E+0	4.88281E-4
4.68784E+0	-9.27734E-2	1.25211E-3	0.00000E+0
4.69077E+0	-9.28223E-2	2.30753E-3	4.88281E-4
4.69238E+0	-9.27734E-2	0.00000E+0	0.00000E+0
4.69243E+0	-9.27734E-2	4.88281E-4	0.00000E+0
4.69438E+0	-9.27734E-2	2.41363E-3	0.00000E+0
4.69722E+0	-9.27734E-2	4.88281E-4	0.00000E+0
4.69946E+0	-9.27734E-2	2.44141E-3	0.00000E+0
4.70190E+0	-9.27246E-2	1.06955E-3	4.88281E-4
4.70239E+0	-9.26758E-2	1.06955E-3	6.87038E-4
4.70376E+0	-9.27734E-2	2.30753E-3	0.00000E+0
4.70703E+0	-9.27734E-2	0.00000E+0	0.00000E+0
4.71040E+0	-9.26270E-2	2.26964E-3	8.37142E-4
4.71431E+0	-9.25781E-2	2.45321E-3	9.61652E-4
4.71699E+0	-9.25293E-2	9.61652E-4	1.06955E-3
4.72090E+0	-9.21875E-2	1.92831E-3	1.59472E-3
4.72427E+0	-9.24316E-2	2.44928E-3	1.25211E-3
4.72666E+0	-9.26270E-2	6.87038E-4	8.37142E-4
4.72959E+0	-9.24805E-2	2.38199E-3	1.16545E-3
4.73296E+0	-9.25293E-2	2.26964E-3	1.06955E-3
4.73618E+0	-9.26758E-2	8.37142E-4	6.87038E-4
4.73892E+0	-9.27734E-2	2.44928E-3	0.00000E+0
4.74355E+0	-9.27734E-2	2.45174E-3	0.00000E+0
4.74775E+0	-9.27734E-2	2.32468E-3	0.00000E+0
4.75215E+0	-9.27734E-2	2.09587E-3	0.00000E+0
4.75581E+0	-9.27734E-2	4.88281E-4	0.00000E+0
4.75776E+0	-9.27734E-2	2.39359E-3	0.00000E+0
4.76323E+0	-9.28223E-2	2.54949E-3	4.88281E-4
4.76694E+0	-9.27734E-2	2.17869E-3	0.00000E+0
4.77041E+0	-9.27734E-2	6.87038E-4	0.00000E+0
4.77422E+0	-9.27734E-2	2.09587E-3	0.00000E+0
4.77583E+0	-9.27734E-2	1.40441E-3	0.00000E+0
4.77998E+0	-9.27734E-2	1.16545E-3	0.00000E+0
4.78418E+0	-9.27734E-2	1.96296E-3	0.00000E+0
4.78726E+0	-9.27734E-2	2.42954E-3	0.00000E+0
4.79180E+0	-9.27734E-2	2.35556E-3	0.00000E+0
4.79492E+0	-9.27734E-2	0.00000E+0	0.00000E+0
4.79644E+0	-9.27734E-2	2.26964E-3	0.00000E+0
4.80010E+0	-9.28223E-2	1.35644E-3	4.88281E-4
4.80430E+0	-9.27734E-2	1.33135E-3	0.00000E+0
4.80508E+0	-9.27734E-2	1.33135E-3	0.00000E+0
4.80806E+0	-9.27734E-2	2.26964E-3	0.00000E+0
4.81060E+0	-9.27734E-2	1.99883E-3	0.00000E+0
4.81416E+0	-9.27734E-2	1.16545E-3	0.00000E+0
4.81445E+0	-9.27734E-2	0.00000E+0	0.00000E+0
4.81685E+0	-9.27734E-2	2.45321E-3	0.00000E+0
4.81934E+0	-9.27734E-2	0.00000E+0	0.00000E+0
4.82075E+0	-9.26270E-2	2.22680E-3	8.37142E-4
4.82461E+0	-9.27734E-2	1.79372E-3	0.00000E+0
4.82930E+0	-9.25293E-2	1.53939E-3	1.06955E-3
4.83389E+0	-9.27734E-2	6.87038E-4	0.00000E+0
4.83691E+0	-9.26758E-2	2.40413E-3	6.87038E-4
4.84214E+0	-9.26270E-2	2.30753E-3	8.37142E-4
4.84429E+0	-9.26758E-2	1.53548E-3	6.87038E-4
4.84814E+0	-9.25781E-2	1.47222E-3	9.61652E-4
4.85029E+0	-9.19922E-2	2.32468E-3	1.79909E-3
4.85347E+0	-9.18457E-2	4.88281E-4	1.92518E-3
4.85371E+0	-9.21875E-2	9.61652E-4	1.59472E-3
4.85630E+0	-9.27246E-2	2.42954E-3	4.88281E-4
4.85835E+0	-9.27734E-2	4.88281E-4	0.00000E+0
4.85884E+0	-9.27246E-2	1.40441E-3	4.88281E-4
4.86240E+0	-9.27734E-2	1.88537E-3	0.00000E+0
4.86401E+0	-9.26758E-2	1.75230E-3	6.87038E-4
4.86802E+0	-9.25781E-2	2.24403E-3	9.61652E-4
4.87744E+0	-9.27246E-2	2.13909E-3	4.88281E-4
4.87969E+0	-9.27246E-2	2.35556E-3	4.88281E-4
4.88491E+0	-9.25781E-2	2.42954E-3	9.61652E-4
4.88896E+0	-9.24316E-2	2.15256E-3	1.25211E-3
4.89277E+0	-9.24316E-2	1.18593E-3	1.25211E-3
4.89712E+0	-9.13574E-2	1.25211E-3	2.22680E-3
4.89751E+0	-8.90625E-2	4.88281E-4	2.09587E-3
4.89761E+0	-8.95508E-2	8.37142E-4	2.32468E-3
4.89766E+0	-8.80371E-2	9.61652E-4	8.37142E-4
4.89756E+0	-8.78906E-2	6.87038E-4	0.00000E+0
4.89775E+0	-8.78906E-2	1.16545E-3	0.00000E+0
4.89800E+0	-8.83789E-2	1.53548E-3	1.47222E-3
4.89883E+0	-8.79883E-2	2.20342E-3	6.87038E-4
4.89985E+0	-8.85254E-2	2.45321E-3	1.65038E-3
4.90010E+0	-8.78906E-2	2.44584E-3	0.00000E+0
4.90039E+0	-8.78906E-2	2.40413E-3	0.00000E+0
4.90117E+0	-8.89648E-2	2.09587E-3	2.03288E-3
4.90269E+0	-8.86719E-2	1.25211E-3	1.79909E-3
4.90527E+0	-8.78906E-2	2.40413E-3	0.00000E+0
4.90659E+0	-8.78418E-2	1.65038E-3	4.88281E-4
4.90732E+0	-8.59863E-2	6.87038E-4	2.39359E-3
4.91040E+0	-8.34961E-2	2.34069E-3	1.47222E-3
4.91289E+0	-8.30566E-2	1.79909E-3	4.88281E-4
4.91675E+0	-8.29102E-2	1.06955E-3	6.87038E-4
4.91714E+0	-8.19336E-2	8.37142E-4	2.03288E-3
4.92021E+0	-7.89062E-2	2.32468E-3	1.79909E-3
4.92295E+0	-7.72949E-2	2.03288E-3	1.96970E-3
4.92642E+0	-7.41699E-2	1.25211E-3	2.04646E-3
4.92676E+0	-7.28027E-2	0.00000E+0	1.40441E-3
4.93037E+0	-7.20703E-2	2.15256E-3	2.09587E-3
4.93296E+0	-6.97754E-2	2.17869E-3	2.22680E-3
4.93647E+0	-6.84570E-2	4.88281E-4	6.87038E-4
4.93657E+0	-6.71875E-2	4.88281E-4	2.09587E-3
4.93945E+0	-6.43066E-2	2.40413E-3	1.84338E-3
4.94214E+0	-6.04492E-2	1.75230E-3	2.57627E-3
4.94600E+0	-5.42480E-2	1.16545E-3	2.85264E-3
4.94658E+0	-4.87305E-2	1.16545E-3	2.40213E-3
4.95044E+0	-4.26758E-2	1.75230E-3	2.82933E-3
4.95337E+0	-3.19336E-2	2.44141E-3	4.77912E-3
4.95596E+0	-2.25586E-2	6.87038E-4	3.52378E-3
4.95605E+0	-1.37695E-2	0.00000E+0	3.20901E-3
4.95708E+0	-9.22852E-3	1.99883E-3	2.76693E-3
4.96060E+0	-3.85742E-3	1.25211E-3	3.20263E-3
4.96147E+0	2.39258E-3	1.53548E-3	3.43484E-3
4.96504E+0	3.12500E-3	1.79909E-3	3.21950E-3
4.96597E+0	9.47266E-3	8.37142E-4	3.08972E-3
4.96909E+0	1.46484E-2	2.30753E-3	3.60620E-3
4.97173E+0	2.18262E-2	1.99883E-3	3.89235E-3
4.97544E+0	2.58301E-2	8.37142E-4	3.49048E-3
4.97559E+0	3.14453E-2	0.00000E+0	3.69330E-3
4.97568E+0	3.71094E-2	6.87038E-4	4.04675E-3
4.97847E+0	4.31641E-2	2.41363E-3	5.53994E-3
4.98042E+0	5.03418E-2	4.88281E-4	6.31113E-3
4.98135E+0	5.71289E-2	1.88537E-3	3.43519E-3
4.98472E+0	5.81543E-2	1.65038E-3	3.67859E-3
4.98555E+0	6.35254E-2	9.61652E-4	4.07611E-3
4.98892E+0	6.57227E-2	2.17869E-3	4.01209E-3
4.99033E+0	6.98242E-2	6.87038E-4	4.68137E-3
4.99321E+0	7.66602E-2	2.39359E-3	4.01689E-3
4.99512E+0	8.26172E-2	0.00000E+0	4.84220E-3
4.99600E+0	8.57422E-2	1.88537E-3	4.77408E-3
4.99961E+0	8.83301E-2	1.33135E-3	4.28353E-3
5.00088E+0	8.98926E-2	1.88537E-3	4.39453E-3
5.00415E+0	8.98926E-2	1.75230E-3	4.22693E-3
5.00488E+0	8.73535E-2	0.00000E+0	4.38356E-3
5.00684E+0	8.49609E-2	2.40413E-3	4.70702E-3
5.00977E+0	8.66699E-2	6.94013E-4	4.57075E-3
5.01143E+0	9.22852E-2	2.32468E-3	5.21665E-3
5.01455E+0	1.02539E-1	6.87038E-4	6.12935E-3
5.01470E+0	1.13672E-1	4.88281E-4	5.00845E-3
5.01665E+0	1.20654E-1	2.41363E-3	5.85999E-3
5.01943E+0	1.29883E-1	9.76562E-4	6.01033E-3
5.02065E+0	1.34277E-1	2.06520E-3	4.98048E-3
5.02397E+0	1.38721E-1	1.40441E-3	5.38005E-3
5.02539E+0	1.43164E-1	1.96296E-3	5.63306E-3
5.02891E+0	1.45703E-1	1.33135E-3	5.18052E-3
5.03022E+0	1.44531E-1	1.92518E-3	5.33081E-3
5.03379E+0	1.45361E-1	1.33135E-3	5.23301E-3
5.03423E+0	1.50195E-1	4.88281E-4	5.24519E-3
5.03662E+0	1.50684E-1	2.45371E-3	4.70805E-3
5.03945E+0	1.48877E-1	1.33135E-3	4.98024E-3
5.04238E+0	1.42627E-1	2.28919E-3	5.73538E-3
5.04390E+0	1.39746E-1	4.88281E-4	5.36593E-3
5.04458E+0	1.37793E-1	1.65038E-3	5.03243E-3
5.04834E+0	1.35254E-1	1.47222E-3	5.21665E-3
5.04971E+0	1.31787E-1	1.88537E-3	4.83299E-3
5.05342E+0	1.30176E-1	1.16545E-3	5.20371E-3
5.05371E+0	1.29492E-1	0.00000E+0	5.07532E-3
5.05371E+0	1.30078E-1	0.00000E+0	5.02956E-3
5.05591E+0	1.32178E-1	2.44141E-3	4.87071E-3
5.05913E+0	1.35107E-1	1.53548E-3	4.70984E-3
5.06343E+0	1.35547E-1	1.29745E-3	4.91330E-3
5.06914E+0	1.32715E-1	4.84419E-3	4.97467E-3
5.07339E+0	1.34717E-1	8.37142E-4	5.46885E-3
5.07710E+0	1.42041E-1	1.99883E-3	5.68477E-3
5.07813E+0	1.45508E-1	0.00000E+0	5.46466E-3
5.07827E+0	1.48682E-1	8.37142E-4	4.72617E-3
5.08135E+0	1.53955E-1	2.32468E-3	5.57180E-3
5.08477E+0	1.56152E-1	2.35556E-3	4.90643E-3
5.08779E+0	1.59717E-1	6.87038E-4	6.25748E-3
5.09160E+0	1.65479E-1	2.09587E-3	6.24207E-3
5.09292E+0	1.70947E-1	8.37142E-4	6.10948E-3
5.09482E+0	1.80273E-1	2.42209E-3	7.59239E-3
5.09756E+0	2.00781E-1	6.87038E-4	9.99186E-3
5.09785E+0	2.29004E-1	9.61652E-4	1.12014E-2
5.10059E+0	2.48389E-1	2.40413E-3	1.04714E-2
5.10254E+0	2.61523E-1	6.94013E-4	8.45215E-3
5.10562E+0	2.77686E-1	2.36932E-3	9.25031E-3
5.10820E+0	2.93359E-1	1.79909E-3	8.60352E-3
5.11196E+0	2.97949E-1	1.25211E-3	8.72305E-3
5.11255E+0	3.03955E-1	1.06955E-3	7.77093E-3
5.11494E+0	3.09082E-1	2.44584E-3	8.10837E-3
5.11709E+0	3.15039E-1	6.87038E-4	8.16697E-3
5.11719E+0	3.22998E-1	0.00000E+0	9.05879E-3
5.11860E+0	3.35059E-1	2.22680E-3	1.02418E-2
5.12183E+0	3.46631E-1	1.06955E-3	9.92450E-3
5.12261E+0	3.58154E-1	1.53548E-3	9.49999E-3
5.12622E+0	3.67529E-1	1.75230E-3	1.03139E-2
5.12705E+0	3.77979E-1	6.87038E-4	9.89047E-3
5.13062E+0	3.86377E-1	2.12497E-3	9.73240E-3
5.13271E+0	3.95898E-1	1.88537E-3	1.00255E-2
5.13584E+0	4.04004E-1	1.88537E-3	1.04014E-2
5.13667E+0	4.09082E-1	4.88281E-4	1.07422E-2
5.13672E+0	4.12012E-1	0.00000E+0	1.03819E-2
5.13677E+0	4.15674E-1	4.88281E-4	1.03790E-2
5.13843E+0	4.17383E-1	2.34069E-3	1.06046E-2
5.14155E+0	4.18945E-1	4.88281E-4	1.02470E-2
5.14229E+0	4.23340E-1	1.70281E-3	1.12014E-2
5.14580E+0	4.25391E-1	1.70281E-3	1.12610E-2
5.14775E+0	4.27246E-1	2.15256E-3	1.19906E-2
5.15127E+0	4.28076E-1	6.87038E-4	1.21215E-2
5.15171E+0	4.28613E-1	1.25211E-3	1.26375E-2
5.15571E+0	4.30420E-1	1.53548E-3	1.23833E-2
5.15679E+0	4.33105E-1	1.53548E-3	1.28252E-2
5.16079E+0	4.34961E-1	1.43159E-3	1.27532E-2
5.16230E+0	4.36670E-1	2.09587E-3	1.27641E-2
5.16558E+0	4.38818E-1	1.40441E-3	1.22519E-2
5.16743E+0	4.41455E-1	2.22680E-3	1.24167E-2
5.17090E+0	4.41699E-1	0.00000E+0	1.25580E-2
5.17163E+0	4.39551E-1	1.75230E-3	1.26261E-2
5.17534E+0	4.41113E-1	1.40441E-3	1.30434E-2
5.17739E+0	4.46826E-1	2.30753E-3	1.25786E-2
5.18071E+0	4.50244E-1	8.48571E-4	1.24593E-2
5.18140E+0	4.50732E-1	1.75230E-3	1.25824E-2
5.18506E+0	4.50049E-1	1.47222E-3	1.28543E-2
5.18833E+0	4.49463E-1	2.42954E-3	1.25571E-2
5.19082E+0	4.46973E-1	1.33135E-3	1.25963E-2
5.19443E+0	4.44629E-1	1.88537E-3	1.27370E-2
5.19526E+0	4.43848E-1	4.88281E-4	1.25019E-2
5.19629E+0	4.42725E-1	1.96296E-3	1.26084E-2
5.20059E+0	4.41357E-1	1.65402E-3	1.26625E-2
5.20493E+0	4.39502E-1	8.37142E-4	1.29372E-2
5.20752E+0	4.40283E-1	2.45371E-3	1.25318E-2
5.21021E+0	4.39209E-1	1.06955E-3	1.27096E-2
5.21460E+0	4.31738E-1	1.06955E-3	1.25534E-2
5.21851E+0	4.06592E-1	2.34069E-3	1.22755E-2
5.22588E+0	4.12891E-1	2.36576E-3	1.73686E-2
5.23018E+0	4.04199E-1	1.70281E-3	1.63731E-2
5.23223E+0	4.05225E-1	2.43597E-3	1.20306E-2
5.23213E+0	4.04541E-1	2.44584E-3	1.10253E-2
5.23174E+0	4.05811E-1	2.44584E-3	1.15693E-2
5.23218E+0	4.05566E-1	2.44141E-3	1.14422E-2
5.23228E+0	4.08936E-1	2.42954E-3	1.17855E-2
5.23247E+0	4.06055E-1	2.39359E-3	1.08568E-2
5.23203E+0	4.01270E-1	2.45174E-3	1.01615E-2
5.23237E+0	3.99365E-1	2.41363E-3	9.96809E-3
5.23252E+0	3.92627E-1	2.38199E-3	9.86609E-3
5.23286E+0	3.91309E-1	2.26964E-3	1.00097E-2
5.23232E+0	3.89062E-1	2.42209E-3	9.43653E-3
5.23228E+0	3.92578E-1	2.42954E-3	1.06164E-2
5.23228E+0	3.98242E-1	2.42954E-3	9.77351E-3
5.23213E+0	4.01416E-1	2.44584E-3	1.03939E-2
5.23223E+0	4.08252E-1	2.43597E-3	1.07716E-2
5.23179E+0	4.11914E-1	2.44928E-3	1.06281E-2
5.23296E+0	4.09863E-1	2.22680E-3	1.05440E-2
5.23306E+0	4.04004E-1	2.17869E-3	1.02145E-2
5.23433E+0	4.00098E-1	4.88281E-4	9.90811E-3
5.23442E+0	3.99805E-1	4.88281E-4	9.67345E-3
5.23677E+0	3.99805E-1	2.45321E-3	1.02770E-2
5.23945E+0	3.98926E-1	1.18593E-3	9.85156E-3
5.24272E+0	3.99170E-1	2.22680E-3	9.97002E-3
5.24438E+0	3.97900E-1	1.06955E-3	9.87585E-3
5.24839E+0	3.91211E-1	1.79036E-3	1.00399E-2
5.25303E+0	3.82568E-1	1.88537E-3	9.57574E-3
5.25430E+0	3.78125E-1	1.92330E-3	9.42223E-3
5.26172E+0	3.77393E-1	3.92593E-3	9.64890E-3
5.26538E+0	3.78906E-1	2.34069E-3	9.64153E-3
5.26973E+0	3.77393E-1	2.09587E-3	9.52329E-3
5.27344E+0	3.75879E-1	6.94013E-4	9.76513E-3
5.27686E+0	3.75146E-1	2.24886E-3	9.64291E-3
5.27832E+0	3.77441E-1	0.00000E+0	9.94886E-3
5.27876E+0	3.85156E-1	1.40441E-3	1.02065E-2
5.28247E+0	3.90283E-1	1.75230E-3	9.59785E-3
5.28613E+0	3.86279E-1	2.40413E-3	9.41136E-3
5.28828E+0	3.80566E-1	9.61652E-4	9.53655E-3
5.29238E+0	3.77051E-1	1.59472E-3	9.45438E-3
5.29624E+0	3.80176E-1	2.30753E-3	9.59195E-3
5.29819E+0	3.85352E-1	1.25211E-3	9.22489E-3
5.30229E+0	3.90332E-1	1.40441E-3	9.78583E-3
5.30654E+0	3.94824E-1	2.14808E-3	9.88865E-3
5.30952E+0	4.04102E-1	2.39359E-3	1.07094E-2
5.31250E+0	4.17383E-1	0.00000E+0	1.16850E-2
5.31660E+0	4.31152E-1	1.79909E-3	1.29559E-2
5.31958E+0	4.40479E-1	2.44141E-3	1.23428E-2
5.32441E+0	4.44824E-1	2.43597E-3	1.27498E-2
5.32754E+0	4.42578E-1	1.33135E-3	1.23277E-2
5.33203E+0	4.37256E-1	1.55186E-3	1.27475E-2
5.33647E+0	4.28174E-1	1.40441E-3	1.22920E-2
5.33696E+0	4.22559E-1	4.88281E-4	1.12426E-2
5.33838E+0	4.19287E-1	2.24886E-3	1.03558E-2
5.34141E+0	4.16504E-1	1.33135E-3	1.06729E-2
5.34365E+0	4.14209E-1	2.38199E-3	1.04115E-2
5.34653E+0	4.11572E-1	8.37142E-4	1.05548E-2
5.34795E+0	4.07373E-1	2.15256E-3	1.05082E-2
5.35137E+0	4.02637E-1	9.61652E-4	9.99523E-3
5.35366E+0	3.93311E-1	2.42954E-3	1.02087E-2
5.35645E+0	3.83008E-1	0.00000E+0	9.72411E-3
5.35659E+0	3.69238E-1	8.37142E-4	1.08137E-2
5.35879E+0	3.51367E-1	2.45174E-3	1.05691E-2
5.36230E+0	3.30371E-1	2.08204E-3	1.09781E-2
5.36611E+0	3.07373E-1	6.87038E-4	1.04189E-2
5.36802E+0	2.87549E-1	2.36932E-3	9.17817E-3
5.37192E+0	2.71533E-1	1.84338E-3	8.23788E-3
5.37593E+0	2.60889E-1	4.88281E-4	8.01141E-3
5.37842E+0	2.40381E-1	2.45371E-3	1.14007E-2
5.38091E+0	2.16943E-1	4.88281E-4	8.53537E-3
5.38525E+0	1.91650E-1	1.62760E-3	9.87293E-3
5.38901E+0	1.62061E-1	2.30753E-3	9.55862E-3
5.39072E+0	1.38770E-1	6.87038E-4	7.63982E-3
5.39321E+0	1.22461E-1	2.44928E-3	6.57227E-3
5.39546E+0	1.08594E-1	4.88281E-4	5.85280E-3
5.39810E+0	9.51172E-2	2.44928E-3	5.44170E-3
5.40176E+0	8.35937E-2	2.20342E-3	5.20648E-3
5.40518E+0	7.17285E-2	6.87038E-4	4.69139E-3
5.40894E+0	6.11816E-2	2.12497E-3	4.19031E-3
5.41299E+0	5.36621E-2	2.42209E-3	5.57353E-3
5.41504E+0	4.43848E-2	0.00000E+0	5.81047E-3
5.41831E+0	4.19922E-2	2.30753E-3	4.95624E-3
5.42046E+0	4.48242E-2	1.53548E-3	5.94506E-3
5.42432E+0	5.15625E-2	1.47222E-3	5.81978E-3
5.42690E+0	5.89844E-2	2.42954E-3	4.02767E-3
5.42974E+0	6.41602E-2	4.88281E-4	4.60461E-3
5.43291E+0	6.45020E-2	2.32468E-3	4.29476E-3
5.43447E+0	6.41113E-2	6.87038E-4	4.25872E-3
5.43457E+0	6.34277E-2	0.00000E+0	3.83250E-3
5.43462E+0	6.57715E-2	4.88281E-4	4.30372E-3
5.43755E+0	7.13379E-2	2.39359E-3	4.49209E-3
5.44126E+0	8.21289E-2	2.36932E-3	6.10495E-3
5.44434E+0	9.61914E-2	0.00000E+0	5.53037E-3
5.44761E+0	1.08447E-1	2.30753E-3	6.06199E-3
5.45098E+0	1.15771E-1	3.77073E-3	4.35047E-3
5.45850E+0	1.12842E-1	2.13909E-3	4.75259E-3
5.45898E+0	9.91699E-2	0.00000E+0	6.34917E-3
5.46099E+0	8.33008E-2	2.41363E-3	5.79906E-3
5.46382E+0	7.72461E-2	4.88281E-4	3.88771E-3
5.46514E+0	8.41797E-2	2.15256E-3	5.51380E-3
5.46836E+0	9.14551E-2	1.33135E-3	4.69960E-3
5.46914E+0	9.78027E-2	1.33135E-3	5.12137E-3
5.47119E+0	1.04688E-1	2.45371E-3	5.16189E-3
5.47344E+0	1.06494E-1	9.61652E-4	4.74245E-3
5.47368E+0	1.01221E-1	4.88281E-4	5.09308E-3
5.47695E+0	9.03320E-2	2.28919E-3	5.07627E-3
5.47847E+0	7.57812E-2	4.88281E-4	5.94911E-3
5.47969E+0	5.70801E-2	2.09587E-3	7.84250E-3
5.48340E+0	3.48633E-2	1.38803E-3	5.50943E-3
5.48677E+0	2.08984E-2	2.26964E-3	4.76196E-3
5.48872E+0	1.07910E-2	1.40441E-3	3.04853E-3
5.49258E+0	7.91016E-3	1.59472E-3	2.38199E-3
5.49438E+0	9.03320E-3	2.12497E-3	2.72129E-3
5.49805E+0	6.15234E-3	0.00000E+0	3.71281E-3
5.50024E+0	-5.46875E-3	2.44141E-3	4.51268E-3
5.50332E+0	-1.97266E-2	1.33135E-3	4.59937E-3
5.50737E+0	-3.20312E-2	1.40441E-3	4.23973E-3
5.51011E+0	-4.09180E-2	2.44928E-3	2.57627E-3
5.51284E+0	-4.43359E-2	8.37142E-4	1.50138E-3
5.51655E+0	-4.69238E-2	1.99883E-3	2.39359E-3
5.51758E+0	-4.86328E-2	0.00000E+0	9.61652E-4
5.51821E+0	-5.08301E-2	1.65038E-3	2.41363E-3
5.52187E+0	-5.36133E-2	1.59472E-3	1.83356E-3
5.52412E+0	-5.70801E-2	2.32468E-3	2.26964E-3
5.52734E+0	-6.15234E-2	0.00000E+0	2.40413E-3
5.53003E+0	-6.65039E-2	2.44141E-3	2.38199E-3
5.53228E+0	-6.87988E-2	8.48571E-4	1.40441E-3
5.53506E+0	-7.27539E-2	2.42209E-3	1.90063E-3
5.53716E+0	-7.60254E-2	4.88281E-4	2.42954E-3
5.53911E+0	-7.72461E-2	2.41363E-3	1.88537E-3
5.54194E+0	-7.72949E-2	4.88281E-4	1.84338E-3
5.54268E+0	-7.55859E-2	1.70281E-3	2.45174E-3
5.54697E+0	-7.65137E-2	6.87038E-4	2.30753E-3
5.54941E+0	-7.80762E-2	2.45174E-3	4.88281E-4
5.55142E+0	-7.84668E-2	1.25211E-3	1.25211E-3
5.55273E+0	-8.18848E-2	1.96296E-3	2.06520E-3
5.55654E+0	-8.30078E-2	6.87038E-4	0.00000E+0
5.55669E+0	-8.30078E-2	4.88281E-4	0.00000E+0
5.55967E+0	-8.31055E-2	2.38199E-3	6.87038E-4
5.56489E+0	-8.34961E-2	2.26964E-3	1.47222E-3
5.56753E+0	-8.42773E-2	2.06520E-3	2.15256E-3
5.57202E+0	-8.46680E-2	1.88473E-3	2.32468E-3
5.57617E+0	-8.71582E-2	0.00000E+0	1.75230E-3
5.57910E+0	-8.76953E-2	2.40413E-3	9.61652E-4
5.58281E+0	-8.78418E-2	2.35556E-3	4.88281E-4
5.58823E+0	-8.78906E-2	2.44928E-3	0.00000E+0
5.59224E+0	-8.78906E-2	2.22680E-3	0.00000E+0
5.59570E+0	-8.78906E-2	0.00000E+0	0.00000E+0
5.59829E+0	-8.79395E-2	2.44928E-3	4.88281E-4
5.60376E+0	-8.83789E-2	2.34069E-3	1.47222E-3
5.60742E+0	-8.87207E-2	2.40413E-3	1.84338E-3
5.61265E+0	-8.99902E-2	2.44928E-3	2.42954E-3
5.61523E+0	-9.06738E-2	0.00000E+0	2.42954E-3
5.61934E+0	-9.14551E-2	1.79909E-3	2.17869E-3
5.62012E+0	-9.15527E-2	0.00000E+0	2.12497E-3
5.62021E+0	-9.19434E-2	6.87038E-4	1.84338E-3
5.62231E+0	-9.20410E-2	2.44141E-3	1.75230E-3
5.62485E+0	-9.26270E-2	8.37142E-4	8.37142E-4
5.62500E+0	-9.25293E-2	0.00000E+0	1.06955E-3
5.62510E+0	-9.27246E-2	6.87038E-4	4.88281E-4
5.62529E+0	-9.26270E-2	1.16545E-3	8.37142E-4
5.62583E+0	-9.26758E-2	1.84338E-3	6.87038E-4
5.62944E+0	-9.27734E-2	1.40441E-3	0.00000E+0
5.62988E+0	-9.27246E-2	0.00000E+0	4.88281E-4
5.63008E+0	-9.27246E-2	9.61652E-4	4.88281E-4
5.63247E+0	-9.27734E-2	2.44928E-3	0.00000E+0
5.63462E+0	-9.27734E-2	8.37142E-4	0.00000E+0
5.63477E+0	-9.27734E-2	0.00000E+0	0.00000E+0
5.63477E+0	-9.27246E-2	0.00000E+0	4.88281E-4
5.63477E+0	-9.27734E-2	0.00000E+0	0.00000E+0
5.63506E+0	-9.27734E-2	1.16545E-3	0.00000E+0
5.63696E+0	-9.27734E-2	2.44141E-3	0.00000E+0
5.63970E+0	-9.27734E-2	1.47141E-3	0.00000E+0
5.64409E+0	-9.27734E-2	1.40441E-3	0.00000E+0
5.64531E+0	-9.27734E-2	2.66269E-3	0.00000E+0
5.65342E+0	-9.27734E-2	2.80882E-3	0.00000E+0
5.65586E+0	-9.27734E-2	2.28919E-3	0.00000E+0
5.65918E+0	-9.27734E-2	0.00000E+0	0.00000E+0
5.66074E+0	-9.27734E-2	2.28919E-3	0.00000E+0
5.66436E+0	-9.27734E-2	1.52367E-3	0.00000E+0
5.66855E+0	-9.27734E-2	1.33135E-3	0.00000E+0
5.67148E+0	-9.27734E-2	2.45174E-3	0.00000E+0
5.67461E+0	-9.27734E-2	2.04940E-3	0.00000E+0
5.67852E+0	-9.27734E-2	9.61652E-4	0.00000E+0
5.68013E+0	-9.28223E-2	2.22680E-3	4.88281E-4
5.68472E+0	-9.27734E-2	2.17869E-3	0.00000E+0
5.68843E+0	-9.27734E-2	4.88281E-4	0.00000E+0
5.69097E+0	-9.27734E-2	2.45321E-3	0.00000E+0
5.69526E+0	-9.28223E-2	2.39359E-3	4.88281E-4
5.69849E+0	-9.27734E-2	1.06955E-3	0.00000E+0
5.70278E+0	-9.27734E-2	1.86933E-3	0.00000E+0
5.70781E+0	-9.27734E-2	1.37408E-3	0.00000E+0
5.71230E+0	-9.27734E-2	1.73919E-3	0.00000E+0
5.71646E+0	-9.27734E-2	2.17869E-3	0.00000E+0
5.71968E+0	-9.27734E-2	2.39359E-3	0.00000E+0
5.72407E+0	-9.27734E-2	2.22680E-3	0.00000E+0
5.72729E+0	-9.27734E-2	1.06955E-3	0.00000E+0
5.72949E+0	-9.27734E-2	2.40413E-3	0.00000E+0
5.73296E+0	-9.27734E-2	1.53548E-3	0.00000E+0
5.73647E+0	-9.27734E-2	1.84338E-3	0.00000E+0
5.73730E+0	-9.27734E-2	0.00000E+0	0.00000E+0
5.73730E+0	-9.27734E-2	0.00000E+0	0.00000E+0
5.73770E+0	-9.27734E-2	1.33135E-3	0.00000E+0
5.74136E+0	-9.27734E-2	1.84338E-3	0.00000E+0
5.74243E+0	-9.27734E-2	1.06955E-3	0.00000E+0
5.74580E+0	-9.27734E-2	2.15256E-3	0.00000E+0
5.74756E+0	-9.27734E-2	1.47222E-3	0.00000E+0
5.75151E+0	-9.27246E-2	1.40441E-3	4.88281E-4
5.75254E+0	-9.27734E-2	1.59472E-3	0.00000E+0
5.75591E+0	-9.27734E-2	1.92518E-3	0.00000E+0
5.75684E+0	-9.27734E-2	0.00000E+0	0.00000E+0
5.75825E+0	-9.27734E-2	2.22680E-3	0.00000E+0
5.76226E+0	-9.27734E-2	1.82236E-3	0.00000E+0
5.76631E+0	-9.27734E-2	1.16545E-3	0.00000E+0
5.76987E+0	-9.27734E-2	2.40963E-3	0.00000E+0
5.77446E+0	-9.27734E-2	2.39359E-3	0.00000E+0
5.77637E+0	-9.27734E-2	0.00000E+0	0.00000E+0
5.77866E+0	-9.27734E-2	2.44928E-3	0.00000E+0
5.78130E+0	-9.27734E-2	4.88281E-4	0.00000E+0
5.78311E+0	-9.27734E-2	2.38199E-3	0.00000E+0
5.78667E+0	-9.27734E-2	1.68504E-3	0.00000E+0
5.79087E+0	-9.28223E-2	8.37142E-4	4.88281E-4
5.79429E+0	-9.27734E-2	2.30753E-3	0.00000E+0
5.79795E+0	-9.27734E-2	2.42209E-3	0.00000E+0
5.80356E+0	-9.27734E-2	2.42954E-3	0.00000E+0
5.80615E+0	-9.28223E-2	1.47222E-3	4.88281E-4
5.81035E+0	-9.27734E-2	1.18593E-3	0.00000E+0
5.81396E+0	-9.27734E-2	2.24886E-3	0.00000E+0
5.81689E+0	-9.27734E-2	2.24886E-3	0.00000E+0
5.82275E+0	-9.27734E-2	2.45371E-3	0.00000E+0
5.82705E+0	-9.27734E-2	2.38199E-3	0.00000E+0
5.83140E+0	-9.27734E-2	2.17869E-3	0.00000E+0
5.83491E+0	-9.27734E-2	4.88281E-4	0.00000E+0
5.83677E+0	-9.27734E-2	2.36932E-3	0.00000E+0
5.84077E+0	-9.27734E-2	3.00075E-3	0.00000E+0
5.84863E+0	-9.27734E-2	2.94445E-3	0.00000E+0
5.85205E+0	-9.27734E-2	2.45371E-3	0.00000E+0
5.85547E+0	-9.27734E-2	1.96296E-3	0.00000E+0
5.85903E+0	-9.27734E-2	1.25211E-3	0.00000E+0
5.86035E+0	-9.28223E-2	1.96296E-3	4.88281E-4
5.86401E+0	-9.27734E-2	1.27498E-3	0.00000E+0
5.86738E+0	-9.28223E-2	2.35556E-3	4.88281E-4
5.87095E+0	-9.28223E-2	2.36932E-3	4.88281E-4
5.87485E+0	-9.27734E-2	1.84338E-3	0.00000E+0
5.87852E+0	-9.27734E-2	1.33135E-3	0.00000E+0
5.87891E+0	-9.28223E-2	0.00000E+0	4.88281E-4
5.87915E+0	-9.27246E-2	1.06955E-3	4.88281E-4
5.88315E+0	-9.28223E-2	1.65038E-3	4.88281E-4
5.88652E+0	-9.27734E-2	2.43597E-3	0.00000E+0
5.88916E+0	-9.27246E-2	1.47222E-3	4.88281E-4
5.89395E+0	-9.27734E-2	1.79372E-3	0.00000E+0
5.89834E+0	-9.27734E-2	6.87038E-4	0.00000E+0
5.89844E+0	-9.27734E-2	0.00000E+0	0.00000E+0
5.89897E+0	-9.27734E-2	1.53548E-3	0.00000E+0
5.90210E+0	-9.27734E-2	2.12497E-3	0.00000E+0
5.90347E+0	-9.27734E-2	8.37142E-4	0.00000E+0
5.90586E+0	-9.27734E-2	2.45174E-3	0.00000E+0
5.90903E+0	-9.27734E-2	1.84338E-3	0.00000E+0
5.91274E+0	-9.27734E-2	1.25211E-3	0.00000E+0
5.91528E+0	-9.27734E-2	2.44141E-3	0.00000E+0
5.91792E+0	-9.27734E-2	4.88281E-4	0.00000E+0
5.91880E+0	-9.27734E-2	1.84338E-3	0.00000E+0
5.92319E+0	-9.27734E-2	1.73573E-3	0.00000E+0
5.92749E+0	-9.27734E-2	1.06955E-3	0.00000E+0
5.93193E+0	-9.27734E-2	1.83881E-3	0.00000E+0
5.93662E+0	-9.27734E-2	1.88537E-3	0.00000E+0
5.93755E+0	-9.28223E-2	4.88281E-4	4.88281E-4
5.94019E+0	-9.27734E-2	2.44141E-3	0.00000E+0
5.94502E+0	-9.28223E-2	2.44584E-3	4.88281E-4
5.94990E+0	-9.27734E-2	2.44584E-3	0.00000E+0
5.95205E+0	-9.27734E-2	6.87038E-4	0.00000E+0
5.95518E+0	-9.27734E-2	2.38199E-3	0.00000E+0
5.95786E+0	-9.27734E-2	1.84338E-3	0.00000E+0
5.96328E+0	-9.27734E-2	2.20342E-3	0.00000E+0
5.96680E+0	-9.27734E-2	6.94013E-4	0.00000E+0
5.97021E+0	-9.27734E-2	2.24886E-3	0.00000E+0
5.97285E+0	-9.27734E-2	2.09587E-3	0.00000E+0
5.97622E+0	-9.27734E-2	1.25211E-3	0.00000E+0
5.97661E+0	-9.27734E-2	4.88281E-4	0.00000E+0
5.97690E+0	-9.24805E-2	1.25211E-3	1.16545E-3
5.98047E+0	-9.04785E-2	1.96296E-3	2.44928E-3
5.98267E+0	-8.89160E-2	2.23543E-3	1.99883E-3
5.98667E+0	-8.91113E-2	1.25211E-3	2.12497E-3
5.99043E+0	-8.81836E-2	1.79909E-3	1.16545E-3
5.99194E+0	-8.79883E-2	1.75230E-3	6.87038E-4
5.99502E+0	-8.81348E-2	2.03288E-3	1.06955E-3
5.99595E+0	-8.94531E-2	8.37142E-4	2.28919E-3
5.99600E+0	-9.19922E-2	6.87038E-4	1.79909E-3
5.99609E+0	-9.01855E-2	0.00000E+0	2.44928E-3
5.99604E+0	-9.08691E-2	4.88281E-4	2.39359E-3
5.99609E+0	-9.26758E-2	0.00000E+0	6.87038E-4
5.99604E+0	-9.27734E-2	4.88281E-4	0.00000E+0
5.99609E+0	-9.27734E-2	0.00000E+0	0.00000E+0
5.99609E+0	-9.27734E-2	0.00000E+0	0.00000E+0
5.99604E+0	-9.27734E-2	4.88281E-4	0.00000E+0
5.99609E+0	-9.27734E-2	0.00000E+0	0.00000E+0
5.99609E+0	-9.21387E-2	0.00000E+0	1.65038E-3
5.99609E+0	-8.88672E-2	0.00000E+0	1.96296E-3
5.99609E+0	-8.78906E-2	0.00000E+0	0.00000E+0
5.99609E+0	-8.78906E-2	0.00000E+0	0.00000E+0
5.99609E+0	-8.83301E-2	0.00000E+0	1.40441E-3
5.99609E+0	-9.11621E-2	0.00000E+0	2.30753E-3
5.99609E+0	-9.05273E-2	0.00000E+0	2.44584E-3
5.99609E+0	-8.93066E-2	0.00000E+0	2.22680E-3
5.99609E+0	-8.78906E-2	0.00000E+0	0.00000E+0
5.99609E+0	-8.79395E-2	0.00000E+0	4.88281E-4
5.99609E+0	-8.79395E-2	0.00000E+0	4.88281E-4
5.99609E+0	-8.78906E-2	0.00000E+0	0.00000E+0
5.99604E+0	-8.78906E-2	4.88281E-4	0.00000E+0
5.99609E+0	-8.78906E-2	0.00000E+0	0.00000E+0
5.99609E+0	-8.78906E-2	0.00000E+0	0.00000E+0
5.99609E+0	-8.78906E-2	0.00000E+0	0.00000E+0
5.99609E+0	-8.78906E-2	0.00000E+0	0.00000E+0
5.99609E+0	-8.78906E-2	0.00000E+0	0.00000E+0
5.99600E+0	-8.78906E-2	6.87038E-4	0.00000E+0
5.99604E+0	-8.78906E-2	4.88281E-4	0.00000E+0
5.99609E+0	-8.78906E-2	0.00000E+0	0.00000E+0
5.99600E+0	-8.77930E-2	6.87038E-4	6.87038E-4
5.99609E+0	-8.75977E-2	0.00000E+0	1.16545E-3
5.99609E+0	-8.77930E-2	0.00000E+0	6.87038E-4
5.99609E+0	-8.77930E-2	0.00000E+0	6.87038E-4
5.99609E+0	-8.75000E-2	0.00000E+0	1.33135E-3
5.99609E+0	-8.75000E-2	0.00000E+0	1.33135E-3
5.99609E+0	-8.75977E-2	0.00000E+0	1.16545E-3
5.99604E+0	-8.75977E-2	4.88281E-4	1.16545E-3
5.99609E+0	-8.74512E-2	0.00000E+0	1.40441E-3
5.99609E+0	-8.78418E-2	0.00000E+0	4.88281E-4
5.99604E+0	-8.78418E-2	4.88281E-4	4.88281E-4
5.99609E+0	-8.77441E-2	0.00000E+0	8.37142E-4
5.99609E+0	-8.77930E-2	0.00000E+0	6.87038E-4
5.99604E+0	-8.75977E-2	4.88281E-4	1.16545E-3
5.99604E+0	-8.71094E-2	4.88281E-4	1.79909E-3
5.99609E+0	-8.68652E-2	0.00000E+0	1.99883E-3
5.99604E+0	-8.55957E-2	4.88281E-4	2.44928E-3
5.99604E+0	-8.67676E-2	4.88281E-4	2.06520E-3
5.99609E+0	-8.65234E-2	0.00000E+0	2.20342E-3
5.99609E+0	-8.62793E-2	0.00000E+0	2.30753E-3
5.99609E+0	-8.60840E-2	0.00000E+0	2.36932E-3
5.99604E+0	-8.65723E-2	4.88281E-4	2.17869E-3
5.99609E+0	-8.67187E-2	0.00000E+0	2.09587E-3
5.99609E+0	-8.75000E-2	0.00000E+0	1.33135E-3
5.99609E+0	-8.77441E-2	0.00000E+0	8.37142E-4
5.99604E+0	-8.77441E-2	4.88281E-4	8.37142E-4
5.99609E+0	-8.78418E-2	0.00000E+0	4.88281E-4
5.99600E+0	-8.78906E-2	6.87038E-4	0.00000E+0
5.99604E+0	-8.78906E-2	4.88281E-4	0.00000E+0
5.99609E+0	-8.78906E-2	0.00000E+0	0.00000E+0
