5.98203E+0	-9.28223E-2	1.59472E-3	4.88281E-4
5.98184E+0	-9.27734E-2	1.33135E-3	0.00000E+0
5.98208E+0	-9.28223E-2	1.65038E-3	4.88281E-4
5.98208E+0	-9.27734E-2	1.65038E-3	0.00000E+0
5.98223E+0	-9.28711E-2	1.79909E-3	6.87038E-4
5.98223E+0	-9.28223E-2	1.79909E-3	4.88281E-4
5.98184E+0	-9.28223E-2	1.33135E-3	4.88281E-4
5.98193E+0	-9.28711E-2	1.47222E-3	6.87038E-4
5.98184E+0	-9.27734E-2	1.33135E-3	0.00000E+0
5.98188E+0	-9.29688E-2	1.40441E-3	9.61652E-4
5.98213E+0	-9.27734E-2	1.70281E-3	0.00000E+0
5.98218E+0	-9.27734E-2	1.75230E-3	0.00000E+0
5.98203E+0	-9.28223E-2	1.59472E-3	4.88281E-4
5.98232E+0	-9.27734E-2	1.88537E-3	0.00000E+0
5.98232E+0	-9.27734E-2	1.88537E-3	0.00000E+0
5.98198E+0	-9.27734E-2	1.53548E-3	0.00000E+0
5.98184E+0	-9.28223E-2	1.33135E-3	4.88281E-4
5.98184E+0	-9.28223E-2	1.33135E-3	4.88281E-4
5.98198E+0	-9.28223E-2	1.53548E-3	4.88281E-4
5.98193E+0	-9.27734E-2	1.47222E-3	0.00000E+0
5.98184E+0	-9.27734E-2	1.33135E-3	0.00000E+0
5.98164E+0	-9.27734E-2	1.37408E-3	0.00000E+0
5.97764E+0	-9.27734E-2	2.03288E-3	0.00000E+0
5.97178E+0	-9.27734E-2	3.10217E-3	0.00000E+0
5.96401E+0	-9.27734E-2	3.04536E-3	0.00000E+0
5.95439E+0	-9.27246E-2	2.81225E-3	4.88281E-4
5.94443E+0	-9.24316E-2	3.19397E-3	1.25211E-3
5.93604E+0	-9.02832E-2	2.24886E-3	2.45321E-3
5.92676E+0	-8.87207E-2	3.18037E-3	1.84338E-3
5.91753E+0	-8.88672E-2	2.41363E-3	1.96296E-3
5.90884E+0	-9.06250E-2	3.51523E-3	2.43597E-3
5.89868E+0	-9.22852E-2	2.63131E-3	1.47222E-3
5.88921E+0	-9.26270E-2	3.39251E-3	8.37142E-4
5.87783E+0	-9.27734E-2	3.22399E-3	0.00000E+0
5.86802E+0	-9.27734E-2	3.09245E-3	0.00000E+0
5.86421E+0	-9.27734E-2	4.88281E-4	0.00000E+0
5.86406E+0	-9.27734E-2	9.61652E-4	0.00000E+0
5.86333E+0	-9.27734E-2	1.92518E-3	0.00000E+0
5.85952E+0	-9.27734E-2	1.76326E-3	0.00000E+0
5.84873E+0	-9.27734E-2	5.82227E-3	0.00000E+0
5.83584E+0	-9.27734E-2	2.00904E-3	0.00000E+0
5.83057E+0	-9.27734E-2	1.47222E-3	0.00000E+0
5.82949E+0	-9.27734E-2	1.59472E-3	0.00000E+0
5.82554E+0	-9.26758E-2	1.86933E-3	6.87038E-4
5.81870E+0	-9.27246E-2	3.10798E-3	4.88281E-4
5.80977E+0	-9.27734E-2	3.71929E-3	0.00000E+0
5.79619E+0	-9.25781E-2	3.85286E-3	9.61652E-4
5.78442E+0	-9.23828E-2	3.42641E-3	1.33135E-3
5.77666E+0	-9.17969E-2	1.16545E-3	1.96296E-3
5.77095E+0	-9.23828E-2	3.46277E-3	1.33135E-3
5.76211E+0	-9.26270E-2	3.71670E-3	8.37142E-4
5.75288E+0	-9.26758E-2	2.91939E-3	6.87038E-4
5.74639E+0	-9.27246E-2	1.96542E-3	4.88281E-4
5.73984E+0	-9.22852E-2	2.54808E-3	1.47222E-3
5.73169E+0	-9.12598E-2	3.42641E-3	2.26964E-3
5.72139E+0	-9.04785E-2	3.51283E-3	2.44928E-3
5.71221E+0	-8.84277E-2	2.94608E-3	1.53548E-3
5.70552E+0	-8.79395E-2	2.45321E-3	4.88281E-4
5.70190E+0	-8.79395E-2	2.12497E-3	4.88281E-4
5.69819E+0	-8.78906E-2	8.48571E-4	0.00000E+0
5.69165E+0	-8.78906E-2	2.72129E-3	0.00000E+0
5.68433E+0	-8.78906E-2	3.76146E-3	0.00000E+0
5.67573E+0	-8.79395E-2	2.93585E-3	4.88281E-4
5.66445E+0	-8.78906E-2	3.78094E-3	0.00000E+0
5.65591E+0	-8.78906E-2	2.60185E-3	0.00000E+0
5.64551E+0	-8.78906E-2	2.94445E-3	0.00000E+0
5.64390E+0	-8.79395E-2	1.65038E-3	4.88281E-4
5.64087E+0	-8.78906E-2	2.12497E-3	0.00000E+0
5.63877E+0	-8.78906E-2	1.88537E-3	0.00000E+0
5.63433E+0	-8.78906E-2	2.09300E-3	0.00000E+0
5.62812E+0	-8.78906E-2	2.55185E-3	0.00000E+0
5.61875E+0	-8.78906E-2	3.40562E-3	0.00000E+0
5.61162E+0	-8.73047E-2	3.44359E-3	1.59472E-3
5.60444E+0	-8.70605E-2	1.99883E-3	1.84338E-3
5.59971E+0	-8.55957E-2	1.88537E-3	2.44928E-3
5.59414E+0	-8.34961E-2	2.39208E-3	1.47222E-3
5.58418E+0	-8.33008E-2	3.64076E-3	1.16545E-3
5.57524E+0	-8.29590E-2	2.37338E-3	4.88281E-4
5.56680E+0	-8.15918E-2	3.07879E-3	2.22680E-3
5.55732E+0	-7.88574E-2	2.68969E-3	1.75230E-3
5.54927E+0	-7.86621E-2	2.73189E-3	1.53548E-3
5.53984E+0	-7.83203E-2	2.53291E-3	9.61652E-4
5.53306E+0	-7.81738E-2	2.30753E-3	4.88281E-4
5.52754E+0	-7.84180E-2	1.37408E-3	1.16545E-3
5.52114E+0	-7.83203E-2	2.93256E-3	9.61652E-4
5.51748E+0	-7.81738E-2	6.87038E-4	4.88281E-4
5.51333E+0	-7.83203E-2	1.79036E-3	9.61652E-4
5.50874E+0	-7.81738E-2	2.37338E-3	4.88281E-4
5.50078E+0	-7.78320E-2	2.71642E-3	1.16545E-3
5.49458E+0	-7.56348E-2	2.22680E-3	2.45321E-3
5.48867E+0	-7.35352E-2	1.92330E-3	1.52367E-3
5.48208E+0	-7.30957E-2	2.67488E-3	1.29001E-3
5.47749E+0	-7.22656E-2	1.99883E-3	1.96296E-3
5.47197E+0	-7.31445E-2	2.42607E-3	1.38455E-3
5.46294E+0	-7.29980E-2	3.51797E-3	1.60900E-3
5.45386E+0	-7.50000E-2	4.97443E-3	2.35556E-3
5.44482E+0	-7.76367E-2	1.47222E-3	1.47222E-3
5.44204E+0	-7.80273E-2	2.44928E-3	6.87038E-4
5.43950E+0	-7.81250E-2	1.09623E-3	0.00000E+0
5.43491E+0	-7.83203E-2	1.25211E-3	9.61652E-4
5.43457E+0	-7.82715E-2	0.00000E+0	8.37142E-4
5.43457E+0	-7.83691E-2	0.00000E+0	1.06955E-3
5.43457E+0	-7.82715E-2	0.00000E+0	8.37142E-4
5.43457E+0	-7.81738E-2	0.00000E+0	4.88281E-4
5.43457E+0	-7.84668E-2	0.00000E+0	1.25211E-3
5.43457E+0	-7.85645E-2	0.00000E+0	1.40441E-3
5.43345E+0	-7.83691E-2	2.06520E-3	1.06955E-3
5.42959E+0	-7.81250E-2	1.54875E-3	0.00000E+0
5.42544E+0	-7.81250E-2	1.65038E-3	0.00000E+0
5.42363E+0	-7.76367E-2	2.09587E-3	1.47222E-3
5.42036E+0	-7.72949E-2	1.40441E-3	1.84338E-3
5.41992E+0	-7.56836E-2	0.00000E+0	2.45371E-3
5.41787E+0	-7.46094E-2	2.42209E-3	2.20342E-3
5.41514E+0	-7.36328E-2	6.87038E-4	1.50138E-3
5.41504E+0	-7.29980E-2	0.00000E+0	1.60900E-3
5.41504E+0	-7.23145E-2	0.00000E+0	1.92518E-3
5.41499E+0	-7.19727E-2	4.88281E-4	2.15256E-3
5.41445E+0	-7.07031E-2	1.59472E-3	2.45174E-3
5.41230E+0	-7.08008E-2	2.43597E-3	2.45371E-3
5.41099E+0	-7.07031E-2	1.84338E-3	2.45174E-3
5.41030E+0	-7.13867E-2	8.37142E-4	2.38199E-3
5.40996E+0	-7.03613E-2	9.61652E-4	2.41363E-3
5.40801E+0	-7.05566E-2	2.43597E-3	2.44141E-3
5.40601E+0	-7.08984E-2	1.75230E-3	2.45174E-3
5.40581E+0	-6.95801E-2	1.53548E-3	2.12497E-3
5.40576E+0	-6.90918E-2	1.47222E-3	1.75230E-3
5.40537E+0	-6.84082E-2	6.87038E-4	4.88281E-4
5.40527E+0	-6.84570E-2	0.00000E+0	6.87038E-4
5.40527E+0	-6.83594E-2	0.00000E+0	0.00000E+0
5.40444E+0	-6.83594E-2	1.84338E-3	0.00000E+0
5.40205E+0	-6.83594E-2	2.32468E-3	0.00000E+0
5.40049E+0	-6.83594E-2	1.19805E-3	0.00000E+0
5.40039E+0	-6.83594E-2	0.00000E+0	0.00000E+0
5.40015E+0	-6.84082E-2	1.06955E-3	4.88281E-4
5.39985E+0	-6.83594E-2	1.53548E-3	0.00000E+0
5.39932E+0	-6.84082E-2	2.03288E-3	4.88281E-4
5.39927E+0	-6.83594E-2	2.06520E-3	0.00000E+0
5.39819E+0	-6.84082E-2	2.44141E-3	4.88281E-4
5.39565E+0	-6.83594E-2	8.37142E-4	0.00000E+0
5.39551E+0	-6.83594E-2	0.00000E+0	0.00000E+0
5.39541E+0	-6.82617E-2	6.87038E-4	6.87038E-4
5.39409E+0	-6.83105E-2	2.22680E-3	4.88281E-4
5.39111E+0	-6.83105E-2	1.47222E-3	4.88281E-4
5.39038E+0	-6.83105E-2	1.06955E-3	4.88281E-4
5.38677E+0	-6.83594E-2	1.99883E-3	0.00000E+0
5.38564E+0	-6.83594E-2	6.87038E-4	0.00000E+0
5.38369E+0	-6.82129E-2	2.42209E-3	8.37142E-4
5.38130E+0	-6.83105E-2	1.40441E-3	4.88281E-4
5.38101E+0	-6.83105E-2	8.37142E-4	4.88281E-4
5.38086E+0	-6.83594E-2	0.00000E+0	0.00000E+0
5.38086E+0	-6.83105E-2	0.00000E+0	4.88281E-4
5.38071E+0	-6.84082E-2	8.37142E-4	4.88281E-4
5.37954E+0	-6.84082E-2	2.17869E-3	4.88281E-4
5.37886E+0	-6.84082E-2	2.41363E-3	4.88281E-4
5.37886E+0	-6.84082E-2	2.41363E-3	4.88281E-4
5.37632E+0	-6.86035E-2	1.25211E-3	1.06955E-3
5.37598E+0	-6.94336E-2	0.00000E+0	2.03288E-3
5.37598E+0	-7.07520E-2	0.00000E+0	2.45321E-3
5.37598E+0	-7.12891E-2	0.00000E+0	2.40413E-3
5.37588E+0	-7.14355E-2	6.87038E-4	2.36932E-3
5.37544E+0	-7.20215E-2	1.53548E-3	2.12497E-3
5.37329E+0	-7.28027E-2	2.44141E-3	1.40441E-3
5.37109E+0	-7.37793E-2	9.81482E-4	1.68504E-3
5.36772E+0	-7.51465E-2	2.26964E-3	2.39359E-3
5.36621E+0	-7.62695E-2	0.00000E+0	2.38199E-3
5.36621E+0	-7.70020E-2	0.00000E+0	2.06520E-3
5.36621E+0	-7.70996E-2	0.00000E+0	1.99883E-3
5.36621E+0	-7.71484E-2	0.00000E+0	1.96296E-3
5.36621E+0	-7.75879E-2	0.00000E+0	1.53548E-3
5.36611E+0	-7.74414E-2	6.87038E-4	1.70281E-3
5.36548E+0	-7.74902E-2	1.75230E-3	1.65038E-3
5.36206E+0	-7.76855E-2	1.75230E-3	1.40441E-3
5.35884E+0	-7.81250E-2	2.45321E-3	0.00000E+0
5.35654E+0	-7.82227E-2	6.87038E-4	6.87038E-4
5.35645E+0	-7.88574E-2	0.00000E+0	1.75230E-3
5.35645E+0	-7.95410E-2	0.00000E+0	2.22680E-3
5.35640E+0	-8.03711E-2	4.88281E-4	2.44584E-3
5.35630E+0	-8.05664E-2	8.37142E-4	2.45371E-3
5.35410E+0	-8.13965E-2	2.45174E-3	2.30753E-3
5.35166E+0	-8.22266E-2	6.87038E-4	1.79909E-3
5.34980E+0	-8.28613E-2	2.35556E-3	8.37142E-4
5.34810E+0	-8.29102E-2	2.22680E-3	6.87038E-4
5.34722E+0	-8.28613E-2	1.53548E-3	8.37142E-4
5.34634E+0	-8.27637E-2	1.25211E-3	1.06955E-3
5.34341E+0	-8.30078E-2	2.30753E-3	0.00000E+0
5.34180E+0	-8.29102E-2	0.00000E+0	6.87038E-4
5.34063E+0	-8.29590E-2	2.09587E-3	4.88281E-4
5.33716E+0	-8.29590E-2	1.06955E-3	4.88281E-4
5.33462E+0	-8.25684E-2	2.44928E-3	1.40441E-3
5.33213E+0	-8.11035E-2	6.87038E-4	2.39359E-3
5.33184E+0	-8.09570E-2	9.61652E-4	2.42209E-3
5.32847E+0	-8.07129E-2	2.17869E-3	2.44928E-3
5.32720E+0	-8.09082E-2	4.88281E-4	2.42954E-3
5.32480E+0	-8.02734E-2	2.45174E-3	2.43597E-3
5.32246E+0	-7.94434E-2	9.61652E-4	2.17869E-3
5.32227E+0	-7.87109E-2	6.94013E-4	1.59472E-3
5.32231E+0	-7.84180E-2	4.88281E-4	1.16545E-3
5.32148E+0	-7.82715E-2	1.79909E-3	8.37142E-4
5.31821E+0	-7.83203E-2	1.84338E-3	9.61652E-4
5.31729E+0	-7.82227E-2	6.87038E-4	6.87038E-4
5.31357E+0	-7.78320E-2	2.03288E-3	1.16545E-3
5.31250E+0	-7.74902E-2	0.00000E+0	1.65038E-3
5.31250E+0	-7.69531E-2	0.00000E+0	2.09587E-3
5.31230E+0	-7.67578E-2	9.61652E-4	2.20342E-3
5.31187E+0	-7.62695E-2	1.65038E-3	2.38199E-3
5.31104E+0	-7.48047E-2	2.24886E-3	2.28919E-3
5.30864E+0	-7.54395E-2	1.99883E-3	2.44141E-3
5.30791E+0	-7.50000E-2	1.16545E-3	2.35556E-3
5.30757E+0	-7.44141E-2	4.88281E-4	2.09587E-3
5.30732E+0	-7.39258E-2	1.16545E-3	1.70281E-3
5.30503E+0	-7.34375E-2	2.44928E-3	1.18593E-3
5.30298E+0	-7.29980E-2	1.06955E-3	1.06955E-3
5.30273E+0	-7.22656E-2	0.00000E+0	1.96296E-3
5.30273E+0	-7.21191E-2	0.00000E+0	2.06520E-3
5.30273E+0	-7.18750E-2	0.00000E+0	2.20342E-3
5.30166E+0	-7.12891E-2	2.03288E-3	2.40413E-3
5.29854E+0	-7.05078E-2	1.70281E-3	2.43597E-3
5.29785E+0	-6.97754E-2	0.00000E+0	2.22680E-3
5.29785E+0	-6.88965E-2	0.00000E+0	1.53548E-3
5.29785E+0	-6.84570E-2	0.00000E+0	6.87038E-4
5.29785E+0	-6.83594E-2	0.00000E+0	0.00000E+0
5.29766E+0	-6.83594E-2	9.61652E-4	0.00000E+0
5.29688E+0	-6.84082E-2	1.96296E-3	4.88281E-4
5.29507E+0	-6.84082E-2	2.42954E-3	4.88281E-4
5.29326E+0	-6.84082E-2	1.16545E-3	4.88281E-4
5.29277E+0	-6.83594E-2	9.61652E-4	0.00000E+0
5.28945E+0	-6.77734E-2	2.20342E-3	1.59472E-3
5.28809E+0	-6.72852E-2	0.00000E+0	2.03288E-3
5.28770E+0	-6.66504E-2	1.33135E-3	2.34069E-3
5.28423E+0	-6.58691E-2	1.99883E-3	2.45321E-3
5.28228E+0	-6.45996E-2	1.92518E-3	2.06520E-3
5.27866E+0	-6.36230E-2	1.25211E-3	1.08741E-3
5.27837E+0	-6.29395E-2	4.88281E-4	1.53548E-3
5.27632E+0	-6.17676E-2	2.41363E-3	2.34069E-3
5.27378E+0	-6.02051E-2	1.25211E-3	2.30753E-3
5.27344E+0	-5.95215E-2	0.00000E+0	1.92518E-3
5.27344E+0	-5.92285E-2	0.00000E+0	2.04174E-3
5.27344E+0	-5.91309E-2	0.00000E+0	1.53548E-3
5.27344E+0	-5.93750E-2	0.00000E+0	1.92831E-3
5.27324E+0	-5.87891E-2	9.61652E-4	1.53939E-3
5.27217E+0	-5.91309E-2	2.15256E-3	1.82236E-3
5.27202E+0	-5.91309E-2	2.22680E-3	1.82236E-3
5.27212E+0	-5.89355E-2	2.17869E-3	1.25211E-3
5.27183E+0	-5.86914E-2	2.30753E-3	9.76562E-4
5.27070E+0	-5.87402E-2	2.43597E-3	1.29001E-3
5.26953E+0	-5.83008E-2	1.96296E-3	1.52367E-3
5.26938E+0	-5.79590E-2	1.84338E-3	1.79036E-3
5.26860E+0	-5.78613E-2	4.88281E-4	1.75230E-3
5.26860E+0	-5.72754E-2	4.88281E-4	2.17869E-3
5.26860E+0	-5.74707E-2	4.88281E-4	2.06520E-3
5.26836E+0	-5.78613E-2	9.61652E-4	1.88473E-3
5.26821E+0	-5.75195E-2	1.25211E-3	2.03288E-3
5.26797E+0	-5.76660E-2	1.59472E-3	2.04646E-3
5.26523E+0	-5.80078E-2	2.28919E-3	1.59472E-3
5.26387E+0	-5.83496E-2	9.61652E-4	1.45163E-3
5.26348E+0	-5.87402E-2	1.37408E-3	1.46484E-3
5.26016E+0	-6.00098E-2	4.71111E-3	2.22680E-3
5.25625E+0	-6.01563E-2	4.19175E-3	2.28919E-3
5.25391E+0	-5.89844E-2	0.00000E+0	1.79372E-3
5.25391E+0	-5.88867E-2	0.00000E+0	1.35644E-3
5.25391E+0	-5.92773E-2	0.00000E+0	1.83881E-3
5.25391E+0	-5.84961E-2	0.00000E+0	1.54875E-3
5.25391E+0	-5.78125E-2	0.00000E+0	1.79909E-3
5.25391E+0	-5.67871E-2	0.00000E+0	2.46887E-3
5.25381E+0	-5.76172E-2	6.87038E-4	1.96296E-3
5.25312E+0	-5.77148E-2	1.79909E-3	1.88537E-3
5.25225E+0	-5.78613E-2	2.32468E-3	1.75230E-3
5.25059E+0	-5.73730E-2	2.28919E-3	2.12497E-3
5.24922E+0	-5.70312E-2	9.61652E-4	2.28919E-3
5.24897E+0	-5.68848E-2	4.88281E-4	2.34069E-3
5.24678E+0	-5.73730E-2	2.44584E-3	2.12497E-3
5.24473E+0	-5.63477E-2	1.59472E-3	2.44584E-3
5.24424E+0	-5.54687E-2	6.87038E-4	2.35556E-3
5.24414E+0	-5.50293E-2	0.00000E+0	2.17869E-3
5.24414E+0	-5.50293E-2	0.00000E+0	2.17869E-3
5.24409E+0	-5.41992E-2	4.88281E-4	1.47222E-3
5.24414E+0	-5.35645E-2	0.00000E+0	1.76326E-3
5.24287E+0	-5.26855E-2	2.15256E-3	1.99883E-3
5.24023E+0	-5.23438E-2	1.96296E-3	2.20342E-3
5.23950E+0	-5.18555E-2	1.06955E-3	2.38199E-3
5.23916E+0	-5.09277E-2	6.87038E-4	2.42954E-3
5.23833E+0	-5.12695E-2	1.92518E-3	2.45371E-3
5.23643E+0	-5.12207E-2	2.42209E-3	2.45321E-3
5.23501E+0	-5.09277E-2	1.65038E-3	2.42954E-3
5.23496E+0	-5.08301E-2	1.59472E-3	2.41363E-3
5.23477E+0	-5.00488E-2	1.33135E-3	2.12497E-3
5.23442E+0	-4.95605E-2	4.88281E-4	1.75230E-3
5.23438E+0	-4.89746E-2	0.00000E+0	8.37142E-4
5.23438E+0	-4.89258E-2	0.00000E+0	9.76562E-4
5.23438E+0	-4.84863E-2	0.00000E+0	1.25211E-3
5.23438E+0	-4.86328E-2	0.00000E+0	9.61652E-4
5.23423E+0	-4.85840E-2	8.37142E-4	1.06955E-3
5.23428E+0	-4.81934E-2	6.87038E-4	1.65038E-3
5.23320E+0	-4.85352E-2	2.09587E-3	1.35644E-3
5.23052E+0	-4.86328E-2	1.99883E-3	9.61652E-4
5.22964E+0	-4.84375E-2	8.37142E-4	1.33135E-3
5.22949E+0	-4.80469E-2	0.00000E+0	1.79909E-3
5.22949E+0	-4.81445E-2	0.00000E+0	1.70281E-3
5.22935E+0	-4.77539E-2	8.37142E-4	2.03288E-3
5.22891E+0	-4.79492E-2	1.59472E-3	1.88537E-3
5.22759E+0	-4.84863E-2	2.39359E-3	1.25211E-3
5.22534E+0	-4.83398E-2	1.75230E-3	1.47222E-3
5.22461E+0	-4.89258E-2	0.00000E+0	1.38455E-3
5.22417E+0	-4.94629E-2	1.40441E-3	1.65038E-3
5.22368E+0	-4.93164E-2	1.92518E-3	1.47222E-3
5.22246E+0	-5.04395E-2	2.43597E-3	2.30753E-3
5.22085E+0	-5.18066E-2	2.06520E-3	2.39359E-3
5.21987E+0	-5.22949E-2	8.37142E-4	2.22680E-3
5.21963E+0	-5.25391E-2	6.87038E-4	2.09587E-3
5.21763E+0	-5.19043E-2	2.42954E-3	2.36932E-3
5.21646E+0	-5.00977E-2	2.30753E-3	2.15256E-3
5.21606E+0	-4.88770E-2	2.12497E-3	8.48571E-4
5.21528E+0	-4.96582E-2	1.40441E-3	1.84338E-3
5.21499E+0	-5.18066E-2	8.37142E-4	2.39359E-3
5.21489E+0	-4.91699E-2	4.88281E-4	1.43159E-3
5.21484E+0	-4.91699E-2	0.00000E+0	1.59094E-3
5.21484E+0	-4.97559E-2	0.00000E+0	1.92518E-3
5.21484E+0	-4.91699E-2	0.00000E+0	1.59094E-3
5.21484E+0	-4.88770E-2	0.00000E+0	1.62686E-3
5.21484E+0	-4.85352E-2	0.00000E+0	1.67428E-3
5.21484E+0	-4.96094E-2	0.00000E+0	2.16372E-3
5.21465E+0	-5.05859E-2	9.61652E-4	2.35556E-3
5.21216E+0	-5.13672E-2	2.44141E-3	2.45174E-3
5.20996E+0	-5.11230E-2	0.00000E+0	2.44928E-3
5.20752E+0	-5.12207E-2	2.45371E-3	2.45321E-3
5.20547E+0	-5.15137E-2	1.33135E-3	2.44141E-3
5.20518E+0	-5.11719E-2	6.87038E-4	2.45174E-3
5.20508E+0	-5.13184E-2	0.00000E+0	2.45321E-3
5.20293E+0	-5.16602E-2	2.43597E-3	2.42209E-3
5.20112E+0	-5.19531E-2	1.92518E-3	2.35556E-3
5.20024E+0	-5.16113E-2	1.09623E-3	2.42954E-3
5.19634E+0	-5.09766E-2	1.99883E-3	2.43597E-3
5.19458E+0	-4.96582E-2	1.75230E-3	1.84338E-3
5.19199E+0	-4.89258E-2	2.28919E-3	9.76562E-4
5.19248E+0	-4.90723E-2	2.42209E-3	1.27498E-3
5.19082E+0	-4.89258E-2	1.33135E-3	9.76562E-4
5.19043E+0	-4.89258E-2	0.00000E+0	6.87038E-4
5.19043E+0	-4.86328E-2	0.00000E+0	9.61652E-4
5.19043E+0	-4.84863E-2	0.00000E+0	1.25211E-3
5.19048E+0	-4.78027E-2	4.88281E-4	1.99883E-3
5.19053E+0	-4.75586E-2	6.87038E-4	2.15256E-3
5.19043E+0	-4.65820E-2	0.00000E+0	2.44584E-3
5.19028E+0	-4.58496E-2	8.37142E-4	2.39359E-3
5.18984E+0	-4.61426E-2	1.59472E-3	2.44141E-3
5.18828E+0	-4.61914E-2	2.43597E-3	2.44584E-3
5.18599E+0	-4.51660E-2	1.40441E-3	2.12497E-3
5.18535E+0	-4.42871E-2	9.61652E-4	1.73573E-3
5.18340E+0	-4.46289E-2	2.43597E-3	1.70281E-3
5.18081E+0	-4.48242E-2	8.37142E-4	1.88537E-3
5.18066E+0	-4.37988E-2	0.00000E+0	1.62093E-3
5.18066E+0	-4.50195E-2	0.00000E+0	2.03288E-3
5.18062E+0	-4.46289E-2	4.88281E-4	1.70281E-3
5.17930E+0	-4.46289E-2	2.20342E-3	1.70281E-3
5.17744E+0	-4.39941E-2	2.32468E-3	8.48571E-4
5.17598E+0	-4.46777E-2	9.61652E-4	1.75230E-3
5.17578E+0	-4.47754E-2	0.00000E+0	1.84338E-3
5.17578E+0	-4.53125E-2	0.00000E+0	2.20342E-3
5.17578E+0	-4.59961E-2	0.00000E+0	2.42209E-3
5.17578E+0	-4.57031E-2	0.00000E+0	2.35556E-3
5.17573E+0	-4.47266E-2	4.88281E-4	1.79909E-3
5.17373E+0	-4.40430E-2	2.42209E-3	9.76562E-4
5.17192E+0	-4.39941E-2	1.99883E-3	8.48571E-4
5.17109E+0	-4.45313E-2	9.61652E-4	1.73919E-3
5.17090E+0	-4.46289E-2	0.00000E+0	1.70281E-3
5.17090E+0	-4.36523E-2	0.00000E+0	1.35644E-3
5.17090E+0	-4.33594E-2	0.00000E+0	1.59472E-3
5.17070E+0	-4.28711E-2	9.61652E-4	2.03288E-3
5.16909E+0	-4.23340E-2	2.36932E-3	2.30753E-3
5.16675E+0	-4.20410E-2	1.75230E-3	2.39359E-3
5.16611E+0	-4.31641E-2	6.87038E-4	1.79909E-3
5.16611E+0	-4.40430E-2	6.87038E-4	9.76562E-4
5.16621E+0	-4.39453E-2	9.61652E-4	1.20207E-3
5.16602E+0	-4.20410E-2	0.00000E+0	2.39359E-3
5.16563E+0	-4.10156E-2	1.33135E-3	2.40413E-3
5.16411E+0	-4.05762E-2	2.39359E-3	2.37338E-3
5.16162E+0	-4.24805E-2	1.47222E-3	2.24886E-3
5.16104E+0	-4.37988E-2	1.19805E-3	1.08741E-3
5.15908E+0	-4.51660E-2	2.42209E-3	2.12497E-3
5.15684E+0	-4.44336E-2	1.59472E-3	1.47222E-3
5.15625E+0	-4.35547E-2	0.00000E+0	1.65402E-3
5.15620E+0	-4.32129E-2	4.88281E-4	1.75230E-3
5.15581E+0	-4.30176E-2	1.40441E-3	1.92518E-3
5.15415E+0	-4.30176E-2	2.42954E-3	1.92518E-3
5.15205E+0	-4.35059E-2	1.70281E-3	1.40441E-3
5.15137E+0	-4.35059E-2	0.00000E+0	1.40441E-3
5.15137E+0	-4.39453E-2	0.00000E+0	1.38803E-3
5.15127E+0	-4.49219E-2	6.87038E-4	1.96296E-3
5.14917E+0	-4.66309E-2	2.44141E-3	2.44141E-3
5.14678E+0	-4.83398E-2	1.16545E-3	1.47222E-3
5.14639E+0	-4.94629E-2	6.87038E-4	1.65038E-3
5.14360E+0	-4.96582E-2	2.41363E-3	1.84338E-3
5.14165E+0	-5.20996E-2	4.88281E-4	2.30753E-3
5.14150E+0	-5.26367E-2	6.87038E-4	2.03288E-3
5.13955E+0	-5.36133E-2	2.42209E-3	1.54875E-3
5.13726E+0	-5.37109E-2	1.53548E-3	9.81482E-4
5.13672E+0	-5.44434E-2	0.00000E+0	1.88473E-3
5.13672E+0	-5.51270E-2	0.00000E+0	2.22680E-3
5.13672E+0	-5.48340E-2	0.00000E+0	2.06520E-3
5.13672E+0	-5.50293E-2	0.00000E+0	2.17869E-3
5.13672E+0	-5.47363E-2	0.00000E+0	1.99883E-3
5.13672E+0	-5.36621E-2	0.00000E+0	1.47141E-3
5.13672E+0	-5.34668E-2	0.00000E+0	1.60900E-3
5.13672E+0	-5.33203E-2	0.00000E+0	1.50138E-3
5.13657E+0	-5.24414E-2	8.37142E-4	2.15256E-3
5.13452E+0	-5.30762E-2	2.44141E-3	1.65038E-3
5.13296E+0	-5.36133E-2	2.06520E-3	1.54875E-3
5.13193E+0	-5.30762E-2	9.76562E-4	1.79036E-3
5.12964E+0	-5.41504E-2	2.44141E-3	1.84860E-3
5.12729E+0	-5.36621E-2	1.25211E-3	1.29745E-3
5.12695E+0	-5.42480E-2	0.00000E+0	1.53548E-3
5.12695E+0	-5.50781E-2	0.00000E+0	2.20342E-3
5.12695E+0	-5.41504E-2	0.00000E+0	1.40441E-3
5.12695E+0	-5.37109E-2	0.00000E+0	9.81482E-4
5.12676E+0	-5.38086E-2	9.61652E-4	1.38455E-3
5.12456E+0	-5.37598E-2	2.45321E-3	1.09623E-3
5.12349E+0	-5.39063E-2	2.22680E-3	1.68861E-3
5.12217E+0	-5.40039E-2	6.87038E-4	1.67428E-3
5.12192E+0	-5.40527E-2	8.37142E-4	1.59094E-3
5.12051E+0	-5.48340E-2	2.28919E-3	2.06520E-3
5.11787E+0	-5.51758E-2	1.70281E-3	2.24886E-3
5.11719E+0	-5.57129E-2	0.00000E+0	2.41363E-3
5.11719E+0	-5.62500E-2	0.00000E+0	2.45174E-3
5.11719E+0	-5.59570E-2	0.00000E+0	2.44584E-3
5.11670E+0	-5.67871E-2	1.47222E-3	2.36932E-3
5.11445E+0	-5.74707E-2	2.43597E-3	2.17869E-3
5.11274E+0	-5.85937E-2	1.40441E-3	1.69998E-3
5.11245E+0	-5.82520E-2	8.37142E-4	1.43159E-3
5.11230E+0	-5.91797E-2	0.00000E+0	1.73919E-3
5.11138E+0	-5.99609E-2	1.92518E-3	2.20342E-3
5.10894E+0	-6.06934E-2	2.26964E-3	2.42954E-3
5.10752E+0	-6.22070E-2	6.87038E-4	2.15256E-3
5.10742E+0	-6.32812E-2	6.94013E-4	9.61652E-4
5.10645E+0	-6.39648E-2	1.96296E-3	1.47222E-3
5.10347E+0	-6.50391E-2	1.92518E-3	2.28919E-3
5.10254E+0	-6.66504E-2	0.00000E+0	2.34069E-3
5.10200E+0	-6.71875E-2	1.53548E-3	2.09587E-3
5.09883E+0	-6.76270E-2	2.09587E-3	1.75230E-3
5.09766E+0	-6.82617E-2	0.00000E+0	6.87038E-4
5.09766E+0	-6.83594E-2	0.00000E+0	0.00000E+0
5.09756E+0	-6.83594E-2	6.87038E-4	0.00000E+0
5.09707E+0	-6.84082E-2	1.59472E-3	4.88281E-4
5.09673E+0	-6.85059E-2	1.92518E-3	8.37142E-4
5.09492E+0	-6.85547E-2	2.43597E-3	9.61652E-4
5.09346E+0	-6.90918E-2	1.70281E-3	1.75230E-3
5.09277E+0	-6.96777E-2	6.94013E-4	2.17869E-3
5.09272E+0	-7.01660E-2	4.88281E-4	2.36932E-3
5.09141E+0	-7.08496E-2	2.20342E-3	2.45321E-3
5.08892E+0	-7.11426E-2	1.99883E-3	2.42954E-3
5.08794E+0	-7.24121E-2	4.88281E-4	1.84338E-3
5.08789E+0	-7.26074E-2	0.00000E+0	1.65038E-3
5.08789E+0	-7.28027E-2	0.00000E+0	1.40441E-3
5.08721E+0	-7.34375E-2	1.70281E-3	1.37408E-3
5.08540E+0	-7.35352E-2	2.45321E-3	1.52367E-3
5.08369E+0	-7.39746E-2	1.70281E-3	1.75230E-3
5.08311E+0	-7.47070E-2	9.76562E-4	2.24886E-3
5.08296E+0	-7.50977E-2	4.88281E-4	2.38199E-3
5.08188E+0	-7.46094E-2	2.06520E-3	2.20342E-3
5.07964E+0	-7.54883E-2	2.26964E-3	2.44584E-3
5.07813E+0	-7.65625E-2	0.00000E+0	2.28919E-3
5.07817E+0	-7.70996E-2	4.88281E-4	1.99883E-3
5.07813E+0	-7.71973E-2	0.00000E+0	1.92518E-3
5.07720E+0	-7.79297E-2	1.92518E-3	9.61652E-4
5.07578E+0	-7.81738E-2	2.45174E-3	4.88281E-4
5.07534E+0	-7.81250E-2	2.42954E-3	0.00000E+0
5.07529E+0	-7.87109E-2	2.42209E-3	1.59472E-3
5.07559E+0	-7.81738E-2	2.45174E-3	4.88281E-4
5.07520E+0	-7.82715E-2	2.40413E-3	8.37142E-4
5.07466E+0	-7.97852E-2	2.22680E-3	2.32468E-3
5.07334E+0	-8.03711E-2	6.87038E-4	2.44584E-3
5.06816E+0	-8.07129E-2	4.90348E-3	2.44928E-3
5.06079E+0	-8.25684E-2	2.44141E-3	1.40441E-3
5.05439E+0	-8.30078E-2	1.70281E-3	0.00000E+0
5.05073E+0	-8.31543E-2	2.39359E-3	8.37142E-4
5.04800E+0	-8.32520E-2	1.84338E-3	1.06955E-3
5.04497E+0	-8.31055E-2	1.99883E-3	6.87038E-4
5.04395E+0	-8.30566E-2	0.00000E+0	4.88281E-4
5.04199E+0	-8.31055E-2	2.40413E-3	6.87038E-4
5.03901E+0	-8.30078E-2	4.88281E-4	0.00000E+0
5.03560E+0	-8.30078E-2	2.22680E-3	0.00000E+0
5.03389E+0	-8.29102E-2	1.16545E-3	6.87038E-4
5.02998E+0	-8.22754E-2	1.70281E-3	1.75230E-3
5.02656E+0	-7.90527E-2	2.43597E-3	1.92518E-3
5.02446E+0	-7.85156E-2	4.88281E-4	1.33135E-3
5.02378E+0	-7.81738E-2	1.65038E-3	4.88281E-4
5.02197E+0	-7.81250E-2	2.45371E-3	0.00000E+0
5.01987E+0	-7.79297E-2	1.25211E-3	9.61652E-4
5.01870E+0	-7.79297E-2	1.84338E-3	9.61652E-4
5.01484E+0	-7.71973E-2	9.61652E-4	1.92518E-3
5.01465E+0	-7.56836E-2	0.00000E+0	2.45371E-3
5.01465E+0	-7.47070E-2	0.00000E+0	2.24886E-3
5.01406E+0	-7.41211E-2	1.59472E-3	1.88537E-3
5.01113E+0	-7.41211E-2	2.20342E-3	1.88537E-3
5.00977E+0	-7.41699E-2	0.00000E+0	1.92518E-3
5.00972E+0	-7.38281E-2	4.88281E-4	1.59472E-3
5.00806E+0	-7.34863E-2	2.34069E-3	1.27498E-3
5.00527E+0	-7.32422E-2	1.33135E-3	1.38803E-3
5.00508E+0	-7.38770E-2	9.61652E-4	1.79036E-3
5.00488E+0	-7.44141E-2	0.00000E+0	2.09587E-3
5.00479E+0	-7.42676E-2	6.87038E-4	2.11589E-3
5.00303E+0	-7.48535E-2	2.38199E-3	2.30753E-3
5.00171E+0	-7.40234E-2	2.34069E-3	1.79909E-3
5.00039E+0	-7.42187E-2	1.33135E-3	1.96296E-3
5.00000E+0	-7.50000E-2	0.00000E+0	2.35556E-3
4.99844E+0	-7.52930E-2	2.28919E-3	2.42209E-3
4.99561E+0	-7.53906E-2	1.47222E-3	2.43597E-3
4.99517E+0	-7.61230E-2	4.88281E-4	2.41363E-3
4.99512E+0	-7.57324E-2	0.00000E+0	2.45321E-3
4.99512E+0	-7.60742E-2	0.00000E+0	2.42209E-3
4.99512E+0	-7.57324E-2	0.00000E+0	2.45321E-3
4.99512E+0	-7.59277E-2	0.00000E+0	2.44141E-3
4.99502E+0	-7.52930E-2	6.87038E-4	2.42209E-3
4.99429E+0	-7.56836E-2	1.84338E-3	2.45371E-3
4.99170E+0	-7.61719E-2	2.24886E-3	2.40413E-3
4.99033E+0	-7.63184E-2	6.87038E-4	2.36932E-3
4.99023E+0	-7.66113E-2	0.00000E+0	2.26964E-3
4.99023E+0	-7.64648E-2	0.00000E+0	2.32468E-3
4.99019E+0	-7.72461E-2	4.88281E-4	1.88537E-3
4.98916E+0	-7.67090E-2	2.03288E-3	2.22680E-3
4.98745E+0	-7.58789E-2	2.42954E-3	2.44584E-3
4.98555E+0	-7.52441E-2	9.61652E-4	2.41363E-3
4.98550E+0	-7.60254E-2	1.08741E-3	2.42954E-3
4.98511E+0	-7.70020E-2	1.06955E-3	2.06520E-3
4.98311E+0	-7.64160E-2	2.44584E-3	2.34069E-3
4.98052E+0	-7.79785E-2	8.48571E-4	8.37142E-4
4.97705E+0	-7.79785E-2	2.24886E-3	8.37142E-4
4.97563E+0	-7.81250E-2	4.88281E-4	0.00000E+0
4.97563E+0	-7.81738E-2	4.88281E-4	4.88281E-4
4.97563E+0	-7.81250E-2	4.88281E-4	0.00000E+0
4.97563E+0	-7.82715E-2	4.88281E-4	8.37142E-4
4.97563E+0	-7.81250E-2	4.88281E-4	0.00000E+0
4.97568E+0	-7.81738E-2	6.87038E-4	4.88281E-4
4.97563E+0	-7.80273E-2	4.88281E-4	6.87038E-4
4.97559E+0	-7.81250E-2	0.00000E+0	0.00000E+0
4.97563E+0	-7.81250E-2	4.88281E-4	0.00000E+0
4.97559E+0	-7.81250E-2	0.00000E+0	0.00000E+0
4.97563E+0	-7.81250E-2	4.88281E-4	0.00000E+0
4.97559E+0	-7.81738E-2	0.00000E+0	4.88281E-4
4.97559E+0	-7.84180E-2	0.00000E+0	1.16545E-3
4.97559E+0	-7.87109E-2	0.00000E+0	1.59472E-3
4.97559E+0	-7.89062E-2	0.00000E+0	1.79909E-3
4.97559E+0	-7.88086E-2	0.00000E+0	1.70281E-3
4.97559E+0	-7.86621E-2	0.00000E+0	1.53548E-3
4.97554E+0	-7.84180E-2	4.88281E-4	1.16545E-3
4.97373E+0	-7.85645E-2	2.38199E-3	1.40441E-3
4.97168E+0	-7.84668E-2	1.96296E-3	1.25211E-3
4.97065E+0	-7.82715E-2	4.88281E-4	8.37142E-4
4.96846E+0	-7.93945E-2	2.44584E-3	2.15256E-3
4.96616E+0	-7.95898E-2	1.25211E-3	2.24886E-3
4.96587E+0	-8.15430E-2	4.88281E-4	2.24886E-3
4.96582E+0	-8.09570E-2	0.00000E+0	2.42209E-3
4.96577E+0	-8.15918E-2	4.88281E-4	2.22680E-3
4.96460E+0	-8.18848E-2	2.12497E-3	2.06520E-3
4.96177E+0	-8.21777E-2	1.84338E-3	1.84338E-3
4.96089E+0	-8.25684E-2	4.88281E-4	1.40441E-3
4.96045E+0	-8.26660E-2	1.47222E-3	1.25211E-3
4.95825E+0	-8.27637E-2	2.44141E-3	1.06955E-3
4.95762E+0	-8.25684E-2	2.28919E-3	1.40441E-3
4.95645E+0	-8.28125E-2	1.33135E-3	9.61652E-4
4.95605E+0	-8.28613E-2	0.00000E+0	8.37142E-4
4.95605E+0	-8.23730E-2	0.00000E+0	1.65038E-3
4.95605E+0	-8.27148E-2	0.00000E+0	1.16545E-3
4.95454E+0	-8.25195E-2	2.26964E-3	1.47222E-3
4.95190E+0	-8.22754E-2	1.75230E-3	1.75230E-3
4.95107E+0	-8.22266E-2	6.87038E-4	1.79909E-3
4.95010E+0	-8.20312E-2	2.03288E-3	1.96296E-3
4.94668E+0	-8.17383E-2	1.33135E-3	2.15256E-3
4.94624E+0	-8.09082E-2	4.88281E-4	2.42954E-3
4.94497E+0	-7.98340E-2	2.17869E-3	2.34069E-3
4.94185E+0	-7.89551E-2	1.40441E-3	1.84338E-3
4.94146E+0	-7.83691E-2	4.88281E-4	1.06955E-3
4.94141E+0	-7.85645E-2	0.00000E+0	1.40441E-3
4.94082E+0	-7.82715E-2	1.59472E-3	8.37142E-4
4.93882E+0	-7.81250E-2	2.44928E-3	0.00000E+0
4.93672E+0	-7.80762E-2	9.61652E-4	8.48571E-4
4.93652E+0	-7.81250E-2	0.00000E+0	0.00000E+0
4.93652E+0	-7.80762E-2	0.00000E+0	4.88281E-4
4.93647E+0	-7.79297E-2	4.88281E-4	9.61652E-4
4.93638E+0	-7.78320E-2	8.37142E-4	1.16545E-3
4.93398E+0	-7.79785E-2	2.45174E-3	8.37142E-4
4.93032E+0	-7.77344E-2	2.28656E-3	1.33135E-3
4.92681E+0	-7.78809E-2	4.88281E-4	1.06955E-3
4.92671E+0	-7.79785E-2	4.88281E-4	8.37142E-4
4.92671E+0	-7.81250E-2	4.88281E-4	0.00000E+0
4.92539E+0	-7.81250E-2	2.20342E-3	0.00000E+0
4.92261E+0	-7.81250E-2	1.75230E-3	0.00000E+0
4.92202E+0	-7.80762E-2	8.37142E-4	4.88281E-4
4.92168E+0	-7.80762E-2	9.61652E-4	4.88281E-4
4.91919E+0	-7.79785E-2	2.44141E-3	8.37142E-4
4.91724E+0	-7.81250E-2	1.06955E-3	0.00000E+0
4.91699E+0	-7.81250E-2	0.00000E+0	0.00000E+0
4.91680E+0	-7.82227E-2	9.61652E-4	6.87038E-4
4.91362E+0	-7.81250E-2	2.26964E-3	0.00000E+0
4.91025E+0	-7.80762E-2	2.38199E-3	4.88281E-4
4.90728E+0	-7.80762E-2	4.88281E-4	4.88281E-4
4.90625E+0	-7.81250E-2	1.96296E-3	0.00000E+0
4.90273E+0	-7.72461E-2	1.33135E-3	1.88537E-3
4.90225E+0	-7.48535E-2	6.87038E-4	2.30753E-3
4.90020E+0	-7.51465E-2	2.43597E-3	2.39359E-3
4.89775E+0	-7.60742E-2	1.16545E-3	2.42209E-3
4.89746E+0	-7.69043E-2	0.00000E+0	2.12497E-3
4.89746E+0	-7.74414E-2	0.00000E+0	1.70281E-3
4.89746E+0	-7.79785E-2	0.00000E+0	8.37142E-4
4.89746E+0	-7.80273E-2	0.00000E+0	6.87038E-4
4.89736E+0	-7.74414E-2	6.87038E-4	1.70281E-3
4.89736E+0	-7.81250E-2	6.87038E-4	0.00000E+0
4.89502E+0	-7.78320E-2	2.45371E-3	1.16545E-3
4.89316E+0	-7.78809E-2	1.59472E-3	1.06955E-3
4.89287E+0	-7.80273E-2	1.16545E-3	6.87038E-4
4.89263E+0	-7.79785E-2	4.88281E-4	8.37142E-4
4.89258E+0	-7.81250E-2	0.00000E+0	0.00000E+0
4.89165E+0	-7.80273E-2	1.92518E-3	6.87038E-4
4.89048E+0	-7.76855E-2	2.42954E-3	1.40441E-3
4.88892E+0	-7.78809E-2	2.12497E-3	1.06955E-3
4.88799E+0	-7.78320E-2	1.16545E-3	1.16545E-3
4.88770E+0	-7.80273E-2	0.00000E+0	6.87038E-4
4.88760E+0	-7.81250E-2	6.87038E-4	0.00000E+0
4.88755E+0	-7.81250E-2	8.37142E-4	0.00000E+0
4.88745E+0	-7.81250E-2	1.06955E-3	0.00000E+0
4.88652E+0	-7.80762E-2	2.09587E-3	4.88281E-4
4.88379E+0	-7.80762E-2	1.96296E-3	4.88281E-4
4.88228E+0	-7.81738E-2	1.53548E-3	4.88281E-4
4.87910E+0	-7.81738E-2	2.09587E-3	4.88281E-4
4.87876E+0	-7.81738E-2	1.84338E-3	4.88281E-4
4.87827E+0	-7.82227E-2	1.25211E-3	6.87038E-4
4.87793E+0	-7.82227E-2	0.00000E+0	6.87038E-4
4.87793E+0	-7.83691E-2	0.00000E+0	1.06955E-3
4.87764E+0	-7.82227E-2	1.67428E-3	6.87038E-4
4.87510E+0	-7.81738E-2	4.45359E-3	4.88281E-4
4.86982E+0	-7.81738E-2	3.68677E-3	4.88281E-4
4.86826E+0	-7.83691E-2	9.76562E-4	1.06955E-3
4.86650E+0	-7.86133E-2	2.32468E-3	1.47222E-3
4.86343E+0	-7.81250E-2	8.37142E-4	0.00000E+0
4.86094E+0	-7.81250E-2	2.45174E-3	0.00000E+0
4.85845E+0	-7.81250E-2	4.88281E-4	0.00000E+0
4.85771E+0	-7.80762E-2	1.70281E-3	4.88281E-4
4.85435E+0	-7.80762E-2	1.84338E-3	4.88281E-4
4.85356E+0	-7.79785E-2	4.88281E-4	8.37142E-4
4.85337E+0	-7.81738E-2	8.37142E-4	4.88281E-4
4.85127E+0	-7.81738E-2	2.44584E-3	4.88281E-4
4.84868E+0	-7.81250E-2	4.88281E-4	0.00000E+0
4.84707E+0	-7.81250E-2	2.28919E-3	0.00000E+0
4.84380E+0	-7.81738E-2	4.88281E-4	4.88281E-4
4.84375E+0	-7.84668E-2	0.00000E+0	1.25211E-3
4.84302E+0	-7.88574E-2	1.75230E-3	1.75230E-3
4.83940E+0	-8.00293E-2	1.53548E-3	2.39359E-3
4.83789E+0	-8.07129E-2	1.96296E-3	2.44928E-3
4.83491E+0	-8.12012E-2	1.92518E-3	2.36932E-3
4.83398E+0	-8.18359E-2	0.00000E+0	2.09587E-3
4.83398E+0	-8.27637E-2	0.00000E+0	1.06955E-3
4.83394E+0	-8.26172E-2	4.88281E-4	1.33135E-3
4.83330E+0	-8.30078E-2	1.70281E-3	0.00000E+0
4.83105E+0	-8.29590E-2	2.40413E-3	4.88281E-4
4.82925E+0	-8.30566E-2	8.37142E-4	4.88281E-4
4.82910E+0	-8.30078E-2	0.00000E+0	0.00000E+0
4.82861E+0	-8.30566E-2	1.47222E-3	4.88281E-4
4.82627E+0	-8.30078E-2	2.42209E-3	0.00000E+0
4.82422E+0	-8.30078E-2	0.00000E+0	0.00000E+0
4.82397E+0	-8.30566E-2	1.06955E-3	4.88281E-4
4.82168E+0	-8.34473E-2	2.45174E-3	1.40441E-3
4.81953E+0	-8.42285E-2	9.61652E-4	2.12497E-3
4.81934E+0	-8.41797E-2	0.00000E+0	2.09587E-3
4.81899E+0	-8.38867E-2	1.25211E-3	1.88537E-3
4.81719E+0	-8.51563E-2	2.43597E-3	2.43597E-3
4.81504E+0	-8.47168E-2	1.59472E-3	2.34069E-3
4.81455E+0	-8.52539E-2	6.87038E-4	2.44584E-3
4.81445E+0	-8.59375E-2	0.00000E+0	2.40413E-3
4.81445E+0	-8.53516E-2	0.00000E+0	2.45174E-3
4.81445E+0	-8.49609E-2	0.00000E+0	2.40413E-3
4.81445E+0	-8.62793E-2	0.00000E+0	2.30753E-3
4.81445E+0	-8.66699E-2	0.00000E+0	2.12497E-3
4.81426E+0	-8.72070E-2	9.61652E-4	1.70281E-3
4.81357E+0	-8.62305E-2	1.88537E-3	2.32468E-3
4.81313E+0	-8.69629E-2	2.17869E-3	1.92518E-3
4.81060E+0	-8.74512E-2	1.99883E-3	1.40441E-3
4.80952E+0	-8.75000E-2	4.88281E-4	1.33135E-3
4.80811E+0	-8.78418E-2	2.24886E-3	4.88281E-4
4.80552E+0	-8.78906E-2	1.84338E-3	0.00000E+0
4.80488E+0	-8.78906E-2	9.61652E-4	0.00000E+0
4.80469E+0	-8.78906E-2	0.00000E+0	0.00000E+0
4.80459E+0	-8.78906E-2	6.87038E-4	0.00000E+0
4.80269E+0	-8.78906E-2	2.41363E-3	0.00000E+0
4.79995E+0	-8.78906E-2	1.08741E-3	0.00000E+0
4.79756E+0	-8.78906E-2	2.44584E-3	0.00000E+0
4.79502E+0	-8.78906E-2	6.87038E-4	0.00000E+0
4.79492E+0	-8.78906E-2	0.00000E+0	0.00000E+0
4.79463E+0	-8.78906E-2	1.16545E-3	0.00000E+0
4.79092E+0	-8.78906E-2	1.88537E-3	0.00000E+0
4.78906E+0	-8.78906E-2	1.96296E-3	0.00000E+0
4.78545E+0	-8.78906E-2	1.16545E-3	0.00000E+0
4.78521E+0	-8.78906E-2	4.88281E-4	0.00000E+0
4.78506E+0	-8.78906E-2	6.87038E-4	0.00000E+0
4.78384E+0	-8.78906E-2	2.17869E-3	0.00000E+0
4.78081E+0	-8.78906E-2	1.53548E-3	0.00000E+0
4.78018E+0	-8.78906E-2	6.87038E-4	0.00000E+0
4.77847E+0	-8.78906E-2	2.36932E-3	0.00000E+0
4.77568E+0	-8.78906E-2	1.16545E-3	0.00000E+0
4.77539E+0	-8.78906E-2	0.00000E+0	0.00000E+0
4.77524E+0	-8.78906E-2	8.37142E-4	0.00000E+0
4.77275E+0	-8.78906E-2	2.44584E-3	0.00000E+0
4.77065E+0	-8.78906E-2	8.37142E-4	0.00000E+0
4.77041E+0	-8.78906E-2	6.87038E-4	0.00000E+0
4.76792E+0	-8.78906E-2	2.44928E-3	0.00000E+0
4.76572E+0	-8.78906E-2	6.87038E-4	0.00000E+0
4.76431E+0	-8.78906E-2	2.17869E-3	0.00000E+0
4.76094E+0	-8.78906E-2	9.61652E-4	0.00000E+0
4.76074E+0	-8.78906E-2	0.00000E+0	0.00000E+0
4.75874E+0	-8.78906E-2	2.41363E-3	0.00000E+0
4.75605E+0	-8.78906E-2	9.61652E-4	0.00000E+0
4.75586E+0	-8.78906E-2	0.00000E+0	0.00000E+0
4.75586E+0	-8.78906E-2	0.00000E+0	0.00000E+0
4.75542E+0	-8.78906E-2	1.40441E-3	0.00000E+0
4.75249E+0	-8.79395E-2	2.26964E-3	4.88281E-4
4.75103E+0	-8.78906E-2	4.88281E-4	0.00000E+0
4.75083E+0	-8.78906E-2	8.37142E-4	0.00000E+0
4.75068E+0	-8.78906E-2	1.16545E-3	0.00000E+0
4.75039E+0	-8.78906E-2	1.59472E-3	0.00000E+0
4.75039E+0	-8.78906E-2	1.59472E-3	0.00000E+0
4.75049E+0	-8.78906E-2	1.47222E-3	0.00000E+0
4.75039E+0	-8.78906E-2	1.59472E-3	0.00000E+0
4.75068E+0	-8.78906E-2	1.16545E-3	0.00000E+0
4.75000E+0	-8.78906E-2	1.96296E-3	0.00000E+0
4.75063E+0	-8.78906E-2	1.25211E-3	0.00000E+0
4.75073E+0	-8.78906E-2	1.06955E-3	0.00000E+0
4.75044E+0	-8.78906E-2	1.53548E-3	0.00000E+0
4.75049E+0	-8.78906E-2	1.47222E-3	0.00000E+0
4.75039E+0	-8.79395E-2	1.59472E-3	4.88281E-4
4.75063E+0	-8.78906E-2	1.25211E-3	0.00000E+0
4.75049E+0	-8.78906E-2	1.47222E-3	0.00000E+0
4.75044E+0	-8.78906E-2	1.53548E-3	0.00000E+0
4.75068E+0	-8.78906E-2	1.16545E-3	0.00000E+0
4.75083E+0	-8.78906E-2	8.37142E-4	0.00000E+0
4.75068E+0	-8.78906E-2	1.16545E-3	0.00000E+0
4.75044E+0	-8.78906E-2	1.53548E-3	0.00000E+0
4.75039E+0	-8.79395E-2	1.59472E-3	4.88281E-4
4.75029E+0	-8.79395E-2	1.70281E-3	4.88281E-4
4.75073E+0	-8.79395E-2	1.06955E-3	4.88281E-4
4.75039E+0	-8.78906E-2	1.59472E-3	0.00000E+0
4.75044E+0	-8.78906E-2	1.53548E-3	0.00000E+0
4.75049E+0	-8.78906E-2	1.47222E-3	0.00000E+0
4.75078E+0	-8.78906E-2	9.61652E-4	0.00000E+0
4.75034E+0	-8.78906E-2	1.65038E-3	0.00000E+0
4.75010E+0	-8.78906E-2	1.88537E-3	0.00000E+0
4.75034E+0	-8.78906E-2	1.65038E-3	0.00000E+0
4.75049E+0	-8.78906E-2	1.47222E-3	0.00000E+0
4.75020E+0	-8.78906E-2	1.79909E-3	0.00000E+0
4.75044E+0	-8.78906E-2	1.53548E-3	0.00000E+0
4.75073E+0	-8.78906E-2	1.06955E-3	0.00000E+0
4.75063E+0	-8.78906E-2	1.25211E-3	0.00000E+0
4.75073E+0	-8.78906E-2	1.06955E-3	0.00000E+0
4.75083E+0	-8.78906E-2	8.37142E-4	0.00000E+0
4.75059E+0	-8.78906E-2	1.33135E-3	0.00000E+0
4.75073E+0	-8.78906E-2	1.06955E-3	0.00000E+0
4.75015E+0	-8.78906E-2	1.84338E-3	0.00000E+0
4.74985E+0	-8.78906E-2	2.06520E-3	0.00000E+0
4.75044E+0	-8.78906E-2	1.53548E-3	0.00000E+0
4.75063E+0	-8.78906E-2	1.25211E-3	0.00000E+0
4.75044E+0	-8.79395E-2	1.53548E-3	4.88281E-4
4.75068E+0	-8.78418E-2	1.16545E-3	4.88281E-4
4.75049E+0	-8.78906E-2	1.47222E-3	0.00000E+0
4.75015E+0	-8.78906E-2	1.84338E-3	0.00000E+0
4.75044E+0	-8.78906E-2	1.53548E-3	0.00000E+0
4.75044E+0	-8.78906E-2	1.53548E-3	0.00000E+0
4.75068E+0	-8.78906E-2	1.16545E-3	0.00000E+0
4.75063E+0	-8.78906E-2	1.25211E-3	0.00000E+0
4.75068E+0	-8.78906E-2	1.16545E-3	0.00000E+0
4.75044E+0	-8.78906E-2	1.53548E-3	0.00000E+0
4.74976E+0	-8.78906E-2	2.12497E-3	0.00000E+0
4.74609E+0	-8.78906E-2	9.81482E-4	0.00000E+0
4.74351E+0	-8.78906E-2	2.44928E-3	0.00000E+0
4.74131E+0	-8.78906E-2	6.87038E-4	0.00000E+0
4.73960E+0	-8.78906E-2	2.30753E-3	0.00000E+0
4.73633E+0	-8.78906E-2	6.94013E-4	0.00000E+0
4.73271E+0	-8.78906E-2	2.36576E-3	0.00000E+0
4.72715E+0	-8.78906E-2	1.59472E-3	0.00000E+0
4.72656E+0	-8.78906E-2	0.00000E+0	0.00000E+0
4.72656E+0	-8.78906E-2	0.00000E+0	0.00000E+0
4.72632E+0	-8.78906E-2	1.06955E-3	0.00000E+0
4.72363E+0	-8.79395E-2	2.40413E-3	4.88281E-4
4.72104E+0	-8.79883E-2	1.65038E-3	6.87038E-4
4.71904E+0	-8.79395E-2	2.44584E-3	4.88281E-4
4.71855E+0	-8.79395E-2	2.35556E-3	4.88281E-4
4.71724E+0	-8.79395E-2	1.40441E-3	4.88281E-4
4.71680E+0	-8.80859E-2	0.00000E+0	9.61652E-4
4.71680E+0	-8.78906E-2	0.00000E+0	0.00000E+0
4.71680E+0	-8.78906E-2	0.00000E+0	0.00000E+0
4.71680E+0	-8.78906E-2	0.00000E+0	0.00000E+0
4.71665E+0	-8.78906E-2	8.37142E-4	0.00000E+0
4.71313E+0	-8.79395E-2	2.12497E-3	4.88281E-4
4.71035E+0	-8.79395E-2	2.28919E-3	4.88281E-4
4.70742E+0	-8.79883E-2	1.33135E-3	6.87038E-4
4.70679E+0	-8.80371E-2	1.06955E-3	8.37142E-4
4.70337E+0	-8.80371E-2	2.12497E-3	8.37142E-4
4.70195E+0	-8.82324E-2	9.61652E-4	1.25211E-3
4.70122E+0	-8.81348E-2	1.92518E-3	1.06955E-3
4.69785E+0	-8.84766E-2	1.59472E-3	1.59472E-3
4.69678E+0	-8.81348E-2	1.47222E-3	1.06955E-3
4.69292E+0	-8.81836E-2	1.53548E-3	1.16545E-3
4.69097E+0	-8.83789E-2	2.22680E-3	1.47222E-3
4.68779E+0	-8.83301E-2	1.16545E-3	1.40441E-3
4.68750E+0	-8.82324E-2	0.00000E+0	1.25211E-3
4.68633E+0	-8.82324E-2	2.09587E-3	1.25211E-3
4.68286E+0	-8.80859E-2	1.60900E-3	9.61652E-4
4.67852E+0	-8.82324E-2	4.84419E-3	1.25211E-3
4.67412E+0	-8.81348E-2	3.30076E-3	1.06955E-3
4.67285E+0	-8.83301E-2	0.00000E+0	1.40441E-3
4.67236E+0	-8.84766E-2	1.47222E-3	1.59472E-3
4.66899E+0	-8.82813E-2	1.99883E-3	1.33135E-3
4.66714E+0	-8.83789E-2	1.84338E-3	1.47222E-3
4.66323E+0	-8.80859E-2	8.37142E-4	9.61652E-4
4.66201E+0	-8.83789E-2	2.03288E-3	1.47222E-3
4.65845E+0	-8.82813E-2	1.06955E-3	1.33135E-3
4.65723E+0	-8.80859E-2	1.96296E-3	9.61652E-4
4.65347E+0	-8.81348E-2	8.37142E-4	1.06955E-3
4.65088E+0	-8.80859E-2	2.45371E-3	9.61652E-4
4.64663E+0	-8.78906E-2	2.36932E-3	0.00000E+0
4.64365E+0	-8.78906E-2	6.87038E-4	0.00000E+0
4.64102E+0	-8.79395E-2	2.45174E-3	4.88281E-4
4.63506E+0	-8.79883E-2	2.15256E-3	6.87038E-4
4.62695E+0	-8.79395E-2	2.68790E-3	4.88281E-4
4.61997E+0	-8.79883E-2	2.08839E-3	6.87038E-4
4.61484E+0	-8.82324E-2	1.59472E-3	1.25211E-3
4.61411E+0	-8.82324E-2	8.37142E-4	1.25211E-3
4.61006E+0	-8.85254E-2	1.70281E-3	1.65038E-3
4.60562E+0	-8.95020E-2	2.06520E-3	2.30753E-3
4.60352E+0	-9.04297E-2	1.96296E-3	2.45174E-3
4.59980E+0	-9.19922E-2	9.61652E-4	1.79909E-3
4.59678E+0	-9.17969E-2	2.42209E-3	1.96296E-3
4.59448E+0	-9.18945E-2	1.06955E-3	1.88537E-3
4.59072E+0	-9.25293E-2	1.88537E-3	1.06955E-3
4.58970E+0	-9.25781E-2	8.37142E-4	9.61652E-4
4.58862E+0	-9.26270E-2	2.12497E-3	8.37142E-4
4.58638E+0	-9.27246E-2	2.22680E-3	4.88281E-4
4.58389E+0	-9.26758E-2	2.03288E-3	6.87038E-4
4.58013E+0	-9.27734E-2	1.09623E-3	0.00000E+0
4.57671E+0	-9.27246E-2	2.26964E-3	4.88281E-4
4.57515E+0	-9.27734E-2	4.88281E-4	0.00000E+0
4.57236E+0	-9.27734E-2	2.42209E-3	0.00000E+0
4.57012E+0	-9.27734E-2	1.18593E-3	0.00000E+0
4.56611E+0	-9.27734E-2	1.70281E-3	0.00000E+0
4.56543E+0	-9.27734E-2	0.00000E+0	0.00000E+0
4.56528E+0	-9.27734E-2	8.37142E-4	0.00000E+0
4.56255E+0	-9.27734E-2	2.41363E-3	0.00000E+0
4.56104E+0	-9.27734E-2	1.47222E-3	0.00000E+0
4.56079E+0	-9.27734E-2	1.06955E-3	0.00000E+0
4.56094E+0	-9.27734E-2	1.33135E-3	0.00000E+0
4.56074E+0	-9.27734E-2	9.61652E-4	0.00000E+0
4.56079E+0	-9.27734E-2	1.06955E-3	0.00000E+0
4.56084E+0	-9.28223E-2	1.16545E-3	4.88281E-4
4.56094E+0	-9.27734E-2	1.33135E-3	0.00000E+0
4.56074E+0	-9.27734E-2	9.61652E-4	0.00000E+0
4.56099E+0	-9.27734E-2	1.40441E-3	0.00000E+0
4.56089E+0	-9.27734E-2	1.25211E-3	0.00000E+0
4.56104E+0	-9.27734E-2	1.47222E-3	0.00000E+0
4.56079E+0	-9.27734E-2	1.06955E-3	0.00000E+0
4.56089E+0	-9.27734E-2	1.25211E-3	0.00000E+0
4.56084E+0	-9.27734E-2	1.16545E-3	0.00000E+0
4.56069E+0	-9.27734E-2	8.37142E-4	0.00000E+0
4.56099E+0	-9.27734E-2	1.40441E-3	0.00000E+0
4.56074E+0	-9.27734E-2	9.61652E-4	0.00000E+0
4.56064E+0	-9.27734E-2	6.87038E-4	0.00000E+0
4.56108E+0	-9.27734E-2	1.53548E-3	0.00000E+0
4.56113E+0	-9.27734E-2	1.59472E-3	0.00000E+0
4.56089E+0	-9.27734E-2	1.25211E-3	0.00000E+0
4.56094E+0	-9.27734E-2	1.33135E-3	0.00000E+0
4.56074E+0	-9.27734E-2	9.61652E-4	0.00000E+0
4.56064E+0	-9.27734E-2	6.87038E-4	0.00000E+0
4.56094E+0	-9.27734E-2	1.33135E-3	0.00000E+0
4.56089E+0	-9.27734E-2	1.25211E-3	0.00000E+0
4.56104E+0	-9.27734E-2	1.47222E-3	0.00000E+0
4.56069E+0	-9.27734E-2	8.37142E-4	0.00000E+0
4.56074E+0	-9.27734E-2	9.61652E-4	0.00000E+0
4.56074E+0	-9.27734E-2	9.61652E-4	0.00000E+0
4.56069E+0	-9.27734E-2	8.37142E-4	0.00000E+0
4.56074E+0	-9.27734E-2	9.61652E-4	0.00000E+0
4.56074E+0	-9.27734E-2	9.61652E-4	0.00000E+0
4.56099E+0	-9.27734E-2	1.40441E-3	0.00000E+0
4.56094E+0	-9.27734E-2	1.33135E-3	0.00000E+0
4.56084E+0	-9.27734E-2	1.16545E-3	0.00000E+0
4.56079E+0	-9.28223E-2	1.06955E-3	4.88281E-4
4.56084E+0	-9.27734E-2	1.16545E-3	0.00000E+0
4.56079E+0	-9.27734E-2	1.06955E-3	0.00000E+0
4.56064E+0	-9.27734E-2	6.87038E-4	0.00000E+0
4.56079E+0	-9.28223E-2	1.06955E-3	4.88281E-4
4.56089E+0	-9.27734E-2	1.25211E-3	0.00000E+0
4.56069E+0	-9.27734E-2	8.37142E-4	0.00000E+0
4.56084E+0	-9.27734E-2	1.16545E-3	0.00000E+0
4.56079E+0	-9.27734E-2	1.06955E-3	0.00000E+0
4.56094E+0	-9.27734E-2	1.33135E-3	0.00000E+0
4.56084E+0	-9.27734E-2	1.16545E-3	0.00000E+0
4.56069E+0	-9.27734E-2	8.37142E-4	0.00000E+0
4.56060E+0	-9.27734E-2	4.88281E-4	0.00000E+0
4.56084E+0	-9.27734E-2	1.16545E-3	0.00000E+0
4.56064E+0	-9.27734E-2	6.87038E-4	0.00000E+0
4.56064E+0	-9.27734E-2	6.87038E-4	0.00000E+0
4.56064E+0	-9.27734E-2	6.87038E-4	0.00000E+0
4.56064E+0	-9.27734E-2	6.87038E-4	0.00000E+0
4.56069E+0	-9.27734E-2	8.37142E-4	0.00000E+0
4.56069E+0	-9.27734E-2	8.37142E-4	0.00000E+0
4.56074E+0	-9.27734E-2	9.61652E-4	0.00000E+0
4.56079E+0	-9.27734E-2	1.06955E-3	0.00000E+0
4.56064E+0	-9.27734E-2	6.87038E-4	0.00000E+0
4.56079E+0	-9.27734E-2	1.06955E-3	0.00000E+0
4.56074E+0	-9.27734E-2	9.61652E-4	0.00000E+0
4.56064E+0	-9.27734E-2	6.87038E-4	0.00000E+0
4.56074E+0	-9.27734E-2	9.61652E-4	0.00000E+0
4.56084E+0	-9.27734E-2	1.16545E-3	0.00000E+0
4.56060E+0	-9.27734E-2	8.48571E-4	0.00000E+0
4.56084E+0	-9.27734E-2	1.16545E-3	0.00000E+0
4.56074E+0	-9.27734E-2	9.61652E-4	0.00000E+0
4.56079E+0	-9.27734E-2	1.06955E-3	0.00000E+0
4.56074E+0	-9.27734E-2	9.61652E-4	0.00000E+0
4.56074E+0	-9.27734E-2	9.61652E-4	0.00000E+0
4.56079E+0	-9.27734E-2	1.06955E-3	0.00000E+0
4.56060E+0	-9.27734E-2	4.88281E-4	0.00000E+0
4.56060E+0	-9.27734E-2	4.88281E-4	0.00000E+0
4.56060E+0	-9.27734E-2	4.88281E-4	0.00000E+0
4.56079E+0	-9.27734E-2	1.06955E-3	0.00000E+0
4.56060E+0	-9.27734E-2	4.88281E-4	0.00000E+0
4.56079E+0	-9.27734E-2	1.06955E-3	0.00000E+0
4.56060E+0	-9.27734E-2	4.88281E-4	0.00000E+0
4.56074E+0	-9.27734E-2	9.61652E-4	0.00000E+0
4.56089E+0	-9.27734E-2	1.25211E-3	0.00000E+0
4.56064E+0	-9.27734E-2	6.87038E-4	0.00000E+0
4.56055E+0	-9.27734E-2	0.00000E+0	0.00000E+0
4.56060E+0	-9.27734E-2	4.88281E-4	0.00000E+0
4.56064E+0	-9.27734E-2	6.87038E-4	0.00000E+0
4.56060E+0	-9.27734E-2	4.88281E-4	0.00000E+0
4.56064E+0	-9.27734E-2	6.87038E-4	0.00000E+0
4.56069E+0	-9.27734E-2	8.37142E-4	0.00000E+0
4.56055E+0	-9.27734E-2	0.00000E+0	0.00000E+0
4.56079E+0	-9.27734E-2	1.06955E-3	0.00000E+0
4.56069E+0	-9.27734E-2	8.37142E-4	0.00000E+0
4.56079E+0	-9.27734E-2	1.06955E-3	0.00000E+0
4.56074E+0	-9.27734E-2	9.61652E-4	0.00000E+0
4.56074E+0	-9.27734E-2	9.61652E-4	0.00000E+0
4.56069E+0	-9.27734E-2	8.37142E-4	0.00000E+0
4.56079E+0	-9.27734E-2	1.06955E-3	0.00000E+0
4.56069E+0	-9.27734E-2	8.37142E-4	0.00000E+0
4.56069E+0	-9.27734E-2	8.37142E-4	0.00000E+0
4.56084E+0	-9.27734E-2	1.16545E-3	0.00000E+0
4.56069E+0	-9.28223E-2	8.37142E-4	4.88281E-4
4.56074E+0	-9.27734E-2	9.61652E-4	0.00000E+0
4.56089E+0	-9.27734E-2	1.25211E-3	0.00000E+0
4.56064E+0	-9.27734E-2	6.87038E-4	0.00000E+0
4.56079E+0	-9.27734E-2	1.06955E-3	0.00000E+0
4.56094E+0	-9.27734E-2	1.33135E-3	0.00000E+0
4.56069E+0	-9.27734E-2	8.37142E-4	0.00000E+0
4.56064E+0	-9.27734E-2	6.87038E-4	0.00000E+0
4.56074E+0	-9.27734E-2	9.61652E-4	0.00000E+0
4.56079E+0	-9.27734E-2	1.06955E-3	0.00000E+0
4.56064E+0	-9.27734E-2	6.87038E-4	0.00000E+0
4.56084E+0	-9.27734E-2	1.16545E-3	0.00000E+0
4.56074E+0	-9.27734E-2	9.61652E-4	0.00000E+0
4.56060E+0	-9.27734E-2	4.88281E-4	0.00000E+0
4.56074E+0	-9.27734E-2	9.61652E-4	0.00000E+0
4.56099E+0	-9.27734E-2	1.40441E-3	0.00000E+0
4.56069E+0	-9.27734E-2	8.37142E-4	0.00000E+0
4.56084E+0	-9.27734E-2	1.16545E-3	0.00000E+0
4.56089E+0	-9.27734E-2	1.25211E-3	0.00000E+0
4.56084E+0	-9.27734E-2	1.16545E-3	0.00000E+0
4.56060E+0	-9.27734E-2	4.88281E-4	0.00000E+0
4.56079E+0	-9.27734E-2	1.06955E-3	0.00000E+0
4.56074E+0	-9.27734E-2	9.61652E-4	0.00000E+0
4.56074E+0	-9.27734E-2	9.61652E-4	0.00000E+0
4.56064E+0	-9.27734E-2	6.87038E-4	0.00000E+0
4.56084E+0	-9.27734E-2	1.16545E-3	0.00000E+0
4.56074E+0	-9.27734E-2	9.61652E-4	0.00000E+0
4.56079E+0	-9.27734E-2	1.06955E-3	0.00000E+0
4.56079E+0	-9.27734E-2	1.06955E-3	0.00000E+0
4.56099E+0	-9.27734E-2	1.40441E-3	0.00000E+0
4.56074E+0	-9.27734E-2	9.61652E-4	0.00000E+0
4.56060E+0	-9.28223E-2	4.88281E-4	4.88281E-4
4.56069E+0	-9.28223E-2	1.08741E-3	4.88281E-4
4.56079E+0	-9.27734E-2	1.06955E-3	0.00000E+0
4.56069E+0	-9.27734E-2	8.37142E-4	0.00000E+0
4.56079E+0	-9.27734E-2	1.06955E-3	0.00000E+0
4.56084E+0	-9.27734E-2	1.16545E-3	0.00000E+0
4.56084E+0	-9.27734E-2	1.16545E-3	0.00000E+0
4.56089E+0	-9.27734E-2	1.25211E-3	0.00000E+0
4.56064E+0	-9.27246E-2	6.87038E-4	4.88281E-4
4.56074E+0	-9.27734E-2	9.61652E-4	0.00000E+0
4.56069E+0	-9.27734E-2	8.37142E-4	0.00000E+0
4.56079E+0	-9.27734E-2	1.06955E-3	0.00000E+0
4.56064E+0	-9.27734E-2	6.87038E-4	0.00000E+0
4.56069E+0	-9.27734E-2	8.37142E-4	0.00000E+0
4.56094E+0	-9.27734E-2	1.33135E-3	0.00000E+0
4.56084E+0	-9.27734E-2	1.16545E-3	0.00000E+0
4.56089E+0	-9.27734E-2	1.25211E-3	0.00000E+0
4.56084E+0	-9.27734E-2	1.16545E-3	0.00000E+0
4.56069E+0	-9.27734E-2	8.37142E-4	0.00000E+0
4.56079E+0	-9.27734E-2	1.06955E-3	0.00000E+0
4.56064E+0	-9.27734E-2	6.87038E-4	0.00000E+0
4.56084E+0	-9.27734E-2	1.16545E-3	0.00000E+0
4.56074E+0	-9.27734E-2	9.61652E-4	0.00000E+0
4.56074E+0	-9.27734E-2	9.61652E-4	0.00000E+0
4.56084E+0	-9.27734E-2	1.16545E-3	0.00000E+0
4.56069E+0	-9.27734E-2	8.37142E-4	0.00000E+0
4.56064E+0	-9.27734E-2	6.87038E-4	0.00000E+0
4.56079E+0	-9.27734E-2	1.06955E-3	0.00000E+0
4.56074E+0	-9.27734E-2	9.61652E-4	0.00000E+0
4.56064E+0	-9.27734E-2	6.87038E-4	0.00000E+0
4.56084E+0	-9.27734E-2	1.16545E-3	0.00000E+0
4.56084E+0	-9.27734E-2	1.16545E-3	0.00000E+0
4.56064E+0	-9.27734E-2	6.87038E-4	0.00000E+0
4.56069E+0	-9.27734E-2	8.37142E-4	0.00000E+0
4.56079E+0	-9.27734E-2	1.06955E-3	0.00000E+0
4.56079E+0	-9.27734E-2	1.06955E-3	0.00000E+0
4.56060E+0	-9.27734E-2	8.48571E-4	0.00000E+0
4.56104E+0	-9.27734E-2	1.47222E-3	0.00000E+0
4.56064E+0	-9.27734E-2	6.87038E-4	0.00000E+0
4.56079E+0	-9.27734E-2	1.06955E-3	0.00000E+0
4.56084E+0	-9.27734E-2	1.16545E-3	0.00000E+0
4.56079E+0	-9.27734E-2	1.06955E-3	0.00000E+0
4.56074E+0	-9.27734E-2	9.61652E-4	0.00000E+0
4.56089E+0	-9.27734E-2	1.25211E-3	0.00000E+0
4.56064E+0	-9.27734E-2	6.87038E-4	0.00000E+0
4.56079E+0	-9.27734E-2	1.06955E-3	0.00000E+0
4.56069E+0	-9.27734E-2	8.37142E-4	0.00000E+0
4.56079E+0	-9.27734E-2	1.06955E-3	0.00000E+0
4.56069E+0	-9.27734E-2	8.37142E-4	0.00000E+0
4.56089E+0	-9.27246E-2	1.25211E-3	4.88281E-4
4.56079E+0	-9.27734E-2	1.06955E-3	0.00000E+0
4.56064E+0	-9.27734E-2	6.87038E-4	0.00000E+0
4.56113E+0	-9.27734E-2	1.59472E-3	0.00000E+0
4.56084E+0	-9.28223E-2	1.16545E-3	4.88281E-4
4.56079E+0	-9.27734E-2	1.06955E-3	0.00000E+0
4.56074E+0	-9.27734E-2	9.61652E-4	0.00000E+0
