1.57251E+0	3.61328E-3	1.06955E-3	2.15256E-3
1.57241E+0	3.46680E-3	8.37142E-4	2.22680E-3
1.57231E+0	3.71094E-3	4.88281E-4	2.09587E-3
1.57236E+0	3.75977E-3	6.87038E-4	2.06520E-3
1.57231E+0	3.85742E-3	4.88281E-4	1.99883E-3
1.57241E+0	4.00391E-3	8.37142E-4	1.88537E-3
1.57231E+0	3.66211E-3	4.88281E-4	2.12497E-3
1.57236E+0	3.36914E-3	6.87038E-4	2.26964E-3
1.57231E+0	3.56445E-3	4.88281E-4	2.17869E-3
1.57227E+0	3.80859E-3	0.00000E+0	2.03288E-3
1.57231E+0	3.22266E-3	4.88281E-4	2.32468E-3
1.57227E+0	3.51563E-3	0.00000E+0	2.20342E-3
1.57236E+0	3.51563E-3	6.87038E-4	2.20342E-3
1.57231E+0	3.32031E-3	4.88281E-4	2.28919E-3
1.57231E+0	3.41797E-3	4.88281E-4	2.24886E-3
1.57241E+0	3.27148E-3	8.37142E-4	2.30753E-3
1.57231E+0	3.27148E-3	4.88281E-4	2.30753E-3
1.57231E+0	3.32031E-3	4.88281E-4	2.28919E-3
1.57227E+0	3.66211E-3	0.00000E+0	2.12497E-3
1.57231E+0	3.61328E-3	4.88281E-4	2.15256E-3
1.57231E+0	3.85742E-3	4.88281E-4	1.99883E-3
1.57227E+0	3.80859E-3	0.00000E+0	2.03288E-3
1.57236E+0	4.10156E-3	6.87038E-4	1.79909E-3
1.57241E+0	3.90625E-3	8.37142E-4	1.96296E-3
1.57227E+0	4.00391E-3	0.00000E+0	1.88537E-3
1.57236E+0	3.51563E-3	6.87038E-4	2.20342E-3
1.57236E+0	4.10156E-3	6.87038E-4	1.79909E-3
1.57236E+0	3.90625E-3	6.87038E-4	1.96296E-3
1.57236E+0	4.29688E-3	6.87038E-4	1.59472E-3
1.57227E+0	4.54102E-3	0.00000E+0	1.25211E-3
1.57471E+0	4.73633E-3	2.45371E-3	8.37142E-4
1.58315E+0	4.00391E-3	5.67459E-3	1.88537E-3
1.59580E+0	4.88281E-5	3.20901E-3	3.43484E-3
1.59756E+0	2.34375E-3	1.88537E-3	2.45174E-3
1.59795E+0	2.39258E-3	2.15256E-3	2.45321E-3
1.60117E+0	6.83594E-4	1.33135E-3	1.70281E-3
1.60200E+0	0.00000E+0	1.40441E-3	0.00000E+0
1.60605E+0	0.00000E+0	2.65907E-3	0.00000E+0
1.61128E+0	0.00000E+0	4.88281E-4	0.00000E+0
1.61133E+0	0.00000E+0	0.00000E+0	0.00000E+0
1.61133E+0	0.00000E+0	0.00000E+0	0.00000E+0
1.61133E+0	0.00000E+0	0.00000E+0	0.00000E+0
1.61133E+0	0.00000E+0	0.00000E+0	0.00000E+0
1.61133E+0	0.00000E+0	0.00000E+0	0.00000E+0
1.61333E+0	0.00000E+0	2.41363E-3	0.00000E+0
1.62163E+0	0.00000E+0	3.73060E-3	0.00000E+0
1.62974E+0	4.88281E-5	2.06520E-3	4.88281E-4
1.63086E+0	0.00000E+0	0.00000E+0	0.00000E+0
1.63589E+0	4.88281E-5	3.21464E-3	4.88281E-4
1.64092E+0	4.88281E-5	1.16545E-3	4.88281E-4
1.64126E+0	0.00000E+0	1.65038E-3	0.00000E+0
1.64170E+0	0.00000E+0	2.03288E-3	0.00000E+0
1.64126E+0	0.00000E+0	1.65038E-3	0.00000E+0
1.64409E+0	4.88281E-5	2.22680E-3	4.88281E-4
1.64614E+0	0.00000E+0	1.65038E-3	0.00000E+0
1.64937E+0	0.00000E+0	1.99883E-3	0.00000E+0
1.65034E+0	0.00000E+0	4.88281E-4	0.00000E+0
1.65039E+0	0.00000E+0	0.00000E+0	0.00000E+0
1.65244E+0	0.00000E+0	2.42209E-3	0.00000E+0
1.65698E+0	0.00000E+0	2.34069E-3	0.00000E+0
1.66655E+0	0.00000E+0	4.20408E-3	0.00000E+0
1.68232E+0	0.00000E+0	2.97860E-3	0.00000E+0
1.68462E+0	0.00000E+0	4.88281E-4	0.00000E+0
1.68467E+0	0.00000E+0	6.87038E-4	0.00000E+0
1.68579E+0	0.00000E+0	2.12497E-3	0.00000E+0
1.68931E+0	0.00000E+0	8.37142E-4	0.00000E+0
1.68945E+0	0.00000E+0	0.00000E+0	0.00000E+0
1.69155E+0	0.00000E+0	2.42954E-3	0.00000E+0
1.70156E+0	0.00000E+0	3.83155E-3	0.00000E+0
1.70669E+0	0.00000E+0	2.44928E-3	0.00000E+0
1.70635E+0	0.00000E+0	2.44584E-3	0.00000E+0
1.70859E+0	0.00000E+0	1.33135E-3	0.00000E+0
1.70908E+0	4.88281E-5	6.87038E-4	4.88281E-4
1.70928E+0	0.00000E+0	1.16545E-3	0.00000E+0
1.71201E+0	0.00000E+0	2.38199E-3	0.00000E+0
1.71758E+0	0.00000E+0	2.51382E-3	0.00000E+0
1.72285E+0	0.00000E+0	1.79909E-3	0.00000E+0
1.72637E+0	0.00000E+0	2.43597E-3	0.00000E+0
1.73345E+0	0.00000E+0	3.70469E-3	0.00000E+0
1.74072E+0	1.95313E-4	2.45371E-3	9.61652E-4
1.74209E+0	1.46484E-4	2.03288E-3	8.37142E-4
1.74365E+0	2.44141E-4	2.24886E-3	1.06955E-3
1.75264E+0	1.66016E-3	4.32409E-3	2.32468E-3
1.76240E+0	4.15039E-3	1.52367E-3	1.75230E-3
1.76274E+0	4.00391E-3	4.88281E-4	1.88537E-3
1.76455E+0	4.49219E-3	2.38199E-3	1.33135E-3
1.76763E+0	4.83398E-3	1.09623E-3	4.88281E-4
1.77549E+0	2.09961E-3	3.85036E-3	2.42954E-3
1.77866E+0	-3.36914E-3	2.17869E-3	2.26964E-3
1.77915E+0	-4.83398E-3	2.36932E-3	4.88281E-4
1.77891E+0	-4.88281E-3	2.28919E-3	0.00000E+0
1.77881E+0	-4.78516E-3	2.24886E-3	6.87038E-4
1.77915E+0	-4.73633E-3	2.36932E-3	8.37142E-4
1.77935E+0	-4.05273E-3	2.41363E-3	1.84338E-3
1.77896E+0	-3.90625E-3	2.30753E-3	1.96296E-3
1.77900E+0	-3.27148E-3	2.32468E-3	2.30753E-3
1.77896E+0	-3.51563E-3	2.30753E-3	2.20342E-3
1.77905E+0	-3.12500E-3	2.34069E-3	2.35556E-3
1.77866E+0	-4.00391E-3	2.17869E-3	1.88537E-3
1.77881E+0	-4.24805E-3	2.24886E-3	1.65038E-3
1.77876E+0	-4.44336E-3	2.22680E-3	1.40441E-3
1.77886E+0	-4.88281E-3	2.26964E-3	0.00000E+0
1.78022E+0	-4.88281E-3	2.41363E-3	0.00000E+0
1.78228E+0	-2.78320E-3	8.48571E-4	2.42954E-3
1.78579E+0	9.76563E-5	2.17869E-3	6.87038E-4
1.78604E+0	1.31836E-3	2.03288E-3	2.17869E-3
1.78716E+0	1.07422E-3	4.88281E-4	2.03288E-3
1.78813E+0	9.76563E-5	1.99883E-3	6.87038E-4
1.79185E+0	0.00000E+0	8.37142E-4	0.00000E+0
1.79199E+0	0.00000E+0	0.00000E+0	0.00000E+0
1.79346E+0	0.00000E+0	2.24886E-3	0.00000E+0
1.79683E+0	0.00000E+0	8.48571E-4	0.00000E+0
1.79976E+0	0.00000E+0	2.41363E-3	0.00000E+0
1.80269E+0	0.00000E+0	1.92518E-3	0.00000E+0
1.80308E+0	0.00000E+0	2.17869E-3	0.00000E+0
1.80625E+0	0.00000E+0	1.33135E-3	0.00000E+0
1.80698E+0	0.00000E+0	1.25211E-3	0.00000E+0
1.81089E+0	0.00000E+0	1.65038E-3	0.00000E+0
1.81108E+0	0.00000E+0	1.40441E-3	0.00000E+0
1.81265E+0	0.00000E+0	2.06520E-3	0.00000E+0
1.81816E+0	0.00000E+0	2.35556E-3	0.00000E+0
1.81904E+0	0.00000E+0	2.44584E-3	0.00000E+0
1.81831E+0	0.00000E+0	2.39359E-3	0.00000E+0
1.81860E+0	0.00000E+0	2.44141E-3	0.00000E+0
1.82085E+0	4.88281E-5	1.40441E-3	4.88281E-4
1.82749E+0	9.76563E-5	3.16937E-3	6.87038E-4
1.83105E+0	0.00000E+0	0.00000E+0	0.00000E+0
1.83105E+0	4.88281E-5	0.00000E+0	4.88281E-4
1.83105E+0	0.00000E+0	0.00000E+0	0.00000E+0
1.83105E+0	0.00000E+0	0.00000E+0	0.00000E+0
1.83135E+0	0.00000E+0	1.16545E-3	0.00000E+0
1.83525E+0	0.00000E+0	1.83881E-3	0.00000E+0
1.83667E+0	0.00000E+0	1.75230E-3	0.00000E+0
1.83662E+0	0.00000E+0	1.70281E-3	0.00000E+0
1.83691E+0	0.00000E+0	1.96296E-3	0.00000E+0
1.84019E+0	0.00000E+0	1.65038E-3	0.00000E+0
1.84062E+0	0.00000E+0	9.61652E-4	0.00000E+0
1.84067E+0	0.00000E+0	8.37142E-4	0.00000E+0
1.84082E+0	0.00000E+0	0.00000E+0	0.00000E+0
1.84082E+0	0.00000E+0	0.00000E+0	0.00000E+0
1.84126E+0	0.00000E+0	1.40441E-3	0.00000E+0
1.84346E+0	0.00000E+0	2.44584E-3	0.00000E+0
1.84561E+0	0.00000E+0	9.76562E-4	0.00000E+0
1.84575E+0	0.00000E+0	4.88281E-4	0.00000E+0
1.84590E+0	0.00000E+0	9.61652E-4	0.00000E+0
1.84644E+0	0.00000E+0	1.75230E-3	0.00000E+0
1.84966E+0	0.00000E+0	1.92518E-3	0.00000E+0
1.85010E+0	0.00000E+0	1.47222E-3	0.00000E+0
1.85054E+0	0.00000E+0	4.88281E-4	0.00000E+0
1.85059E+0	0.00000E+0	0.00000E+0	0.00000E+0
1.85059E+0	0.00000E+0	0.00000E+0	0.00000E+0
1.85059E+0	0.00000E+0	0.00000E+0	0.00000E+0
1.85117E+0	0.00000E+0	1.59472E-3	0.00000E+0
1.85151E+0	0.00000E+0	1.92518E-3	0.00000E+0
1.85234E+0	0.00000E+0	2.35556E-3	0.00000E+0
1.85356E+0	0.00000E+0	2.39359E-3	0.00000E+0
1.85537E+0	0.00000E+0	6.87038E-4	0.00000E+0
1.85825E+0	0.00000E+0	2.88287E-3	0.00000E+0
1.86440E+0	0.00000E+0	1.84338E-3	0.00000E+0
1.86519E+0	0.00000E+0	4.88281E-4	0.00000E+0
1.86514E+0	0.00000E+0	6.87038E-4	0.00000E+0
1.86523E+0	0.00000E+0	0.00000E+0	0.00000E+0
1.86523E+0	0.00000E+0	0.00000E+0	0.00000E+0
1.86523E+0	0.00000E+0	0.00000E+0	0.00000E+0
1.86602E+0	0.00000E+0	1.79909E-3	0.00000E+0
1.86885E+0	0.00000E+0	2.15256E-3	0.00000E+0
1.87158E+0	0.00000E+0	2.24886E-3	0.00000E+0
1.87124E+0	0.00000E+0	2.06520E-3	0.00000E+0
1.87173E+0	0.00000E+0	2.30753E-3	0.00000E+0
1.87217E+0	0.00000E+0	2.42209E-3	0.00000E+0
1.87490E+0	0.00000E+0	6.87038E-4	0.00000E+0
1.87705E+0	0.00000E+0	2.42209E-3	0.00000E+0
1.88037E+0	0.00000E+0	1.62760E-3	0.00000E+0
1.88467E+0	0.00000E+0	6.87038E-4	0.00000E+0
1.88477E+0	0.00000E+0	0.00000E+0	0.00000E+0
1.88599E+0	0.00000E+0	2.23543E-3	0.00000E+0
1.89175E+0	0.00000E+0	2.52672E-3	0.00000E+0
1.89873E+0	0.00000E+0	1.70281E-3	0.00000E+0
1.89907E+0	0.00000E+0	1.25211E-3	0.00000E+0
1.89976E+0	0.00000E+0	1.59094E-3	0.00000E+0
1.90425E+0	0.00000E+0	1.29745E-3	0.00000E+0
1.90508E+0	0.00000E+0	1.79909E-3	0.00000E+0
1.90547E+0	0.00000E+0	2.09587E-3	0.00000E+0
1.90698E+0	0.00000E+0	2.44141E-3	0.00000E+0
1.90894E+0	0.00000E+0	1.06955E-3	0.00000E+0
1.91279E+0	0.00000E+0	2.15256E-3	0.00000E+0
1.91406E+0	4.88281E-5	0.00000E+0	4.88281E-4
1.91426E+0	0.00000E+0	1.37408E-3	0.00000E+0
1.91934E+0	4.88281E-5	2.15926E-3	4.88281E-4
1.92134E+0	4.88281E-5	2.45321E-3	4.88281E-4
1.92178E+0	4.88281E-5	2.42209E-3	4.88281E-4
1.92158E+0	9.76563E-5	2.44584E-3	6.87038E-4
1.92344E+0	4.88281E-5	1.92330E-3	4.88281E-4
1.92788E+0	1.46484E-4	1.84338E-3	8.37142E-4
1.92871E+0	2.44141E-4	0.00000E+0	1.06955E-3
1.92871E+0	2.92969E-4	0.00000E+0	1.16545E-3
1.92871E+0	9.76563E-5	0.00000E+0	6.87038E-4
1.92871E+0	1.46484E-4	0.00000E+0	8.37142E-4
1.92935E+0	2.44141E-4	1.65038E-3	1.06955E-3
1.93247E+0	2.44141E-4	2.06520E-3	1.06955E-3
1.93384E+0	5.37109E-4	1.45163E-3	1.53548E-3
1.93745E+0	9.27734E-4	1.99883E-3	1.92518E-3
1.93843E+0	7.32422E-4	4.88281E-4	1.75230E-3
1.94038E+0	1.70898E-3	2.39359E-3	2.34069E-3
1.94272E+0	1.46484E-3	1.65038E-3	2.24886E-3
1.94277E+0	1.46484E-3	1.59472E-3	2.24886E-3
1.94502E+0	2.92969E-3	2.32468E-3	2.40413E-3
1.94824E+0	4.39453E-3	0.00000E+0	1.47222E-3
1.94824E+0	4.39453E-3	0.00000E+0	1.47222E-3
1.94834E+0	4.63867E-3	6.87038E-4	1.06955E-3
1.95420E+0	3.66211E-3	3.83783E-3	2.12497E-3
1.96382E+0	-7.81250E-4	3.23257E-3	1.79909E-3
1.96396E+0	0.00000E+0	3.07096E-3	0.00000E+0
1.96553E+0	0.00000E+0	4.35738E-3	0.00000E+0
1.96445E+0	0.00000E+0	3.59817E-3	0.00000E+0
1.96504E+0	0.00000E+0	4.06575E-3	0.00000E+0
1.96719E+0	1.46484E-4	4.87195E-3	8.37142E-4
1.97207E+0	8.30078E-4	2.33089E-3	1.84338E-3
1.97256E+0	8.78906E-4	9.76562E-4	1.88537E-3
1.97266E+0	5.85937E-4	0.00000E+0	1.59472E-3
1.97266E+0	7.32422E-4	0.00000E+0	1.75230E-3
1.97266E+0	5.37109E-4	0.00000E+0	1.53548E-3
1.97266E+0	3.41797E-4	0.00000E+0	1.25211E-3
1.97266E+0	7.81250E-4	0.00000E+0	1.79909E-3
1.97266E+0	1.12305E-3	0.00000E+0	2.06520E-3
1.97266E+0	1.26953E-3	0.00000E+0	2.15256E-3
1.97266E+0	1.22070E-3	0.00000E+0	2.12497E-3
1.97266E+0	1.17187E-3	0.00000E+0	2.09587E-3
1.97266E+0	9.76562E-4	0.00000E+0	1.96296E-3
1.97266E+0	1.02539E-3	0.00000E+0	1.99883E-3
1.97271E+0	9.76562E-4	4.88281E-4	1.96296E-3
1.97266E+0	8.78906E-4	0.00000E+0	1.88537E-3
1.97266E+0	7.32422E-4	0.00000E+0	1.75230E-3
1.97266E+0	6.83594E-4	0.00000E+0	1.70281E-3
1.97285E+0	3.41797E-4	9.61652E-4	1.25211E-3
1.97642E+0	0.00000E+0	2.06520E-3	0.00000E+0
1.98120E+0	0.00000E+0	2.12497E-3	0.00000E+0
1.98237E+0	4.88281E-5	4.88281E-4	4.88281E-4
1.98237E+0	0.00000E+0	4.88281E-4	0.00000E+0
1.98550E+0	0.00000E+0	2.36932E-3	0.00000E+0
1.98730E+0	0.00000E+0	0.00000E+0	0.00000E+0
1.98730E+0	0.00000E+0	0.00000E+0	0.00000E+0
1.98823E+0	0.00000E+0	1.92518E-3	0.00000E+0
1.99214E+0	0.00000E+0	4.88281E-4	0.00000E+0
1.99219E+0	0.00000E+0	0.00000E+0	0.00000E+0
1.99224E+0	0.00000E+0	4.88281E-4	0.00000E+0
1.99639E+0	0.00000E+0	1.70281E-3	0.00000E+0
1.99702E+0	0.00000E+0	8.48571E-4	0.00000E+0
1.99819E+0	0.00000E+0	2.06520E-3	0.00000E+0
2.00176E+0	0.00000E+0	9.61652E-4	0.00000E+0
2.00195E+0	0.00000E+0	0.00000E+0	0.00000E+0
2.00225E+0	0.00000E+0	1.16545E-3	0.00000E+0
2.00596E+0	0.00000E+0	1.88537E-3	0.00000E+0
2.00698E+0	0.00000E+0	8.37142E-4	0.00000E+0
2.00684E+0	0.00000E+0	0.00000E+0	0.00000E+0
2.00693E+0	0.00000E+0	6.87038E-4	0.00000E+0
2.01104E+0	0.00000E+0	1.70281E-3	0.00000E+0
2.01172E+0	0.00000E+0	0.00000E+0	0.00000E+0
2.01172E+0	0.00000E+0	0.00000E+0	0.00000E+0
2.01201E+0	4.88281E-5	1.16545E-3	4.88281E-4
2.01685E+0	0.00000E+0	2.44141E-3	0.00000E+0
2.01997E+0	0.00000E+0	2.26964E-3	0.00000E+0
2.02026E+0	0.00000E+0	2.12497E-3	0.00000E+0
2.02300E+0	0.00000E+0	2.47277E-3	0.00000E+0
2.02637E+0	0.00000E+0	0.00000E+0	0.00000E+0
2.02637E+0	0.00000E+0	0.00000E+0	0.00000E+0
2.02637E+0	0.00000E+0	0.00000E+0	0.00000E+0
2.02637E+0	0.00000E+0	0.00000E+0	0.00000E+0
2.02637E+0	0.00000E+0	0.00000E+0	0.00000E+0
2.02637E+0	0.00000E+0	0.00000E+0	0.00000E+0
2.02637E+0	0.00000E+0	0.00000E+0	0.00000E+0
2.02642E+0	0.00000E+0	4.88281E-4	0.00000E+0
2.02642E+0	0.00000E+0	4.88281E-4	0.00000E+0
2.02637E+0	0.00000E+0	0.00000E+0	0.00000E+0
2.02637E+0	0.00000E+0	0.00000E+0	0.00000E+0
2.02637E+0	0.00000E+0	0.00000E+0	0.00000E+0
2.02637E+0	0.00000E+0	0.00000E+0	0.00000E+0
2.02637E+0	0.00000E+0	0.00000E+0	0.00000E+0
2.02637E+0	0.00000E+0	0.00000E+0	0.00000E+0
2.02637E+0	0.00000E+0	0.00000E+0	0.00000E+0
2.02637E+0	0.00000E+0	0.00000E+0	0.00000E+0
2.02646E+0	0.00000E+0	6.87038E-4	0.00000E+0
2.02715E+0	0.00000E+0	1.79909E-3	0.00000E+0
2.03315E+0	0.00000E+0	2.85264E-3	0.00000E+0
2.03735E+0	0.00000E+0	2.12497E-3	0.00000E+0
2.03735E+0	0.00000E+0	2.12497E-3	0.00000E+0
2.03716E+0	0.00000E+0	1.99883E-3	0.00000E+0
2.03740E+0	0.00000E+0	2.15256E-3	0.00000E+0
2.03950E+0	0.00000E+0	2.26964E-3	0.00000E+0
2.04106E+0	0.00000E+0	4.88281E-4	0.00000E+0
2.04102E+0	0.00000E+0	0.00000E+0	0.00000E+0
2.04346E+0	0.00000E+0	2.45371E-3	0.00000E+0
2.04907E+0	0.00000E+0	2.34069E-3	0.00000E+0
2.05073E+0	0.00000E+0	4.88281E-4	0.00000E+0
2.05059E+0	0.00000E+0	9.61652E-4	0.00000E+0
2.05073E+0	0.00000E+0	4.88281E-4	0.00000E+0
2.05098E+0	0.00000E+0	9.61652E-4	0.00000E+0
2.05542E+0	0.00000E+0	1.27498E-3	0.00000E+0
2.05571E+0	0.00000E+0	4.88281E-4	0.00000E+0
2.05591E+0	0.00000E+0	1.06955E-3	0.00000E+0
2.05791E+0	0.00000E+0	2.44584E-3	0.00000E+0
2.06050E+0	0.00000E+0	8.48571E-4	0.00000E+0
2.06060E+0	0.00000E+0	4.88281E-4	0.00000E+0
2.06055E+0	0.00000E+0	0.00000E+0	0.00000E+0
2.06055E+0	0.00000E+0	0.00000E+0	0.00000E+0
2.06104E+0	0.00000E+0	1.47222E-3	0.00000E+0
2.06240E+0	0.00000E+0	2.38199E-3	0.00000E+0
2.06274E+0	0.00000E+0	2.44141E-3	0.00000E+0
2.06313E+0	0.00000E+0	2.44928E-3	0.00000E+0
2.06523E+0	0.00000E+0	9.61652E-4	0.00000E+0
2.06616E+0	0.00000E+0	1.75230E-3	0.00000E+0
2.06602E+0	0.00000E+0	1.59472E-3	0.00000E+0
2.06982E+0	0.00000E+0	1.47222E-3	0.00000E+0
2.07432E+0	0.00000E+0	1.88537E-3	0.00000E+0
2.07554E+0	0.00000E+0	1.25211E-3	0.00000E+0
2.07808E+0	0.00000E+0	2.41363E-3	0.00000E+0
2.08584E+0	0.00000E+0	4.06931E-3	0.00000E+0
2.08984E+0	0.00000E+0	0.00000E+0	0.00000E+0
2.08984E+0	4.88281E-5	0.00000E+0	4.88281E-4
2.08984E+0	0.00000E+0	0.00000E+0	0.00000E+0
2.08984E+0	4.88281E-5	0.00000E+0	4.88281E-4
2.08984E+0	0.00000E+0	0.00000E+0	0.00000E+0
2.08984E+0	0.00000E+0	0.00000E+0	0.00000E+0
2.08984E+0	0.00000E+0	0.00000E+0	0.00000E+0
2.08989E+0	0.00000E+0	4.88281E-4	0.00000E+0
2.09004E+0	0.00000E+0	9.61652E-4	0.00000E+0
2.09224E+0	0.00000E+0	2.45321E-3	0.00000E+0
2.09463E+0	0.00000E+0	6.87038E-4	0.00000E+0
2.09473E+0	0.00000E+0	0.00000E+0	0.00000E+0
2.09614E+0	0.00000E+0	2.22680E-3	0.00000E+0
2.10200E+0	4.88281E-5	2.45321E-3	4.88281E-4
2.10459E+0	4.88281E-5	6.87038E-4	4.88281E-4
2.10449E+0	0.00000E+0	0.00000E+0	0.00000E+0
2.10552E+0	0.00000E+0	1.99883E-3	0.00000E+0
2.10928E+0	4.88281E-5	2.07972E-3	4.88281E-4
2.11416E+0	1.46484E-4	1.54875E-3	8.37142E-4
2.11431E+0	9.76563E-5	4.88281E-4	6.87038E-4
2.11426E+0	4.88281E-5	0.00000E+0	4.88281E-4
2.11685E+0	1.95313E-4	2.44928E-3	9.61652E-4
2.11929E+0	3.41797E-4	8.37142E-4	1.25211E-3
2.12007E+0	1.95313E-4	1.92518E-3	9.61652E-4
2.12427E+0	4.39453E-4	2.12497E-3	1.40441E-3
2.12886E+0	1.17187E-3	4.88281E-4	2.09587E-3
2.12891E+0	8.30078E-4	0.00000E+0	1.84338E-3
2.12900E+0	9.76562E-4	6.87038E-4	1.96296E-3
2.12891E+0	1.56250E-3	0.00000E+0	2.28919E-3
2.12983E+0	1.51367E-3	1.92518E-3	2.26964E-3
2.13145E+0	1.36719E-3	2.45174E-3	2.20342E-3
2.13145E+0	2.05078E-3	2.45174E-3	2.42209E-3
2.13120E+0	1.90430E-3	2.44928E-3	2.39359E-3
2.13096E+0	1.41602E-3	2.42209E-3	2.22680E-3
2.13120E+0	1.90430E-3	2.44928E-3	2.39359E-3
2.13130E+0	1.17187E-3	2.45321E-3	2.09587E-3
2.13120E+0	1.46484E-3	2.44928E-3	2.24886E-3
2.13110E+0	1.90430E-3	2.44141E-3	2.39359E-3
2.13096E+0	1.61133E-3	2.42209E-3	2.30753E-3
2.13115E+0	1.70898E-3	2.44584E-3	2.34069E-3
2.13179E+0	1.56250E-3	2.41363E-3	2.28919E-3
2.13110E+0	1.41602E-3	2.44141E-3	2.22680E-3
2.13086E+0	1.41602E-3	2.40413E-3	2.22680E-3
2.13169E+0	1.31836E-3	2.42954E-3	2.17869E-3
2.13130E+0	1.26953E-3	2.45321E-3	2.15256E-3
2.13110E+0	1.51367E-3	2.44141E-3	2.26964E-3
2.13105E+0	1.41602E-3	2.43597E-3	2.22680E-3
2.13125E+0	1.56250E-3	2.45174E-3	2.28919E-3
2.13130E+0	1.61133E-3	2.45321E-3	2.30753E-3
2.13198E+0	1.80664E-3	2.36932E-3	2.36932E-3
2.13428E+0	2.97852E-3	1.47222E-3	2.39359E-3
2.13687E+0	3.32031E-3	2.36932E-3	2.28919E-3
2.14028E+0	3.75977E-3	2.40963E-3	2.06520E-3
2.14600E+0	4.54102E-3	2.45371E-3	1.25211E-3
2.14824E+0	4.63867E-3	9.61652E-4	1.06955E-3
2.14829E+0	3.51563E-3	8.37142E-4	2.20342E-3
2.15166E+0	-2.14844E-3	2.42607E-3	2.43597E-3
2.15630E+0	-1.95312E-3	2.39359E-3	2.40413E-3
2.15830E+0	1.02539E-3	9.76562E-4	1.99883E-3
2.16523E+0	2.44141E-4	4.40684E-3	1.06955E-3
2.16953E+0	0.00000E+0	2.28919E-3	0.00000E+0
2.17261E+0	0.00000E+0	1.06955E-3	0.00000E+0
2.18042E+0	0.00000E+0	3.42641E-3	0.00000E+0
2.18311E+0	0.00000E+0	1.47222E-3	0.00000E+0
2.18301E+0	0.00000E+0	1.33135E-3	0.00000E+0
2.18296E+0	0.00000E+0	1.25211E-3	0.00000E+0
2.18325E+0	0.00000E+0	1.65038E-3	0.00000E+0
2.18384E+0	0.00000E+0	2.12497E-3	0.00000E+0
2.18638E+0	0.00000E+0	2.06520E-3	0.00000E+0
2.18760E+0	0.00000E+0	6.87038E-4	0.00000E+0
2.18955E+0	0.00000E+0	2.42209E-3	0.00000E+0
2.19238E+0	0.00000E+0	0.00000E+0	0.00000E+0
2.19238E+0	0.00000E+0	0.00000E+0	0.00000E+0
2.19292E+0	0.00000E+0	1.53548E-3	0.00000E+0
2.19839E+0	0.00000E+0	2.67488E-3	0.00000E+0
2.20078E+0	0.00000E+0	2.20342E-3	0.00000E+0
2.20151E+0	4.88281E-5	1.65038E-3	4.88281E-4
2.20215E+0	0.00000E+0	0.00000E+0	0.00000E+0
2.20215E+0	0.00000E+0	0.00000E+0	0.00000E+0
2.20210E+0	0.00000E+0	4.88281E-4	0.00000E+0
2.20215E+0	0.00000E+0	0.00000E+0	0.00000E+0
2.20215E+0	0.00000E+0	0.00000E+0	0.00000E+0
2.20210E+0	4.88281E-5	4.88281E-4	4.88281E-4
2.20215E+0	0.00000E+0	0.00000E+0	0.00000E+0
2.20215E+0	0.00000E+0	0.00000E+0	0.00000E+0
2.20215E+0	0.00000E+0	0.00000E+0	0.00000E+0
2.20210E+0	4.88281E-5	4.88281E-4	4.88281E-4
2.20210E+0	0.00000E+0	4.88281E-4	0.00000E+0
2.20205E+0	0.00000E+0	6.87038E-4	0.00000E+0
2.20215E+0	0.00000E+0	0.00000E+0	0.00000E+0
2.20215E+0	0.00000E+0	0.00000E+0	0.00000E+0
2.20220E+0	0.00000E+0	4.88281E-4	0.00000E+0
2.20806E+0	4.88281E-5	3.62584E-3	4.88281E-4
2.22080E+0	0.00000E+0	4.51802E-3	0.00000E+0
2.22578E+0	0.00000E+0	1.79909E-3	0.00000E+0
2.22568E+0	0.00000E+0	1.88537E-3	0.00000E+0
2.22627E+0	0.00000E+0	1.16545E-3	0.00000E+0
2.23047E+0	0.00000E+0	1.96296E-3	0.00000E+0
2.23145E+0	0.00000E+0	0.00000E+0	0.00000E+0
2.23145E+0	0.00000E+0	0.00000E+0	0.00000E+0
2.23145E+0	0.00000E+0	0.00000E+0	0.00000E+0
2.23145E+0	0.00000E+0	0.00000E+0	0.00000E+0
2.23145E+0	0.00000E+0	0.00000E+0	0.00000E+0
2.23145E+0	0.00000E+0	0.00000E+0	0.00000E+0
2.23145E+0	0.00000E+0	0.00000E+0	0.00000E+0
2.23145E+0	4.88281E-5	0.00000E+0	4.88281E-4
2.23145E+0	0.00000E+0	0.00000E+0	0.00000E+0
2.23145E+0	0.00000E+0	0.00000E+0	0.00000E+0
2.23145E+0	0.00000E+0	0.00000E+0	0.00000E+0
2.23145E+0	0.00000E+0	0.00000E+0	0.00000E+0
2.23145E+0	0.00000E+0	0.00000E+0	0.00000E+0
2.23145E+0	0.00000E+0	0.00000E+0	0.00000E+0
2.23145E+0	0.00000E+0	0.00000E+0	0.00000E+0
2.23145E+0	0.00000E+0	0.00000E+0	0.00000E+0
2.23145E+0	0.00000E+0	0.00000E+0	0.00000E+0
2.23145E+0	0.00000E+0	0.00000E+0	0.00000E+0
2.23145E+0	0.00000E+0	0.00000E+0	0.00000E+0
2.23145E+0	0.00000E+0	0.00000E+0	0.00000E+0
2.23145E+0	0.00000E+0	0.00000E+0	0.00000E+0
2.23145E+0	0.00000E+0	0.00000E+0	0.00000E+0
2.23179E+0	0.00000E+0	1.25211E-3	0.00000E+0
2.23501E+0	0.00000E+0	2.17869E-3	0.00000E+0
2.23643E+0	0.00000E+0	6.87038E-4	0.00000E+0
2.23652E+0	0.00000E+0	9.61652E-4	0.00000E+0
2.23965E+0	4.88281E-5	2.28919E-3	4.88281E-4
2.24116E+0	0.00000E+0	4.88281E-4	0.00000E+0
2.24189E+0	0.00000E+0	1.70281E-3	0.00000E+0
2.24570E+0	0.00000E+0	1.65402E-3	0.00000E+0
2.24619E+0	0.00000E+0	6.87038E-4	0.00000E+0
2.24849E+0	0.00000E+0	2.45321E-3	0.00000E+0
2.25068E+0	0.00000E+0	1.16545E-3	0.00000E+0
2.25098E+0	0.00000E+0	0.00000E+0	0.00000E+0
2.25098E+0	0.00000E+0	0.00000E+0	0.00000E+0
2.25103E+0	0.00000E+0	4.88281E-4	0.00000E+0
2.25098E+0	0.00000E+0	0.00000E+0	0.00000E+0
2.25122E+0	0.00000E+0	1.06955E-3	0.00000E+0
2.25107E+0	0.00000E+0	6.87038E-4	0.00000E+0
2.25127E+0	0.00000E+0	1.16545E-3	0.00000E+0
2.25293E+0	0.00000E+0	2.40413E-3	0.00000E+0
2.25391E+0	0.00000E+0	2.40413E-3	0.00000E+0
2.25361E+0	0.00000E+0	2.44584E-3	0.00000E+0
2.25396E+0	4.88281E-5	2.39359E-3	4.88281E-4
2.25391E+0	0.00000E+0	2.40413E-3	0.00000E+0
2.25503E+0	0.00000E+0	1.84338E-3	0.00000E+0
2.25586E+0	0.00000E+0	0.00000E+0	0.00000E+0
2.25586E+0	0.00000E+0	0.00000E+0	0.00000E+0
2.25586E+0	0.00000E+0	0.00000E+0	0.00000E+0
2.25586E+0	0.00000E+0	0.00000E+0	0.00000E+0
2.25596E+0	0.00000E+0	6.87038E-4	0.00000E+0
2.25635E+0	4.88281E-5	1.47222E-3	4.88281E-4
2.25664E+0	0.00000E+0	1.79909E-3	0.00000E+0
2.25981E+0	0.00000E+0	1.92518E-3	0.00000E+0
2.26050E+0	0.00000E+0	1.06955E-3	0.00000E+0
2.26074E+0	0.00000E+0	0.00000E+0	0.00000E+0
2.26084E+0	0.00000E+0	6.87038E-4	0.00000E+0
2.26099E+0	0.00000E+0	1.06955E-3	0.00000E+0
2.26147E+0	0.00000E+0	1.75230E-3	0.00000E+0
2.26396E+0	0.00000E+0	2.32468E-3	0.00000E+0
2.26426E+0	0.00000E+0	2.20342E-3	0.00000E+0
2.26445E+0	0.00000E+0	2.09587E-3	0.00000E+0
2.26465E+0	0.00000E+0	1.96296E-3	0.00000E+0
2.26499E+0	0.00000E+0	1.65038E-3	0.00000E+0
2.26646E+0	0.00000E+0	2.08839E-3	0.00000E+0
2.27227E+0	0.00000E+0	2.35556E-3	0.00000E+0
2.27388E+0	0.00000E+0	2.26964E-3	0.00000E+0
2.27456E+0	0.00000E+0	1.84338E-3	0.00000E+0
2.27754E+0	4.88281E-5	2.43597E-3	4.88281E-4
2.28052E+0	0.00000E+0	1.06955E-3	0.00000E+0
2.28340E+0	0.00000E+0	2.35556E-3	0.00000E+0
2.28413E+0	0.00000E+0	1.99883E-3	0.00000E+0
2.28398E+0	0.00000E+0	2.09587E-3	0.00000E+0
2.28418E+0	0.00000E+0	1.96296E-3	0.00000E+0
2.28325E+0	0.00000E+0	2.39359E-3	0.00000E+0
2.28413E+0	0.00000E+0	1.99883E-3	0.00000E+0
2.28379E+0	0.00000E+0	2.20342E-3	0.00000E+0
2.28364E+0	0.00000E+0	2.26964E-3	0.00000E+0
2.28413E+0	0.00000E+0	1.99883E-3	0.00000E+0
2.28394E+0	4.88281E-5	2.12497E-3	4.88281E-4
2.28320E+0	4.88281E-5	2.40413E-3	4.88281E-4
2.28359E+0	0.00000E+0	2.28919E-3	0.00000E+0
2.28394E+0	0.00000E+0	2.12497E-3	0.00000E+0
2.28442E+0	0.00000E+0	1.75230E-3	0.00000E+0
2.28516E+0	0.00000E+0	0.00000E+0	0.00000E+0
2.28569E+0	0.00000E+0	1.53548E-3	0.00000E+0
2.28970E+0	0.00000E+0	1.25211E-3	0.00000E+0
2.29004E+0	0.00000E+0	0.00000E+0	0.00000E+0
2.29004E+0	0.00000E+0	0.00000E+0	0.00000E+0
2.29004E+0	4.88281E-5	0.00000E+0	4.88281E-4
2.29014E+0	4.88281E-5	6.87038E-4	4.88281E-4
2.29014E+0	0.00000E+0	6.87038E-4	0.00000E+0
2.29058E+0	4.88281E-5	1.53548E-3	4.88281E-4
2.29399E+0	0.00000E+0	1.92518E-3	0.00000E+0
2.29360E+0	0.00000E+0	2.17869E-3	0.00000E+0
2.29448E+0	4.88281E-5	1.40441E-3	4.88281E-4
2.29492E+0	0.00000E+0	0.00000E+0	0.00000E+0
2.29507E+0	4.88281E-5	8.37142E-4	4.88281E-4
2.29624E+0	0.00000E+0	2.17869E-3	0.00000E+0
2.29673E+0	0.00000E+0	2.36932E-3	0.00000E+0
2.29922E+0	0.00000E+0	1.59472E-3	0.00000E+0
2.29976E+0	0.00000E+0	4.88281E-4	0.00000E+0
2.29980E+0	4.88281E-5	0.00000E+0	4.88281E-4
2.30249E+0	4.88281E-5	2.44141E-3	4.88281E-4
2.30684E+0	4.88281E-5	2.43597E-3	4.88281E-4
2.30957E+0	1.95313E-4	0.00000E+0	9.61652E-4
2.30952E+0	1.95313E-4	4.88281E-4	9.61652E-4
2.30957E+0	1.46484E-4	0.00000E+0	8.37142E-4
2.30986E+0	9.76563E-5	1.16545E-3	6.87038E-4
2.31230E+0	5.37109E-4	2.43597E-3	1.53548E-3
2.31582E+0	5.85937E-4	2.20342E-3	1.59472E-3
2.31782E+0	8.30078E-4	2.26964E-3	1.84338E-3
2.31851E+0	8.30078E-4	1.84338E-3	1.84338E-3
2.31929E+0	8.30078E-4	4.88281E-4	1.84338E-3
2.31934E+0	1.17187E-3	0.00000E+0	2.09587E-3
2.31934E+0	8.78906E-4	0.00000E+0	1.88537E-3
2.31948E+0	1.22070E-3	8.37142E-4	2.12497E-3
2.32305E+0	1.70898E-3	2.09587E-3	2.34069E-3
2.32422E+0	2.58789E-3	0.00000E+0	2.44928E-3
2.32422E+0	2.58789E-3	0.00000E+0	2.44928E-3
2.32422E+0	2.44141E-3	0.00000E+0	2.45371E-3
2.32432E+0	2.83203E-3	6.87038E-4	2.42209E-3
2.32720E+0	2.78320E-3	2.39359E-3	2.42954E-3
2.32905E+0	3.12500E-3	4.88281E-4	2.35556E-3
2.32910E+0	3.07617E-3	0.00000E+0	2.36932E-3
2.32910E+0	3.61328E-3	0.00000E+0	2.15256E-3
2.32905E+0	3.66211E-3	4.88281E-4	2.12497E-3
2.32944E+0	4.29688E-3	1.25211E-3	1.59472E-3
2.33247E+0	4.39453E-3	2.26964E-3	1.47222E-3
2.33384E+0	4.49219E-3	8.37142E-4	1.33135E-3
2.33643E+0	3.85742E-3	2.45371E-3	1.99883E-3
2.33877E+0	1.07422E-3	6.87038E-4	2.03288E-3
2.33882E+0	2.92969E-4	4.88281E-4	1.16545E-3
2.33955E+0	-1.46484E-4	1.70281E-3	8.37142E-4
2.34043E+0	-3.90625E-4	2.28919E-3	1.33135E-3
2.34087E+0	-4.88281E-4	2.41363E-3	1.47222E-3
2.34165E+0	-9.27734E-4	2.42954E-3	1.92518E-3
2.34307E+0	-3.46680E-3	1.70281E-3	2.22680E-3
2.34346E+0	-4.54102E-3	1.16545E-3	1.25211E-3
2.34375E+0	-4.68750E-3	0.00000E+0	9.61652E-4
2.34375E+0	-3.90625E-3	0.00000E+0	1.96296E-3
2.34375E+0	-3.27148E-3	0.00000E+0	2.30753E-3
2.34375E+0	-1.85547E-3	0.00000E+0	2.38199E-3
2.34395E+0	0.00000E+0	9.61652E-4	0.00000E+0
2.34429E+0	0.00000E+0	1.53548E-3	0.00000E+0
2.34395E+0	-2.44141E-4	9.61652E-4	1.06955E-3
2.34390E+0	-4.39453E-4	8.37142E-4	1.40441E-3
2.34395E+0	-4.39453E-4	9.61652E-4	1.40441E-3
2.34404E+0	-6.83594E-4	1.16545E-3	1.70281E-3
2.34404E+0	-5.85937E-4	1.16545E-3	1.59472E-3
2.34448E+0	-2.44141E-4	1.75230E-3	1.06955E-3
2.34443E+0	-1.95313E-4	1.70281E-3	9.61652E-4
2.34458E+0	-2.44141E-4	1.84338E-3	1.06955E-3
2.34468E+0	-4.88281E-5	1.92518E-3	4.88281E-4
2.34453E+0	0.00000E+0	1.79909E-3	0.00000E+0
2.34453E+0	-4.88281E-5	1.79909E-3	4.88281E-4
2.34468E+0	0.00000E+0	1.92518E-3	0.00000E+0
2.34683E+0	6.34766E-4	2.91609E-3	1.65038E-3
2.36123E+0	4.88281E-5	5.42840E-3	4.88281E-4
2.36680E+0	9.76563E-5	2.20342E-3	6.87038E-4
2.36685E+0	0.00000E+0	2.17869E-3	0.00000E+0
2.36665E+0	0.00000E+0	2.26964E-3	0.00000E+0
2.36665E+0	0.00000E+0	2.26964E-3	0.00000E+0
2.36763E+0	0.00000E+0	1.53548E-3	0.00000E+0
2.36768E+0	0.00000E+0	1.47222E-3	0.00000E+0
2.36792E+0	4.88281E-5	1.06955E-3	4.88281E-4
2.36816E+0	0.00000E+0	9.81482E-4	0.00000E+0
2.36836E+0	0.00000E+0	9.61652E-4	0.00000E+0
2.37007E+0	0.00000E+0	2.39359E-3	0.00000E+0
2.37153E+0	0.00000E+0	2.26964E-3	0.00000E+0
2.37290E+0	0.00000E+0	8.37142E-4	0.00000E+0
2.37305E+0	0.00000E+0	0.00000E+0	0.00000E+0
2.37305E+0	4.88281E-5	0.00000E+0	4.88281E-4
2.37339E+0	0.00000E+0	1.25211E-3	0.00000E+0
2.37681E+0	0.00000E+0	2.06520E-3	0.00000E+0
2.37788E+0	0.00000E+0	4.88281E-4	0.00000E+0
2.37798E+0	0.00000E+0	4.88281E-4	0.00000E+0
2.38008E+0	0.00000E+0	2.43597E-3	0.00000E+0
2.38130E+0	0.00000E+0	2.26964E-3	0.00000E+0
2.38262E+0	0.00000E+0	9.61652E-4	0.00000E+0
2.38345E+0	0.00000E+0	1.65038E-3	0.00000E+0
2.38706E+0	0.00000E+0	1.65038E-3	0.00000E+0
2.39019E+0	0.00000E+0	2.45321E-3	0.00000E+0
2.39258E+0	0.00000E+0	0.00000E+0	0.00000E+0
2.39258E+0	0.00000E+0	0.00000E+0	0.00000E+0
2.39258E+0	0.00000E+0	0.00000E+0	0.00000E+0
2.39282E+0	0.00000E+0	1.06955E-3	0.00000E+0
2.39331E+0	0.00000E+0	1.75230E-3	0.00000E+0
2.39629E+0	0.00000E+0	2.09587E-3	0.00000E+0
2.39868E+0	0.00000E+0	2.12497E-3	0.00000E+0
2.39858E+0	0.00000E+0	2.06520E-3	0.00000E+0
2.39888E+0	0.00000E+0	2.22680E-3	0.00000E+0
2.39873E+0	0.00000E+0	2.15256E-3	0.00000E+0
2.39917E+0	0.00000E+0	2.34069E-3	0.00000E+0
2.40127E+0	0.00000E+0	2.03288E-3	0.00000E+0
2.40195E+0	0.00000E+0	1.33135E-3	0.00000E+0
2.40200E+0	0.00000E+0	1.25211E-3	0.00000E+0
2.40190E+0	0.00000E+0	1.40441E-3	0.00000E+0
2.40229E+0	0.00000E+0	4.88281E-4	0.00000E+0
2.40264E+0	0.00000E+0	1.16545E-3	0.00000E+0
2.40298E+0	0.00000E+0	1.65038E-3	0.00000E+0
2.40298E+0	0.00000E+0	1.65038E-3	0.00000E+0
2.40342E+0	0.00000E+0	2.03288E-3	0.00000E+0
2.40293E+0	0.00000E+0	1.59472E-3	0.00000E+0
2.40308E+0	0.00000E+0	1.75230E-3	0.00000E+0
2.40337E+0	0.00000E+0	1.99883E-3	0.00000E+0
2.40337E+0	4.88281E-5	1.99883E-3	4.88281E-4
2.40337E+0	0.00000E+0	1.99883E-3	0.00000E+0
2.40313E+0	0.00000E+0	1.79909E-3	0.00000E+0
2.40366E+0	0.00000E+0	2.17869E-3	0.00000E+0
2.40313E+0	0.00000E+0	1.79909E-3	0.00000E+0
2.40322E+0	0.00000E+0	1.88537E-3	0.00000E+0
2.40337E+0	0.00000E+0	1.99883E-3	0.00000E+0
2.40366E+0	0.00000E+0	2.17869E-3	0.00000E+0
2.40332E+0	0.00000E+0	1.96296E-3	0.00000E+0
2.40366E+0	0.00000E+0	2.17869E-3	0.00000E+0
2.40337E+0	0.00000E+0	1.99883E-3	0.00000E+0
2.40317E+0	0.00000E+0	1.84338E-3	0.00000E+0
2.40352E+0	0.00000E+0	2.09587E-3	0.00000E+0
2.40366E+0	0.00000E+0	2.17869E-3	0.00000E+0
2.40352E+0	0.00000E+0	2.09587E-3	0.00000E+0
2.40303E+0	0.00000E+0	1.70281E-3	0.00000E+0
2.40439E+0	0.00000E+0	2.42209E-3	0.00000E+0
2.40703E+0	0.00000E+0	9.61652E-4	0.00000E+0
2.40703E+0	0.00000E+0	9.61652E-4	0.00000E+0
2.40698E+0	0.00000E+0	1.06955E-3	0.00000E+0
2.40703E+0	0.00000E+0	9.61652E-4	0.00000E+0
2.40723E+0	0.00000E+0	6.94013E-4	0.00000E+0
2.40762E+0	4.88281E-5	1.50138E-3	4.88281E-4
2.40771E+0	0.00000E+0	1.47222E-3	0.00000E+0
2.40850E+0	0.00000E+0	2.15256E-3	0.00000E+0
2.41152E+0	0.00000E+0	1.59472E-3	0.00000E+0
2.41191E+0	0.00000E+0	9.61652E-4	0.00000E+0
2.41211E+0	0.00000E+0	0.00000E+0	0.00000E+0
2.41211E+0	0.00000E+0	0.00000E+0	0.00000E+0
2.41270E+0	0.00000E+0	1.59472E-3	0.00000E+0
2.41665E+0	0.00000E+0	1.25211E-3	0.00000E+0
2.41704E+0	0.00000E+0	4.88281E-4	0.00000E+0
2.41699E+0	0.00000E+0	0.00000E+0	0.00000E+0
2.42056E+0	0.00000E+0	2.17869E-3	0.00000E+0
2.42202E+0	0.00000E+0	8.37142E-4	0.00000E+0
2.42231E+0	0.00000E+0	1.40441E-3	0.00000E+0
2.42471E+0	0.00000E+0	2.42209E-3	0.00000E+0
2.42827E+0	0.00000E+0	2.26964E-3	0.00000E+0
2.43159E+0	0.00000E+0	4.88281E-4	0.00000E+0
2.43164E+0	0.00000E+0	0.00000E+0	0.00000E+0
2.43164E+0	0.00000E+0	0.00000E+0	0.00000E+0
2.43164E+0	0.00000E+0	0.00000E+0	0.00000E+0
2.43237E+0	0.00000E+0	1.75230E-3	0.00000E+0
2.43457E+0	0.00000E+0	2.40413E-3	0.00000E+0
2.43667E+0	0.00000E+0	1.08741E-3	0.00000E+0
2.43691E+0	0.00000E+0	1.33135E-3	0.00000E+0
2.43887E+0	0.00000E+0	2.45174E-3	0.00000E+0
2.44146E+0	0.00000E+0	4.88281E-4	0.00000E+0
2.44141E+0	9.76563E-5	0.00000E+0	6.87038E-4
2.44141E+0	0.00000E+0	0.00000E+0	0.00000E+0
2.44141E+0	0.00000E+0	0.00000E+0	0.00000E+0
2.44141E+0	0.00000E+0	0.00000E+0	0.00000E+0
2.44141E+0	0.00000E+0	0.00000E+0	0.00000E+0
2.44141E+0	0.00000E+0	0.00000E+0	0.00000E+0
2.44141E+0	4.88281E-5	0.00000E+0	4.88281E-4
2.44141E+0	0.00000E+0	0.00000E+0	0.00000E+0
2.44141E+0	0.00000E+0	0.00000E+0	0.00000E+0
2.44141E+0	0.00000E+0	0.00000E+0	0.00000E+0
2.44141E+0	0.00000E+0	0.00000E+0	0.00000E+0
2.44141E+0	0.00000E+0	0.00000E+0	0.00000E+0
2.44150E+0	0.00000E+0	6.87038E-4	0.00000E+0
2.44141E+0	0.00000E+0	0.00000E+0	0.00000E+0
2.44165E+0	0.00000E+0	1.06955E-3	0.00000E+0
2.44150E+0	0.00000E+0	6.87038E-4	0.00000E+0
2.44185E+0	0.00000E+0	1.40441E-3	0.00000E+0
2.44175E+0	0.00000E+0	1.25211E-3	0.00000E+0
2.44185E+0	0.00000E+0	1.40441E-3	0.00000E+0
2.44199E+0	0.00000E+0	1.59472E-3	0.00000E+0
2.44204E+0	0.00000E+0	1.65038E-3	0.00000E+0
2.44185E+0	4.88281E-5	1.40441E-3	4.88281E-4
2.44194E+0	0.00000E+0	1.53548E-3	0.00000E+0
2.44370E+0	0.00000E+0	2.44928E-3	0.00000E+0
2.44575E+0	0.00000E+0	1.53548E-3	0.00000E+0
2.44580E+0	0.00000E+0	1.47222E-3	0.00000E+0
2.44619E+0	0.00000E+0	9.76562E-4	0.00000E+0
2.44629E+0	0.00000E+0	0.00000E+0	0.00000E+0
2.44629E+0	0.00000E+0	0.00000E+0	0.00000E+0
2.44629E+0	0.00000E+0	0.00000E+0	0.00000E+0
2.45000E+0	0.00000E+0	2.09587E-3	0.00000E+0
2.45112E+0	0.00000E+0	4.88281E-4	0.00000E+0
2.45117E+0	0.00000E+0	0.00000E+0	0.00000E+0
2.45117E+0	0.00000E+0	0.00000E+0	0.00000E+0
2.45293E+0	0.00000E+0	2.35556E-3	0.00000E+0
2.45557E+0	4.88281E-5	1.47222E-3	4.88281E-4
2.45581E+0	0.00000E+0	1.06955E-3	0.00000E+0
2.45596E+0	0.00000E+0	6.87038E-4	0.00000E+0
2.45610E+0	0.00000E+0	4.88281E-4	0.00000E+0
2.45615E+0	0.00000E+0	6.87038E-4	0.00000E+0
2.45908E+0	0.00000E+0	2.38199E-3	0.00000E+0
2.45962E+0	0.00000E+0	2.17869E-3	0.00000E+0
2.45977E+0	0.00000E+0	2.09587E-3	0.00000E+0
2.46089E+0	0.00000E+0	4.88281E-4	0.00000E+0
2.46089E+0	4.88281E-5	4.88281E-4	4.88281E-4
2.46099E+0	0.00000E+0	4.88281E-4	0.00000E+0
2.46084E+0	0.00000E+0	6.87038E-4	0.00000E+0
2.46094E+0	0.00000E+0	0.00000E+0	0.00000E+0
2.46094E+0	9.76563E-5	0.00000E+0	6.87038E-4
2.46084E+0	0.00000E+0	6.87038E-4	0.00000E+0
2.46089E+0	0.00000E+0	4.88281E-4	0.00000E+0
2.46089E+0	0.00000E+0	4.88281E-4	0.00000E+0
2.46094E+0	0.00000E+0	0.00000E+0	0.00000E+0
2.46094E+0	0.00000E+0	0.00000E+0	0.00000E+0
2.46201E+0	0.00000E+0	2.03288E-3	0.00000E+0
2.46558E+0	0.00000E+0	1.06955E-3	0.00000E+0
2.46553E+0	0.00000E+0	1.16545E-3	0.00000E+0
2.46528E+0	0.00000E+0	1.53548E-3	0.00000E+0
2.46519E+0	0.00000E+0	1.65038E-3	0.00000E+0
2.46533E+0	0.00000E+0	1.47222E-3	0.00000E+0
2.46543E+0	4.88281E-5	1.33135E-3	4.88281E-4
2.46558E+0	0.00000E+0	1.06955E-3	0.00000E+0
2.46587E+0	9.76563E-5	4.88281E-4	6.87038E-4
2.46841E+0	0.00000E+0	2.44928E-3	0.00000E+0
2.46890E+0	4.88281E-5	2.36932E-3	4.88281E-4
2.46880E+0	0.00000E+0	2.39359E-3	0.00000E+0
2.46885E+0	0.00000E+0	2.38199E-3	0.00000E+0
2.46860E+0	0.00000E+0	2.42954E-3	0.00000E+0
2.46855E+0	0.00000E+0	2.43597E-3	0.00000E+0
2.46914E+0	4.88281E-5	2.28919E-3	4.88281E-4
2.46909E+0	0.00000E+0	2.30753E-3	0.00000E+0
2.46963E+0	0.00000E+0	2.03288E-3	0.00000E+0
2.46890E+0	0.00000E+0	2.36932E-3	0.00000E+0
2.46899E+0	0.00000E+0	2.34069E-3	0.00000E+0
2.46968E+0	4.88281E-5	1.99883E-3	4.88281E-4
2.46978E+0	0.00000E+0	1.92518E-3	0.00000E+0
2.47041E+0	9.76563E-5	1.16545E-3	6.87038E-4
2.47070E+0	0.00000E+0	0.00000E+0	0.00000E+0
2.47139E+0	0.00000E+0	1.70281E-3	0.00000E+0
2.47202E+0	0.00000E+0	2.17869E-3	0.00000E+0
2.47358E+0	0.00000E+0	2.41363E-3	0.00000E+0
2.47549E+0	4.88281E-5	6.87038E-4	4.88281E-4
2.47559E+0	0.00000E+0	0.00000E+0	0.00000E+0
2.47559E+0	0.00000E+0	0.00000E+0	0.00000E+0
2.47568E+0	4.88281E-5	6.87038E-4	4.88281E-4
2.47612E+0	4.88281E-5	1.53548E-3	4.88281E-4
2.47627E+0	0.00000E+0	1.70281E-3	0.00000E+0
2.47603E+0	0.00000E+0	1.40441E-3	0.00000E+0
2.47603E+0	0.00000E+0	1.40441E-3	0.00000E+0
2.47607E+0	4.88281E-5	1.47222E-3	4.88281E-4
2.47695E+0	9.76563E-5	2.20342E-3	6.87038E-4
2.48018E+0	4.88281E-5	1.16545E-3	4.88281E-4
2.48042E+0	0.00000E+0	4.88281E-4	0.00000E+0
2.48032E+0	4.88281E-5	8.37142E-4	4.88281E-4
2.48027E+0	0.00000E+0	9.61652E-4	0.00000E+0
2.48047E+0	9.76563E-5	0.00000E+0	6.87038E-4
2.48047E+0	9.76563E-5	0.00000E+0	6.87038E-4
2.48047E+0	9.76563E-5	0.00000E+0	6.87038E-4
2.48047E+0	4.88281E-5	0.00000E+0	4.88281E-4
2.48047E+0	1.46484E-4	0.00000E+0	8.37142E-4
2.48096E+0	9.76563E-5	1.47222E-3	6.87038E-4
2.48115E+0	1.46484E-4	1.70281E-3	8.37142E-4
2.48115E+0	0.00000E+0	1.70281E-3	0.00000E+0
2.48140E+0	4.88281E-5	1.92518E-3	4.88281E-4
2.48125E+0	1.46484E-4	1.79909E-3	8.37142E-4
2.48115E+0	1.46484E-4	1.70281E-3	8.37142E-4
2.48154E+0	4.88281E-5	2.03288E-3	4.88281E-4
2.48101E+0	9.76563E-5	1.53548E-3	6.87038E-4
2.48105E+0	0.00000E+0	1.59472E-3	0.00000E+0
2.48140E+0	1.95313E-4	1.92518E-3	9.61652E-4
2.48101E+0	9.76563E-5	1.53548E-3	6.87038E-4
2.48154E+0	4.88281E-5	2.03288E-3	4.88281E-4
2.48350E+0	1.95313E-4	2.38199E-3	9.61652E-4
2.48569E+0	4.88281E-5	1.25211E-3	4.88281E-4
2.48579E+0	1.46484E-4	1.56653E-3	8.37142E-4
2.48779E+0	1.46484E-4	2.45371E-3	8.37142E-4
2.48940E+0	2.44141E-4	1.84338E-3	1.06955E-3
2.48989E+0	4.88281E-4	1.25211E-3	1.47222E-3
2.49023E+0	2.92969E-4	0.00000E+0	1.16545E-3
2.49023E+0	4.39453E-4	0.00000E+0	1.40441E-3
2.49023E+0	1.95313E-4	0.00000E+0	9.61652E-4
2.49023E+0	4.39453E-4	0.00000E+0	1.40441E-3
2.49063E+0	5.37109E-4	1.33135E-3	1.53548E-3
2.49082E+0	6.83594E-4	1.59472E-3	1.70281E-3
2.49146E+0	4.88281E-4	2.12497E-3	1.47222E-3
2.49155E+0	3.41797E-4	2.17869E-3	1.25211E-3
2.49146E+0	5.37109E-4	2.12497E-3	1.53548E-3
2.49136E+0	6.83594E-4	2.06520E-3	1.70281E-3
2.49189E+0	3.90625E-4	2.32468E-3	1.33135E-3
2.49175E+0	5.85937E-4	2.26964E-3	1.59472E-3
2.49268E+0	4.88281E-4	2.45371E-3	1.47222E-3
2.49473E+0	8.30078E-4	1.33135E-3	1.84338E-3
2.49502E+0	9.27734E-4	6.87038E-4	1.92518E-3
2.49507E+0	1.12305E-3	4.88281E-4	2.06520E-3
2.49512E+0	1.02539E-3	0.00000E+0	1.99883E-3
2.49614E+0	9.76562E-4	1.99883E-3	1.96296E-3
2.49824E+0	1.36719E-3	2.35556E-3	2.20342E-3
2.49932E+0	1.41602E-3	1.70281E-3	2.22680E-3
2.50000E+0	1.51367E-3	0.00000E+0	2.26964E-3
2.50000E+0	2.00195E-3	0.00000E+0	2.41363E-3
2.50000E+0	1.90430E-3	0.00000E+0	2.39359E-3
2.50117E+0	2.34375E-3	2.09587E-3	2.45174E-3
2.50405E+0	2.78320E-3	1.84338E-3	2.42954E-3
2.50464E+0	2.53906E-3	1.06955E-3	2.45174E-3
2.50469E+0	2.49023E-3	9.61652E-4	2.45321E-3
2.50454E+0	2.24609E-3	1.25211E-3	2.44584E-3
2.50454E+0	2.73437E-3	1.25211E-3	2.43597E-3
2.50444E+0	2.73437E-3	1.40441E-3	2.43597E-3
2.50469E+0	2.39258E-3	9.61652E-4	2.45321E-3
2.50459E+0	2.49023E-3	1.16545E-3	2.45321E-3
2.50444E+0	2.97852E-3	1.40441E-3	2.39359E-3
2.50469E+0	2.92969E-3	9.61652E-4	2.40413E-3
2.50464E+0	2.44141E-3	1.06955E-3	2.45371E-3
2.50474E+0	2.78320E-3	8.37142E-4	2.42954E-3
2.50459E+0	2.88086E-3	1.16545E-3	2.41363E-3
2.50469E+0	2.53906E-3	9.61652E-4	2.45174E-3
2.50464E+0	3.12500E-3	1.06955E-3	2.35556E-3
2.50479E+0	2.83203E-3	6.87038E-4	2.42209E-3
2.50483E+0	3.41797E-3	4.88281E-4	2.24886E-3
2.50542E+0	3.41797E-3	1.53548E-3	2.24886E-3
2.50718E+0	3.71094E-3	2.44928E-3	2.09587E-3
2.50811E+0	4.34570E-3	2.32468E-3	1.53548E-3
2.50801E+0	4.00391E-3	2.35556E-3	1.88537E-3
2.50820E+0	3.85742E-3	2.28919E-3	1.99883E-3
2.50786E+0	3.75977E-3	2.39359E-3	2.06520E-3
2.50801E+0	4.05273E-3	2.35556E-3	1.84338E-3
2.50962E+0	4.24805E-3	8.37142E-4	1.65038E-3
2.50972E+0	4.54102E-3	4.88281E-4	1.25211E-3
2.50977E+0	4.24805E-3	0.00000E+0	1.65038E-3
2.50977E+0	4.19922E-3	0.00000E+0	1.70281E-3
2.50977E+0	4.39453E-3	0.00000E+0	1.47222E-3
2.50977E+0	4.34570E-3	0.00000E+0	1.53548E-3
2.50977E+0	4.49219E-3	0.00000E+0	1.33135E-3
2.50972E+0	4.24805E-3	4.88281E-4	1.65038E-3
2.50977E+0	4.39453E-3	0.00000E+0	1.47222E-3
2.50977E+0	4.44336E-3	0.00000E+0	1.40441E-3
2.50972E+0	4.68750E-3	4.88281E-4	9.61652E-4
2.50977E+0	4.54102E-3	0.00000E+0	1.25211E-3
2.50977E+0	4.63867E-3	0.00000E+0	1.06955E-3
2.51260E+0	4.63867E-3	2.51956E-3	1.06955E-3
2.51919E+0	1.36719E-3	1.25211E-3	2.20342E-3
2.51953E+0	3.90625E-4	0.00000E+0	1.33135E-3
2.51953E+0	2.92969E-4	0.00000E+0	1.16545E-3
2.51953E+0	0.00000E+0	0.00000E+0	0.00000E+0
2.51963E+0	0.00000E+0	6.87038E-4	0.00000E+0
2.52104E+0	-9.76562E-4	2.26964E-3	1.96296E-3
2.52275E+0	-2.44141E-3	2.32468E-3	2.45371E-3
2.52441E+0	-1.56250E-3	0.00000E+0	2.28919E-3
2.52437E+0	-1.95313E-4	4.88281E-4	9.61652E-4
2.52432E+0	0.00000E+0	6.87038E-4	0.00000E+0
2.52471E+0	4.88281E-5	1.16545E-3	4.88281E-4
2.52505E+0	1.02539E-3	1.65038E-3	1.99883E-3
2.52813E+0	2.97852E-3	2.09587E-3	2.39359E-3
2.52817E+0	3.02734E-3	2.06520E-3	2.38199E-3
2.52832E+0	3.17383E-3	1.96296E-3	2.34069E-3
2.52876E+0	2.83203E-3	1.53548E-3	2.42209E-3
2.52886E+0	2.24609E-3	1.40441E-3	2.44584E-3
2.52930E+0	1.46484E-3	0.00000E+0	2.24886E-3
2.52930E+0	4.39453E-4	0.00000E+0	1.40441E-3
2.52930E+0	4.88281E-5	0.00000E+0	4.88281E-4
2.53042E+0	0.00000E+0	2.06520E-3	0.00000E+0
2.53110E+0	0.00000E+0	2.36932E-3	0.00000E+0
2.53193E+0	0.00000E+0	2.44584E-3	0.00000E+0
2.53213E+0	0.00000E+0	2.42209E-3	0.00000E+0
2.53369E+0	0.00000E+0	1.47222E-3	0.00000E+0
2.53418E+0	0.00000E+0	0.00000E+0	0.00000E+0
2.53423E+0	0.00000E+0	4.88281E-4	0.00000E+0
2.53447E+0	0.00000E+0	1.16545E-3	0.00000E+0
2.53447E+0	0.00000E+0	1.16545E-3	0.00000E+0
2.53579E+0	4.88281E-5	2.30753E-3	4.88281E-4
2.53857E+0	4.88281E-5	1.47222E-3	4.88281E-4
2.53872E+0	0.00000E+0	1.25211E-3	0.00000E+0
2.53867E+0	4.88281E-5	1.33135E-3	4.88281E-4
2.53906E+0	0.00000E+0	0.00000E+0	0.00000E+0
2.53906E+0	0.00000E+0	0.00000E+0	0.00000E+0
2.54058E+0	0.00000E+0	2.26964E-3	0.00000E+0
2.54180E+0	0.00000E+0	2.43597E-3	0.00000E+0
2.54146E+0	0.00000E+0	2.45321E-3	0.00000E+0
2.54150E+0	0.00000E+0	2.45371E-3	0.00000E+0
2.54155E+0	0.00000E+0	2.45321E-3	0.00000E+0
2.54155E+0	0.00000E+0	2.45321E-3	0.00000E+0
2.54150E+0	0.00000E+0	2.45371E-3	0.00000E+0
2.54150E+0	0.00000E+0	2.45371E-3	0.00000E+0
2.54160E+0	0.00000E+0	2.45174E-3	0.00000E+0
2.54136E+0	0.00000E+0	2.44928E-3	0.00000E+0
2.54136E+0	0.00000E+0	2.44928E-3	0.00000E+0
2.54131E+0	0.00000E+0	2.44584E-3	0.00000E+0
2.54180E+0	0.00000E+0	2.43597E-3	0.00000E+0
2.54194E+0	0.00000E+0	2.41363E-3	0.00000E+0
2.54175E+0	0.00000E+0	2.44141E-3	0.00000E+0
2.54282E+0	0.00000E+0	2.06520E-3	0.00000E+0
2.54424E+0	0.00000E+0	1.67428E-3	0.00000E+0
2.55137E+0	0.00000E+0	4.19175E-3	0.00000E+0
2.55371E+0	0.00000E+0	0.00000E+0	0.00000E+0
2.55371E+0	0.00000E+0	0.00000E+0	0.00000E+0
2.55371E+0	0.00000E+0	0.00000E+0	0.00000E+0
2.55503E+0	0.00000E+0	2.17869E-3	0.00000E+0
2.55693E+0	0.00000E+0	2.32468E-3	0.00000E+0
2.55708E+0	0.00000E+0	2.26964E-3	0.00000E+0
2.55757E+0	0.00000E+0	1.99883E-3	0.00000E+0
2.55850E+0	0.00000E+0	6.87038E-4	0.00000E+0
2.55869E+0	0.00000E+0	6.87038E-4	0.00000E+0
2.55977E+0	0.00000E+0	2.09587E-3	0.00000E+0
2.56079E+0	0.00000E+0	2.44141E-3	0.00000E+0
2.56309E+0	0.00000E+0	1.33135E-3	0.00000E+0
2.56343E+0	0.00000E+0	4.88281E-4	0.00000E+0
2.56348E+0	0.00000E+0	0.00000E+0	0.00000E+0
2.56421E+0	0.00000E+0	1.75230E-3	0.00000E+0
2.56768E+0	0.00000E+0	1.70281E-3	0.00000E+0
2.56831E+0	0.00000E+0	4.88281E-4	0.00000E+0
2.56860E+0	0.00000E+0	1.06955E-3	0.00000E+0
2.56890E+0	0.00000E+0	1.53548E-3	0.00000E+0
2.56880E+0	0.00000E+0	1.40441E-3	0.00000E+0
2.56875E+0	0.00000E+0	1.33135E-3	0.00000E+0
2.56919E+0	0.00000E+0	1.84338E-3	0.00000E+0
2.57217E+0	0.00000E+0	2.03288E-3	0.00000E+0
2.57324E+0	0.00000E+0	0.00000E+0	0.00000E+0
2.57324E+0	0.00000E+0	0.00000E+0	0.00000E+0
2.57339E+0	0.00000E+0	8.37142E-4	0.00000E+0
2.57739E+0	0.00000E+0	2.00844E-3	0.00000E+0
2.58164E+0	0.00000E+0	2.20342E-3	0.00000E+0
2.58262E+0	0.00000E+0	1.33135E-3	0.00000E+0
2.58286E+0	0.00000E+0	8.37142E-4	0.00000E+0
2.58281E+0	0.00000E+0	9.61652E-4	0.00000E+0
2.58286E+0	0.00000E+0	8.37142E-4	0.00000E+0
2.58301E+0	0.00000E+0	0.00000E+0	0.00000E+0
2.58306E+0	0.00000E+0	4.88281E-4	0.00000E+0
2.58740E+0	0.00000E+0	1.47222E-3	0.00000E+0
2.58794E+0	0.00000E+0	4.88281E-4	0.00000E+0
2.58809E+0	0.00000E+0	9.61652E-4	0.00000E+0
2.59028E+0	0.00000E+0	2.45321E-3	0.00000E+0
2.59204E+0	0.00000E+0	1.75230E-3	0.00000E+0
2.59253E+0	0.00000E+0	1.06955E-3	0.00000E+0
2.59277E+0	0.00000E+0	0.00000E+0	0.00000E+0
2.59302E+0	0.00000E+0	1.06955E-3	0.00000E+0
2.59331E+0	0.00000E+0	1.53548E-3	0.00000E+0
2.59468E+0	0.00000E+0	2.39359E-3	0.00000E+0
2.59663E+0	0.00000E+0	1.99883E-3	0.00000E+0
2.59756E+0	0.00000E+0	6.87038E-4	0.00000E+0
2.59800E+0	0.00000E+0	1.25211E-3	0.00000E+0
2.59824E+0	0.00000E+0	1.59472E-3	0.00000E+0
2.60044E+0	0.00000E+0	2.42954E-3	0.00000E+0
2.60166E+0	0.00000E+0	1.88537E-3	0.00000E+0
2.60249E+0	0.00000E+0	4.88281E-4	0.00000E+0
2.60269E+0	0.00000E+0	8.37142E-4	0.00000E+0
2.60283E+0	0.00000E+0	1.16545E-3	0.00000E+0
2.60322E+0	0.00000E+0	1.70281E-3	0.00000E+0
2.60659E+0	0.00000E+0	1.84338E-3	0.00000E+0
2.60698E+0	0.00000E+0	1.40441E-3	0.00000E+0
2.60723E+0	0.00000E+0	9.61652E-4	0.00000E+0
2.60728E+0	0.00000E+0	8.37142E-4	0.00000E+0
2.60742E+0	0.00000E+0	0.00000E+0	0.00000E+0
2.60742E+0	0.00000E+0	0.00000E+0	0.00000E+0
2.60742E+0	0.00000E+0	0.00000E+0	0.00000E+0
2.60742E+0	0.00000E+0	0.00000E+0	0.00000E+0
2.60771E+0	0.00000E+0	1.16545E-3	0.00000E+0
2.60850E+0	0.00000E+0	2.03288E-3	0.00000E+0
2.61035E+0	0.00000E+0	2.40413E-3	0.00000E+0
2.61162E+0	0.00000E+0	1.70281E-3	0.00000E+0
2.61475E+0	0.00000E+0	2.45371E-3	0.00000E+0
2.61807E+0	0.00000E+0	1.88537E-3	0.00000E+0
2.61797E+0	0.00000E+0	1.79909E-3	0.00000E+0
2.61816E+0	0.00000E+0	1.96296E-3	0.00000E+0
2.61885E+0	0.00000E+0	2.32468E-3	0.00000E+0
2.62021E+0	0.00000E+0	2.38199E-3	0.00000E+0
2.62197E+0	0.00000E+0	6.87038E-4	0.00000E+0
2.62202E+0	0.00000E+0	4.88281E-4	0.00000E+0
2.62207E+0	0.00000E+0	0.00000E+0	0.00000E+0
2.62236E+0	0.00000E+0	1.16545E-3	0.00000E+0
2.62349E+0	0.00000E+0	2.22680E-3	0.00000E+0
2.62588E+0	0.00000E+0	2.03288E-3	0.00000E+0
2.62646E+0	0.00000E+0	1.47222E-3	0.00000E+0
2.62671E+0	4.88281E-5	1.06955E-3	4.88281E-4
2.62666E+0	0.00000E+0	1.16545E-3	0.00000E+0
2.62656E+0	0.00000E+0	1.33135E-3	0.00000E+0
2.62686E+0	4.88281E-5	6.87038E-4	4.88281E-4
2.62695E+0	0.00000E+0	0.00000E+0	0.00000E+0
2.62695E+0	0.00000E+0	0.00000E+0	0.00000E+0
2.62695E+0	0.00000E+0	0.00000E+0	0.00000E+0
2.62695E+0	0.00000E+0	0.00000E+0	0.00000E+0
2.62695E+0	0.00000E+0	0.00000E+0	0.00000E+0
2.62700E+0	4.88281E-5	4.88281E-4	4.88281E-4
2.62715E+0	0.00000E+0	9.61652E-4	0.00000E+0
2.62695E+0	0.00000E+0	0.00000E+0	0.00000E+0
2.62715E+0	0.00000E+0	9.61652E-4	0.00000E+0
2.62705E+0	0.00000E+0	6.87038E-4	0.00000E+0
2.62695E+0	0.00000E+0	0.00000E+0	0.00000E+0
2.62705E+0	4.88281E-5	6.87038E-4	4.88281E-4
2.62705E+0	0.00000E+0	6.87038E-4	0.00000E+0
2.62700E+0	0.00000E+0	4.88281E-4	0.00000E+0
2.62695E+0	4.88281E-5	0.00000E+0	4.88281E-4
2.62700E+0	0.00000E+0	4.88281E-4	0.00000E+0
2.62705E+0	0.00000E+0	6.87038E-4	0.00000E+0
2.62705E+0	0.00000E+0	6.87038E-4	0.00000E+0
2.62725E+0	0.00000E+0	1.16545E-3	0.00000E+0
2.63130E+0	0.00000E+0	1.53548E-3	0.00000E+0
2.63584E+0	0.00000E+0	1.88537E-3	0.00000E+0
2.63667E+0	0.00000E+0	8.48571E-4	0.00000E+0
2.63657E+0	0.00000E+0	8.37142E-4	0.00000E+0
2.63647E+0	0.00000E+0	1.06955E-3	0.00000E+0
2.63638E+0	0.00000E+0	1.25211E-3	0.00000E+0
2.63643E+0	4.88281E-5	1.16545E-3	4.88281E-4
2.63647E+0	0.00000E+0	1.27498E-3	0.00000E+0
2.63662E+0	0.00000E+0	6.87038E-4	0.00000E+0
2.63647E+0	4.88281E-5	1.06955E-3	4.88281E-4
2.63647E+0	0.00000E+0	1.06955E-3	0.00000E+0
2.63657E+0	0.00000E+0	8.37142E-4	0.00000E+0
2.63672E+0	0.00000E+0	0.00000E+0	0.00000E+0
2.63667E+0	4.88281E-5	4.88281E-4	4.88281E-4
2.63696E+0	0.00000E+0	1.06955E-3	0.00000E+0
2.63843E+0	0.00000E+0	2.34069E-3	0.00000E+0
2.64116E+0	0.00000E+0	1.40441E-3	0.00000E+0
2.64214E+0	0.00000E+0	1.53548E-3	0.00000E+0
2.64390E+0	0.00000E+0	2.44928E-3	0.00000E+0
2.64609E+0	0.00000E+0	1.33135E-3	0.00000E+0
2.65112E+0	4.88281E-5	1.45163E-3	4.88281E-4
2.65205E+0	0.00000E+0	1.70281E-3	0.00000E+0
2.65181E+0	0.00000E+0	1.40441E-3	0.00000E+0
2.65190E+0	0.00000E+0	1.53548E-3	0.00000E+0
2.65444E+0	4.88281E-5	2.36932E-3	4.88281E-4
2.65601E+0	4.88281E-5	1.06955E-3	4.88281E-4
2.65625E+0	0.00000E+0	0.00000E+0	0.00000E+0
2.65625E+0	0.00000E+0	0.00000E+0	0.00000E+0
2.65732E+0	0.00000E+0	2.03288E-3	0.00000E+0
2.65728E+0	4.88281E-5	1.99883E-3	4.88281E-4
2.65879E+0	0.00000E+0	2.45174E-3	0.00000E+0
2.65981E+0	9.76563E-5	2.17869E-3	6.87038E-4
2.66035E+0	4.88281E-5	1.79909E-3	4.88281E-4
2.66113E+0	0.00000E+0	0.00000E+0	0.00000E+0
2.66450E+0	9.76563E-5	2.26964E-3	6.87038E-4
2.66636E+0	1.95313E-4	1.25211E-3	9.61652E-4
2.67114E+0	4.88281E-5	2.53813E-3	4.88281E-4
2.67983E+0	6.83594E-4	1.84338E-3	1.70281E-3
2.68066E+0	4.88281E-4	0.00000E+0	1.47222E-3
2.68062E+0	4.39453E-4	4.88281E-4	1.40441E-3
2.68066E+0	9.27734E-4	0.00000E+0	1.92518E-3
2.68091E+0	1.02539E-3	1.06955E-3	1.99883E-3
2.68164E+0	9.27734E-4	1.96296E-3	1.92518E-3
2.68481E+0	1.26953E-3	1.75230E-3	2.15256E-3
2.68921E+0	2.78320E-3	2.12497E-3	2.42954E-3
2.69043E+0	3.36914E-3	0.00000E+0	2.26964E-3
2.69043E+0	3.66211E-3	0.00000E+0	2.12497E-3
2.69043E+0	3.66211E-3	0.00000E+0	2.12497E-3
2.69077E+0	3.66211E-3	1.25211E-3	2.12497E-3
2.69165E+0	4.05273E-3	2.12497E-3	1.84338E-3
2.69673E+0	4.39453E-3	2.71420E-3	1.47222E-3
2.70430E+0	9.76563E-5	1.79909E-3	6.87038E-4
2.70493E+0	0.00000E+0	8.37142E-4	0.00000E+0
2.70518E+0	-2.92969E-4	6.87038E-4	1.16545E-3
2.70830E+0	-9.76563E-5	2.32468E-3	6.87038E-4
2.71143E+0	9.27734E-4	2.24886E-3	1.92518E-3
2.71572E+0	0.00000E+0	1.88537E-3	0.00000E+0
2.71836E+0	0.00000E+0	2.20342E-3	0.00000E+0
2.71948E+0	0.00000E+0	1.06955E-3	0.00000E+0
2.72017E+0	0.00000E+0	1.40441E-3	0.00000E+0
2.72192E+0	0.00000E+0	2.44141E-3	0.00000E+0
2.72461E+0	0.00000E+0	6.94013E-4	0.00000E+0
2.72461E+0	0.00000E+0	0.00000E+0	0.00000E+0
2.72461E+0	4.88281E-5	0.00000E+0	4.88281E-4
2.72461E+0	0.00000E+0	0.00000E+0	0.00000E+0
2.72461E+0	0.00000E+0	0.00000E+0	0.00000E+0
2.72461E+0	0.00000E+0	0.00000E+0	0.00000E+0
2.72461E+0	0.00000E+0	0.00000E+0	0.00000E+0
2.72461E+0	0.00000E+0	0.00000E+0	0.00000E+0
2.72461E+0	0.00000E+0	0.00000E+0	0.00000E+0
2.72456E+0	0.00000E+0	4.88281E-4	0.00000E+0
2.72461E+0	4.88281E-5	0.00000E+0	4.88281E-4
2.72461E+0	0.00000E+0	0.00000E+0	0.00000E+0
2.72461E+0	0.00000E+0	0.00000E+0	0.00000E+0
2.72461E+0	0.00000E+0	0.00000E+0	0.00000E+0
2.72461E+0	0.00000E+0	0.00000E+0	0.00000E+0
2.72461E+0	0.00000E+0	0.00000E+0	0.00000E+0
2.72461E+0	0.00000E+0	0.00000E+0	0.00000E+0
2.72461E+0	0.00000E+0	0.00000E+0	0.00000E+0
2.72461E+0	0.00000E+0	0.00000E+0	0.00000E+0
2.72461E+0	0.00000E+0	0.00000E+0	0.00000E+0
2.72461E+0	9.76563E-5	0.00000E+0	6.87038E-4
2.72461E+0	0.00000E+0	0.00000E+0	0.00000E+0
2.72603E+0	0.00000E+0	2.22680E-3	0.00000E+0
2.72910E+0	0.00000E+0	1.33135E-3	0.00000E+0
2.72949E+0	0.00000E+0	0.00000E+0	0.00000E+0
2.72998E+0	0.00000E+0	1.47222E-3	0.00000E+0
2.73770E+0	0.00000E+0	4.64937E-3	0.00000E+0
2.74717E+0	0.00000E+0	3.85036E-3	0.00000E+0
2.74766E+0	0.00000E+0	3.40562E-3	0.00000E+0
2.74785E+0	0.00000E+0	3.18944E-3	0.00000E+0
2.74893E+0	0.00000E+0	9.76562E-4	0.00000E+0
2.74902E+0	0.00000E+0	0.00000E+0	0.00000E+0
2.74902E+0	0.00000E+0	0.00000E+0	0.00000E+0
2.74932E+0	0.00000E+0	1.16545E-3	0.00000E+0
2.75034E+0	0.00000E+0	2.17869E-3	0.00000E+0
2.75254E+0	0.00000E+0	2.20342E-3	0.00000E+0
2.75254E+0	0.00000E+0	2.20342E-3	0.00000E+0
2.75391E+0	0.00000E+0	0.00000E+0	0.00000E+0
2.75405E+0	0.00000E+0	8.37142E-4	0.00000E+0
2.75723E+0	0.00000E+0	2.28919E-3	0.00000E+0
2.75879E+0	0.00000E+0	0.00000E+0	0.00000E+0
2.75913E+0	0.00000E+0	1.25211E-3	0.00000E+0
2.76050E+0	0.00000E+0	2.34069E-3	0.00000E+0
2.76260E+0	0.00000E+0	2.03288E-3	0.00000E+0
2.76367E+0	0.00000E+0	6.94013E-4	0.00000E+0
2.76367E+0	0.00000E+0	0.00000E+0	0.00000E+0
2.76470E+0	0.00000E+0	1.99883E-3	0.00000E+0
2.76763E+0	0.00000E+0	1.92518E-3	0.00000E+0
2.76841E+0	0.00000E+0	8.37142E-4	0.00000E+0
2.76855E+0	4.88281E-5	0.00000E+0	4.88281E-4
2.77295E+0	0.00000E+0	1.47222E-3	0.00000E+0
2.77344E+0	0.00000E+0	0.00000E+0	0.00000E+0
2.77344E+0	0.00000E+0	0.00000E+0	0.00000E+0
2.77402E+0	0.00000E+0	1.59472E-3	0.00000E+0
2.78110E+0	4.88281E-5	3.62319E-3	4.88281E-4
2.79229E+0	0.00000E+0	1.70281E-3	0.00000E+0
2.79302E+0	0.00000E+0	4.88281E-4	0.00000E+0
2.79316E+0	0.00000E+0	9.61652E-4	0.00000E+0
2.79307E+0	0.00000E+0	6.87038E-4	0.00000E+0
2.79326E+0	0.00000E+0	1.16545E-3	0.00000E+0
2.79316E+0	4.88281E-5	9.61652E-4	4.88281E-4
2.79575E+0	0.00000E+0	2.42954E-3	0.00000E+0
2.79780E+0	0.00000E+0	1.29745E-3	0.00000E+0
2.79849E+0	0.00000E+0	1.65038E-3	0.00000E+0
2.80020E+0	0.00000E+0	2.45174E-3	0.00000E+0
2.80156E+0	0.00000E+0	2.09587E-3	0.00000E+0
2.80273E+0	0.00000E+0	0.00000E+0	0.00000E+0
2.80273E+0	0.00000E+0	0.00000E+0	0.00000E+0
2.80327E+0	0.00000E+0	1.53548E-3	0.00000E+0
2.80723E+0	0.00000E+0	1.33135E-3	0.00000E+0
2.81182E+0	0.00000E+0	2.08435E-3	0.00000E+0
2.82114E+0	0.00000E+0	2.84926E-3	0.00000E+0
2.82344E+0	0.00000E+0	2.09587E-3	0.00000E+0
2.82358E+0	0.00000E+0	2.17869E-3	0.00000E+0
2.82402E+0	0.00000E+0	2.35556E-3	0.00000E+0
2.82700E+0	4.88281E-5	8.37142E-4	4.88281E-4
2.82729E+0	0.00000E+0	8.37142E-4	0.00000E+0
2.82759E+0	0.00000E+0	1.40441E-3	0.00000E+0
2.83096E+0	0.00000E+0	2.03288E-3	0.00000E+0
2.83208E+0	0.00000E+0	4.88281E-4	0.00000E+0
2.83242E+0	0.00000E+0	1.33135E-3	0.00000E+0
2.83271E+0	0.00000E+0	1.70281E-3	0.00000E+0
2.83276E+0	0.00000E+0	1.75230E-3	0.00000E+0
2.83276E+0	0.00000E+0	1.75230E-3	0.00000E+0
2.83262E+0	0.00000E+0	1.59472E-3	0.00000E+0
2.83257E+0	4.88281E-5	1.53548E-3	4.88281E-4
2.83257E+0	0.00000E+0	1.53548E-3	0.00000E+0
2.83281E+0	0.00000E+0	1.79909E-3	0.00000E+0
2.83257E+0	4.88281E-5	1.53548E-3	4.88281E-4
2.83271E+0	0.00000E+0	1.70281E-3	0.00000E+0
2.83364E+0	0.00000E+0	2.30753E-3	0.00000E+0
2.83662E+0	0.00000E+0	1.67428E-3	0.00000E+0
2.84126E+0	0.00000E+0	1.53548E-3	0.00000E+0
2.84692E+0	0.00000E+0	3.56421E-3	0.00000E+0
2.85156E+0	2.44141E-4	0.00000E+0	1.06955E-3
2.85156E+0	9.76563E-5	0.00000E+0	6.87038E-4
2.85205E+0	0.00000E+0	1.47222E-3	0.00000E+0
2.85669E+0	1.95313E-4	1.45163E-3	9.61652E-4
2.85908E+0	4.88281E-5	2.44584E-3	4.88281E-4
2.86104E+0	9.76563E-5	1.16545E-3	6.87038E-4
2.86514E+0	6.83594E-4	3.77456E-3	1.70281E-3
2.87681E+0	3.56445E-3	4.16726E-3	2.17869E-3
2.88433E+0	4.54102E-3	2.22680E-3	1.25211E-3
2.88525E+0	4.39453E-3	1.47222E-3	1.47222E-3
2.88647E+0	2.44141E-3	2.44141E-3	2.45371E-3
2.89063E+0	-4.88281E-4	0.00000E+0	1.47222E-3
2.89063E+0	-3.41797E-4	0.00000E+0	1.25211E-3
2.89063E+0	-1.46484E-4	0.00000E+0	8.37142E-4
2.89502E+0	7.32422E-4	3.36435E-3	1.75230E-3
2.90283E+0	0.00000E+0	2.45371E-3	0.00000E+0
2.90479E+0	0.00000E+0	1.47222E-3	0.00000E+0
2.90591E+0	4.88281E-5	1.65038E-3	4.88281E-4
2.91133E+0	0.00000E+0	2.09587E-3	0.00000E+0
2.91299E+0	0.00000E+0	2.42209E-3	0.00000E+0
2.91377E+0	0.00000E+0	2.15256E-3	0.00000E+0
2.91460E+0	0.00000E+0	1.40441E-3	0.00000E+0
2.91724E+0	0.00000E+0	2.44141E-3	0.00000E+0
2.91943E+0	4.88281E-5	1.47222E-3	4.88281E-4
2.91992E+0	0.00000E+0	0.00000E+0	0.00000E+0
2.92422E+0	0.00000E+0	1.59472E-3	0.00000E+0
2.92495E+0	0.00000E+0	8.37142E-4	0.00000E+0
2.92622E+0	4.88281E-5	2.22680E-3	4.88281E-4
2.92939E+0	4.88281E-5	1.16545E-3	4.88281E-4
2.92969E+0	4.88281E-5	0.00000E+0	4.88281E-4
2.92969E+0	0.00000E+0	0.00000E+0	0.00000E+0
2.93755E+0	0.00000E+0	4.95114E-3	0.00000E+0
2.95142E+0	0.00000E+0	3.56421E-3	0.00000E+0
2.95410E+0	0.00000E+0	0.00000E+0	0.00000E+0
2.95410E+0	0.00000E+0	0.00000E+0	0.00000E+0
2.95415E+0	0.00000E+0	4.88281E-4	0.00000E+0
2.95410E+0	0.00000E+0	0.00000E+0	0.00000E+0
2.95586E+0	0.00000E+0	2.35556E-3	0.00000E+0
2.95835E+0	0.00000E+0	1.65038E-3	0.00000E+0
2.96230E+0	0.00000E+0	2.28919E-3	0.00000E+0
2.96387E+0	0.00000E+0	0.00000E+0	0.00000E+0
2.96895E+0	0.00000E+0	3.24928E-3	0.00000E+0
2.97358E+0	0.00000E+0	4.88281E-4	0.00000E+0
2.97363E+0	0.00000E+0	0.00000E+0	0.00000E+0
2.97437E+0	0.00000E+0	1.75230E-3	0.00000E+0
2.98594E+0	0.00000E+0	4.52334E-3	0.00000E+0
2.99282E+0	0.00000E+0	1.25211E-3	0.00000E+0
2.99302E+0	0.00000E+0	8.37142E-4	0.00000E+0
2.99272E+0	0.00000E+0	1.40441E-3	0.00000E+0
2.99316E+0	0.00000E+0	0.00000E+0	0.00000E+0
2.99316E+0	4.88281E-5	0.00000E+0	4.88281E-4
2.99380E+0	0.00000E+0	1.65038E-3	0.00000E+0
2.99795E+0	0.00000E+0	1.19805E-3	0.00000E+0
2.99966E+0	0.00000E+0	2.30753E-3	0.00000E+0
3.00083E+0	0.00000E+0	2.42954E-3	0.00000E+0
3.00166E+0	0.00000E+0	2.15256E-3	0.00000E+0
3.00356E+0	0.00000E+0	1.65038E-3	0.00000E+0
3.00757E+0	0.00000E+0	1.45163E-3	0.00000E+0
3.01118E+0	0.00000E+0	2.26964E-3	0.00000E+0
3.01245E+0	4.88281E-5	1.06955E-3	4.88281E-4
3.01245E+0	0.00000E+0	1.06955E-3	0.00000E+0
3.01255E+0	4.88281E-5	8.37142E-4	4.88281E-4
3.01260E+0	0.00000E+0	6.87038E-4	0.00000E+0
3.01255E+0	4.88281E-5	8.37142E-4	4.88281E-4
3.01260E+0	4.88281E-5	6.87038E-4	4.88281E-4
3.01270E+0	4.88281E-5	0.00000E+0	4.88281E-4
3.01265E+0	0.00000E+0	4.88281E-4	0.00000E+0
3.01245E+0	0.00000E+0	1.06955E-3	0.00000E+0
3.01240E+0	9.76563E-5	1.16545E-3	6.87038E-4
3.01250E+0	4.88281E-5	9.61652E-4	4.88281E-4
3.01270E+0	0.00000E+0	0.00000E+0	0.00000E+0
3.01265E+0	0.00000E+0	4.88281E-4	0.00000E+0
3.01255E+0	0.00000E+0	8.37142E-4	0.00000E+0
3.01260E+0	0.00000E+0	6.87038E-4	0.00000E+0
3.01265E+0	0.00000E+0	4.88281E-4	0.00000E+0
3.01279E+0	0.00000E+0	6.87038E-4	0.00000E+0
3.01333E+0	9.76563E-5	1.65038E-3	6.87038E-4
3.01333E+0	4.88281E-5	1.65038E-3	4.88281E-4
3.01528E+0	0.00000E+0	2.44928E-3	0.00000E+0
3.02046E+0	0.00000E+0	3.03268E-3	0.00000E+0
3.02563E+0	4.88281E-5	2.34069E-3	4.88281E-4
3.02593E+0	0.00000E+0	2.22680E-3	0.00000E+0
3.02559E+0	4.88281E-5	2.35556E-3	4.88281E-4
3.02671E+0	0.00000E+0	1.65038E-3	0.00000E+0
3.02832E+0	0.00000E+0	1.96296E-3	0.00000E+0
3.02988E+0	0.00000E+0	2.45174E-3	0.00000E+0
3.03022E+0	4.88281E-5	2.41363E-3	4.88281E-4
3.03340E+0	9.76563E-5	2.20779E-3	6.87038E-4
3.04019E+0	0.00000E+0	2.46887E-3	0.00000E+0
3.04199E+0	1.46484E-4	0.00000E+0	8.37142E-4
3.04199E+0	9.76563E-5	0.00000E+0	6.87038E-4
3.04199E+0	1.46484E-4	0.00000E+0	8.37142E-4
3.04199E+0	1.95313E-4	0.00000E+0	9.61652E-4
3.04199E+0	4.88281E-5	0.00000E+0	4.88281E-4
3.04199E+0	0.00000E+0	0.00000E+0	0.00000E+0
3.04199E+0	4.88281E-5	0.00000E+0	4.88281E-4
3.04199E+0	1.95313E-4	0.00000E+0	9.61652E-4
3.04199E+0	9.76563E-5	0.00000E+0	6.87038E-4
3.04199E+0	2.44141E-4	0.00000E+0	1.06955E-3
3.04214E+0	1.95313E-4	8.37142E-4	9.61652E-4
3.04917E+0	3.41797E-4	3.21464E-3	1.25211E-3
3.05508E+0	1.36719E-3	2.28919E-3	2.20342E-3
3.05493E+0	1.70898E-3	2.34069E-3	2.34069E-3
3.05488E+0	1.26953E-3	2.35556E-3	2.15256E-3
3.05527E+0	9.27734E-4	2.20342E-3	1.92518E-3
3.05557E+0	1.36719E-3	2.03288E-3	2.20342E-3
3.05581E+0	1.26953E-3	1.84338E-3	2.15256E-3
3.05806E+0	2.14844E-3	2.22680E-3	2.43597E-3
3.06353E+0	3.80859E-3	2.51142E-3	2.03288E-3
3.06641E+0	4.73633E-3	0.00000E+0	8.37142E-4
3.07051E+0	3.90625E-3	1.92831E-3	1.96296E-3
3.07383E+0	9.76563E-5	2.45174E-3	6.87038E-4
3.07319E+0	9.76563E-5	2.39359E-3	6.87038E-4
3.07349E+0	9.76563E-5	2.44141E-3	6.87038E-4
3.07358E+0	0.00000E+0	2.44928E-3	0.00000E+0
3.07500E+0	0.00000E+0	2.09587E-3	0.00000E+0
3.07607E+0	0.00000E+0	6.87038E-4	0.00000E+0
3.07617E+0	0.00000E+0	0.00000E+0	0.00000E+0
3.07612E+0	-1.95313E-4	8.48571E-4	9.61652E-4
3.07871E+0	-9.76563E-5	2.45174E-3	6.87038E-4
3.07998E+0	0.00000E+0	2.03288E-3	0.00000E+0
3.08066E+0	-4.88281E-5	1.33135E-3	4.88281E-4
3.08125E+0	3.90625E-4	9.61652E-4	1.33135E-3
3.08384E+0	5.37109E-4	2.42954E-3	1.53548E-3
3.08369E+0	7.81250E-4	2.44584E-3	1.79909E-3
3.08257E+0	3.90625E-4	2.26964E-3	1.33135E-3
3.08145E+0	2.44141E-4	1.33135E-3	1.06955E-3
3.08115E+0	4.88281E-4	6.87038E-4	1.47222E-3
3.08130E+0	6.83594E-4	1.06955E-3	1.70281E-3
3.08120E+0	6.83594E-4	8.37142E-4	1.70281E-3
3.08125E+0	6.83594E-4	9.61652E-4	1.70281E-3
3.08105E+0	7.81250E-4	0.00000E+0	1.79909E-3
3.08115E+0	5.37109E-4	6.87038E-4	1.53548E-3
3.08110E+0	6.34766E-4	4.88281E-4	1.65038E-3
3.08125E+0	4.39453E-4	9.61652E-4	1.40441E-3
3.08115E+0	4.88281E-4	6.87038E-4	1.47222E-3
3.08120E+0	7.81250E-4	8.37142E-4	1.79909E-3
3.08140E+0	1.12305E-3	1.25211E-3	2.06520E-3
3.08135E+0	6.83594E-4	1.16545E-3	1.70281E-3
3.08257E+0	7.81250E-4	2.26964E-3	1.79909E-3
3.08364E+0	6.34766E-4	2.44928E-3	1.65038E-3
3.08345E+0	2.92969E-4	2.45321E-3	1.16545E-3
3.08315E+0	3.90625E-4	2.42954E-3	1.33135E-3
3.08364E+0	6.34766E-4	2.44928E-3	1.65038E-3
3.08530E+0	3.41797E-4	1.65038E-3	1.25211E-3
3.08701E+0	0.00000E+0	2.03288E-3	0.00000E+0
3.09370E+0	0.00000E+0	3.11108E-3	0.00000E+0
3.10020E+0	0.00000E+0	1.33135E-3	0.00000E+0
3.10034E+0	0.00000E+0	1.06955E-3	0.00000E+0
3.10322E+0	0.00000E+0	2.81225E-3	0.00000E+0
3.10986E+0	0.00000E+0	1.47222E-3	0.00000E+0
3.11035E+0	0.00000E+0	0.00000E+0	0.00000E+0
3.11035E+0	0.00000E+0	0.00000E+0	0.00000E+0
3.11118E+0	0.00000E+0	1.84338E-3	0.00000E+0
3.11348E+0	0.00000E+0	2.35556E-3	0.00000E+0
3.11514E+0	4.88281E-5	9.76562E-4	4.88281E-4
3.11738E+0	0.00000E+0	2.43597E-3	0.00000E+0
3.12012E+0	4.88281E-5	0.00000E+0	4.88281E-4
3.12012E+0	0.00000E+0	0.00000E+0	0.00000E+0
3.12202E+0	0.00000E+0	2.39359E-3	0.00000E+0
3.12495E+0	0.00000E+0	4.88281E-4	0.00000E+0
3.12939E+0	0.00000E+0	4.88281E-3	0.00000E+0
3.13818E+0	0.00000E+0	3.57265E-3	0.00000E+0
3.14829E+0	0.00000E+0	2.06520E-3	0.00000E+0
3.14946E+0	0.00000E+0	4.88281E-4	0.00000E+0
3.14946E+0	0.00000E+0	4.88281E-4	0.00000E+0
3.14966E+0	0.00000E+0	1.06955E-3	0.00000E+0
3.15288E+0	0.00000E+0	2.22680E-3	0.00000E+0
3.15430E+0	0.00000E+0	0.00000E+0	0.00000E+0
3.15435E+0	0.00000E+0	4.88281E-4	0.00000E+0
3.15630E+0	0.00000E+0	2.41363E-3	0.00000E+0
3.15806E+0	0.00000E+0	2.06520E-3	0.00000E+0
3.16074E+0	0.00000E+0	2.28919E-3	0.00000E+0
3.16411E+0	0.00000E+0	4.88281E-4	0.00000E+0
3.16411E+0	0.00000E+0	4.88281E-4	0.00000E+0
3.16562E+0	0.00000E+0	2.28919E-3	0.00000E+0
3.16914E+0	0.00000E+0	2.68072E-3	0.00000E+0
3.17686E+0	0.00000E+0	2.84291E-3	0.00000E+0
3.18096E+0	0.00000E+0	2.44584E-3	0.00000E+0
3.18066E+0	0.00000E+0	2.40413E-3	0.00000E+0
3.18193E+0	0.00000E+0	2.32468E-3	0.00000E+0
3.18301E+0	0.00000E+0	1.59472E-3	0.00000E+0
3.18350E+0	0.00000E+0	6.87038E-4	0.00000E+0
3.18364E+0	0.00000E+0	4.88281E-4	0.00000E+0
3.18379E+0	4.88281E-5	9.61652E-4	4.88281E-4
3.18633E+0	0.00000E+0	2.43597E-3	0.00000E+0
3.18662E+0	4.88281E-5	2.38199E-3	4.88281E-4
3.18789E+0	0.00000E+0	1.59472E-3	0.00000E+0
3.18848E+0	0.00000E+0	0.00000E+0	0.00000E+0
3.18877E+0	0.00000E+0	1.16545E-3	0.00000E+0
3.18989E+0	0.00000E+0	2.22680E-3	0.00000E+0
3.19277E+0	0.00000E+0	1.59472E-3	0.00000E+0
3.19331E+0	0.00000E+0	4.88281E-4	0.00000E+0
3.19438E+0	0.00000E+0	1.99883E-3	0.00000E+0
3.19663E+0	4.88281E-5	2.30753E-3	4.88281E-4
3.20229E+0	0.00000E+0	4.22465E-3	0.00000E+0
3.21626E+0	0.00000E+0	2.26964E-3	0.00000E+0
3.21777E+0	4.88281E-5	0.00000E+0	4.88281E-4
3.21777E+0	0.00000E+0	0.00000E+0	0.00000E+0
3.21772E+0	0.00000E+0	4.88281E-4	0.00000E+0
3.21772E+0	0.00000E+0	4.88281E-4	0.00000E+0
3.21777E+0	4.88281E-5	0.00000E+0	4.88281E-4
3.21777E+0	0.00000E+0	0.00000E+0	0.00000E+0
3.21763E+0	0.00000E+0	8.37142E-4	0.00000E+0
3.21777E+0	9.76563E-5	0.00000E+0	6.87038E-4
3.21772E+0	4.88281E-5	4.88281E-4	4.88281E-4
3.21753E+0	9.76563E-5	1.06955E-3	6.87038E-4
3.21772E+0	4.88281E-5	4.88281E-4	4.88281E-4
3.21768E+0	0.00000E+0	6.87038E-4	0.00000E+0
3.21763E+0	9.76563E-5	8.37142E-4	6.87038E-4
3.21777E+0	4.88281E-5	0.00000E+0	4.88281E-4
3.21768E+0	0.00000E+0	6.87038E-4	0.00000E+0
3.21772E+0	4.88281E-5	4.88281E-4	4.88281E-4
3.21777E+0	4.88281E-5	0.00000E+0	4.88281E-4
3.21777E+0	0.00000E+0	0.00000E+0	0.00000E+0
3.21777E+0	4.88281E-5	0.00000E+0	4.88281E-4
3.21777E+0	4.88281E-5	0.00000E+0	4.88281E-4
3.21821E+0	1.46484E-4	1.40441E-3	8.37142E-4
3.22124E+0	0.00000E+0	2.22680E-3	0.00000E+0
3.22266E+0	9.76563E-5	0.00000E+0	6.87038E-4
3.22319E+0	0.00000E+0	1.53548E-3	0.00000E+0
3.22534E+0	4.88281E-5	2.44141E-3	4.88281E-4
3.22891E+0	4.88281E-5	2.20342E-3	4.88281E-4
3.23872E+0	5.85937E-4	3.75633E-3	1.59472E-3
3.24189E+0	8.30078E-4	1.16545E-3	1.84338E-3
3.24180E+0	1.07422E-3	1.33135E-3	2.03288E-3
3.24219E+0	7.32422E-4	0.00000E+0	1.75230E-3
3.24219E+0	1.46484E-3	0.00000E+0	2.24886E-3
3.24424E+0	1.90430E-3	2.42209E-3	2.39359E-3
3.24629E+0	1.66016E-3	1.79909E-3	2.32468E-3
3.24648E+0	1.95312E-3	1.59472E-3	2.40413E-3
3.24692E+0	2.14844E-3	8.37142E-4	2.43597E-3
3.24834E+0	3.41797E-3	2.15256E-3	2.24886E-3
3.24897E+0	3.17383E-3	2.39359E-3	2.34069E-3
3.24951E+0	3.07617E-3	2.45371E-3	2.36932E-3
3.25156E+0	3.66211E-3	1.33135E-3	2.12497E-3
3.25171E+0	4.10156E-3	1.06955E-3	1.79909E-3
3.25288E+0	4.39453E-3	1.92518E-3	1.47222E-3
3.25874E+0	2.49023E-3	2.49217E-3	2.45321E-3
3.26201E+0	0.00000E+0	1.16545E-3	0.00000E+0
3.26206E+0	0.00000E+0	1.25211E-3	0.00000E+0
3.26641E+0	9.76563E-5	3.32257E-3	9.76562E-4
3.27148E+0	0.00000E+0	0.00000E+0	0.00000E+0
3.27148E+0	0.00000E+0	0.00000E+0	0.00000E+0
3.27148E+0	4.88281E-5	0.00000E+0	4.88281E-4
3.27158E+0	0.00000E+0	6.87038E-4	0.00000E+0
3.27188E+0	0.00000E+0	1.33135E-3	0.00000E+0
3.27168E+0	0.00000E+0	9.61652E-4	0.00000E+0
3.27422E+0	0.00000E+0	2.53291E-3	0.00000E+0
3.27871E+0	0.00000E+0	2.45174E-3	0.00000E+0
3.27998E+0	0.00000E+0	2.15256E-3	0.00000E+0
3.27983E+0	0.00000E+0	2.22680E-3	0.00000E+0
3.28037E+0	0.00000E+0	1.88537E-3	0.00000E+0
3.28066E+0	0.00000E+0	1.59472E-3	0.00000E+0
3.28188E+0	9.76563E-5	1.65038E-3	6.87038E-4
3.28555E+0	0.00000E+0	1.59472E-3	0.00000E+0
3.28511E+0	0.00000E+0	1.99883E-3	0.00000E+0
3.28608E+0	4.88281E-5	4.88281E-4	4.88281E-4
3.28936E+0	0.00000E+0	2.32468E-3	0.00000E+0
3.29414E+0	0.00000E+0	2.35556E-3	0.00000E+0
3.29561E+0	0.00000E+0	1.16545E-3	0.00000E+0
3.29619E+0	0.00000E+0	1.16545E-3	0.00000E+0
3.30293E+0	4.88281E-5	2.88829E-3	4.88281E-4
3.30557E+0	4.88281E-5	6.87038E-4	4.88281E-4
3.30547E+0	0.00000E+0	9.61652E-4	0.00000E+0
3.30557E+0	0.00000E+0	6.87038E-4	0.00000E+0
3.30566E+0	0.00000E+0	0.00000E+0	0.00000E+0
3.30586E+0	4.88281E-5	9.61652E-4	4.88281E-4
3.30947E+0	0.00000E+0	2.03288E-3	0.00000E+0
3.31060E+0	0.00000E+0	4.88281E-4	0.00000E+0
3.31147E+0	0.00000E+0	1.92518E-3	0.00000E+0
3.31396E+0	0.00000E+0	2.35351E-3	0.00000E+0
3.32246E+0	0.00000E+0	4.56785E-3	0.00000E+0
3.32764E+0	0.00000E+0	4.24994E-3	0.00000E+0
3.32754E+0	0.00000E+0	4.30512E-3	0.00000E+0
3.32861E+0	0.00000E+0	3.50459E-3	0.00000E+0
3.32832E+0	0.00000E+0	3.77073E-3	0.00000E+0
3.32793E+0	0.00000E+0	4.06575E-3	0.00000E+0
3.32773E+0	0.00000E+0	4.19175E-3	0.00000E+0
3.32744E+0	0.00000E+0	4.35738E-3	0.00000E+0
3.32764E+0	0.00000E+0	4.24994E-3	0.00000E+0
3.32813E+0	0.00000E+0	3.92593E-3	0.00000E+0
3.32822E+0	0.00000E+0	3.85036E-3	0.00000E+0
3.32783E+0	0.00000E+0	4.13040E-3	0.00000E+0
3.32793E+0	0.00000E+0	4.06575E-3	0.00000E+0
3.32793E+0	4.88281E-5	4.06575E-3	4.88281E-4
3.32744E+0	0.00000E+0	4.35738E-3	0.00000E+0
3.32676E+0	0.00000E+0	4.64937E-3	0.00000E+0
3.32734E+0	0.00000E+0	4.40684E-3	0.00000E+0
3.32754E+0	0.00000E+0	4.30512E-3	0.00000E+0
3.32715E+0	0.00000E+0	4.49772E-3	0.00000E+0
3.32734E+0	0.00000E+0	4.40684E-3	0.00000E+0
3.32793E+0	0.00000E+0	4.06575E-3	0.00000E+0
3.32813E+0	0.00000E+0	3.92593E-3	0.00000E+0
3.32822E+0	0.00000E+0	3.85036E-3	0.00000E+0
3.32861E+0	0.00000E+0	3.50459E-3	0.00000E+0
3.32842E+0	0.00000E+0	3.68677E-3	0.00000E+0
3.32871E+0	0.00000E+0	3.40562E-3	0.00000E+0
3.32930E+0	0.00000E+0	2.66269E-3	0.00000E+0
3.32764E+0	0.00000E+0	4.24994E-3	0.00000E+0
3.32744E+0	0.00000E+0	4.35738E-3	0.00000E+0
3.32803E+0	0.00000E+0	3.99766E-3	0.00000E+0
3.32861E+0	0.00000E+0	3.50459E-3	0.00000E+0
3.32813E+0	0.00000E+0	3.92593E-3	0.00000E+0
3.32842E+0	0.00000E+0	3.68677E-3	0.00000E+0
3.32900E+0	0.00000E+0	3.07096E-3	0.00000E+0
3.32881E+0	0.00000E+0	3.30076E-3	0.00000E+0
3.32871E+0	0.00000E+0	3.40562E-3	0.00000E+0
3.32832E+0	0.00000E+0	3.77073E-3	0.00000E+0
3.32764E+0	0.00000E+0	4.24994E-3	0.00000E+0
3.32861E+0	0.00000E+0	3.50459E-3	0.00000E+0
3.32871E+0	0.00000E+0	3.40562E-3	0.00000E+0
3.32822E+0	0.00000E+0	3.85036E-3	0.00000E+0
3.32764E+0	0.00000E+0	4.24994E-3	0.00000E+0
3.32871E+0	0.00000E+0	3.40562E-3	0.00000E+0
3.32822E+0	0.00000E+0	3.85036E-3	0.00000E+0
3.32871E+0	0.00000E+0	3.40562E-3	0.00000E+0
3.32813E+0	0.00000E+0	3.92593E-3	0.00000E+0
3.32832E+0	0.00000E+0	3.77073E-3	0.00000E+0
3.32959E+0	0.00000E+0	2.13909E-3	0.00000E+0
3.32969E+0	0.00000E+0	1.92330E-3	0.00000E+0
3.32979E+0	0.00000E+0	1.67428E-3	0.00000E+0
3.33057E+0	0.00000E+0	1.47222E-3	0.00000E+0
3.33379E+0	0.00000E+0	2.09587E-3	0.00000E+0
3.33496E+0	0.00000E+0	0.00000E+0	0.00000E+0
3.33564E+0	0.00000E+0	1.70281E-3	0.00000E+0
3.34082E+0	0.00000E+0	2.08204E-3	0.00000E+0
3.34160E+0	0.00000E+0	2.35556E-3	0.00000E+0
3.34268E+0	0.00000E+0	2.42209E-3	0.00000E+0
3.34790E+0	0.00000E+0	2.34069E-3	0.00000E+0
3.34854E+0	0.00000E+0	2.03288E-3	0.00000E+0
3.34907E+0	0.00000E+0	1.53548E-3	0.00000E+0
3.34966E+0	0.00000E+0	4.88281E-4	0.00000E+0
3.34980E+0	0.00000E+0	9.61652E-4	0.00000E+0
3.34995E+0	0.00000E+0	1.25211E-3	0.00000E+0
3.35176E+0	0.00000E+0	2.43597E-3	0.00000E+0
3.35288E+0	0.00000E+0	2.30753E-3	0.00000E+0
3.35449E+0	0.00000E+0	0.00000E+0	0.00000E+0
3.35459E+0	0.00000E+0	6.87038E-4	0.00000E+0
3.35474E+0	0.00000E+0	1.06955E-3	0.00000E+0
3.35615E+0	0.00000E+0	2.32468E-3	0.00000E+0
3.35942E+0	0.00000E+0	8.48571E-4	0.00000E+0
3.36045E+0	0.00000E+0	2.03288E-3	0.00000E+0
3.36421E+0	0.00000E+0	2.13853E-3	0.00000E+0
3.37173E+0	0.00000E+0	2.72836E-3	0.00000E+0
3.37402E+0	0.00000E+0	0.00000E+0	0.00000E+0
3.37402E+0	0.00000E+0	0.00000E+0	0.00000E+0
3.37461E+0	0.00000E+0	1.59472E-3	0.00000E+0
3.37837E+0	0.00000E+0	1.53548E-3	0.00000E+0
3.37891E+0	0.00000E+0	0.00000E+0	0.00000E+0
3.37944E+0	0.00000E+0	1.53548E-3	0.00000E+0
3.38281E+0	0.00000E+0	1.96296E-3	0.00000E+0
3.38359E+0	0.00000E+0	1.53939E-3	0.00000E+0
3.38618E+0	0.00000E+0	2.45321E-3	0.00000E+0
3.38706E+0	4.88281E-5	2.30753E-3	4.88281E-4
3.38701E+0	0.00000E+0	2.32468E-3	0.00000E+0
3.38745E+0	0.00000E+0	2.12497E-3	0.00000E+0
3.38716E+0	4.88281E-5	2.26964E-3	4.88281E-4
3.38804E+0	4.88281E-5	1.65038E-3	4.88281E-4
3.38774E+0	0.00000E+0	1.92518E-3	0.00000E+0
3.38789E+0	0.00000E+0	1.79909E-3	0.00000E+0
3.38833E+0	0.00000E+0	1.25211E-3	0.00000E+0
3.38994E+0	4.88281E-5	2.15256E-3	4.88281E-4
3.39761E+0	4.88281E-5	2.30753E-3	4.88281E-4
3.39888E+0	9.76563E-5	1.40441E-3	6.87038E-4
3.39888E+0	9.76563E-5	1.40441E-3	6.87038E-4
3.39863E+0	4.88281E-5	9.61652E-4	4.88281E-4
3.39873E+0	0.00000E+0	1.16545E-3	0.00000E+0
3.39878E+0	4.88281E-5	1.25211E-3	4.88281E-4
3.39868E+0	0.00000E+0	1.06955E-3	0.00000E+0
3.39878E+0	0.00000E+0	1.25211E-3	0.00000E+0
3.39893E+0	4.88281E-5	1.47222E-3	4.88281E-4
3.39868E+0	0.00000E+0	1.06955E-3	0.00000E+0
3.39883E+0	4.88281E-5	1.33135E-3	4.88281E-4
3.39932E+0	0.00000E+0	1.88537E-3	0.00000E+0
3.40298E+0	4.88281E-5	1.25211E-3	4.88281E-4
3.40410E+0	9.76563E-5	1.79909E-3	6.87038E-4
3.40845E+0	1.46484E-4	1.06955E-3	8.37142E-4
3.41104E+0	1.46484E-4	2.42209E-3	8.37142E-4
3.41289E+0	4.88281E-5	9.61652E-4	4.88281E-4
3.41704E+0	2.92969E-4	2.83570E-3	1.16545E-3
3.42021E+0	7.32422E-4	2.44584E-3	1.75230E-3
3.42041E+0	2.92969E-4	2.45371E-3	1.16545E-3
3.42227E+0	7.81250E-4	1.59472E-3	1.79909E-3
3.42305E+0	1.12305E-3	9.61652E-4	2.06520E-3
3.42310E+0	1.36719E-3	1.06955E-3	2.20342E-3
3.42471E+0	1.41602E-3	2.38199E-3	2.22680E-3
3.42983E+0	2.39258E-3	2.42954E-3	2.45321E-3
3.43291E+0	3.80859E-3	1.16545E-3	2.03288E-3
3.43306E+0	4.05273E-3	1.40441E-3	1.84338E-3
3.43481E+0	4.15039E-3	2.44141E-3	1.75230E-3
3.43633E+0	4.29688E-3	2.09587E-3	1.59472E-3
3.43706E+0	4.49219E-3	1.40441E-3	1.33135E-3
3.43745E+0	4.54102E-3	1.29745E-3	1.25211E-3
3.44043E+0	4.63867E-3	2.40413E-3	1.06955E-3
3.44126E+0	4.73633E-3	2.06520E-3	8.37142E-4
3.44126E+0	4.68750E-3	2.06520E-3	9.61652E-4
3.44204E+0	4.68750E-3	1.25211E-3	9.61652E-4
3.44238E+0	4.24805E-3	0.00000E+0	1.65038E-3
3.44238E+0	3.75977E-3	0.00000E+0	2.06520E-3
3.44253E+0	2.58789E-3	8.37142E-4	2.44928E-3
3.44541E+0	1.95313E-4	2.38199E-3	1.18593E-3
3.44712E+0	-4.88281E-5	8.37142E-4	4.88281E-4
3.44731E+0	-9.76563E-5	4.88281E-4	6.87038E-4
3.45049E+0	4.88281E-5	2.32468E-3	8.48571E-4
3.45215E+0	1.46484E-3	0.00000E+0	2.24886E-3
3.45215E+0	1.17187E-3	0.00000E+0	2.09587E-3
3.45215E+0	8.30078E-4	0.00000E+0	1.84338E-3
3.45215E+0	7.81250E-4	0.00000E+0	1.79909E-3
3.45229E+0	2.44141E-4	8.37142E-4	1.06955E-3
3.45659E+0	0.00000E+0	1.40441E-3	0.00000E+0
3.45708E+0	0.00000E+0	4.88281E-4	0.00000E+0
3.45708E+0	0.00000E+0	4.88281E-4	0.00000E+0
3.45728E+0	0.00000E+0	1.06955E-3	0.00000E+0
3.45786E+0	0.00000E+0	1.84338E-3	0.00000E+0
3.46069E+0	0.00000E+0	2.12497E-3	0.00000E+0
3.46201E+0	0.00000E+0	6.87038E-4	0.00000E+0
3.46191E+0	0.00000E+0	0.00000E+0	0.00000E+0
3.46191E+0	0.00000E+0	0.00000E+0	0.00000E+0
3.46191E+0	0.00000E+0	0.00000E+0	0.00000E+0
3.46196E+0	0.00000E+0	4.88281E-4	0.00000E+0
3.46294E+0	0.00000E+0	1.99883E-3	0.00000E+0
3.46548E+0	0.00000E+0	2.17869E-3	0.00000E+0
3.46626E+0	4.88281E-5	1.53548E-3	4.88281E-4
3.46675E+0	0.00000E+0	4.88281E-4	0.00000E+0
3.46680E+0	0.00000E+0	0.00000E+0	0.00000E+0
3.46680E+0	0.00000E+0	0.00000E+0	0.00000E+0
3.46680E+0	0.00000E+0	0.00000E+0	0.00000E+0
3.46685E+0	0.00000E+0	4.88281E-4	0.00000E+0
3.46689E+0	0.00000E+0	6.87038E-4	0.00000E+0
3.47056E+0	0.00000E+0	2.06520E-3	0.00000E+0
3.47051E+0	0.00000E+0	2.09587E-3	0.00000E+0
3.47051E+0	4.88281E-5	2.09587E-3	4.88281E-4
3.47070E+0	0.00000E+0	1.96296E-3	0.00000E+0
3.47124E+0	0.00000E+0	1.40441E-3	0.00000E+0
3.47148E+0	0.00000E+0	9.61652E-4	0.00000E+0
3.47168E+0	0.00000E+0	0.00000E+0	0.00000E+0
3.47168E+0	0.00000E+0	0.00000E+0	0.00000E+0
3.47168E+0	0.00000E+0	0.00000E+0	0.00000E+0
3.47178E+0	4.88281E-5	6.87038E-4	4.88281E-4
3.47173E+0	0.00000E+0	4.88281E-4	0.00000E+0
3.47178E+0	0.00000E+0	6.87038E-4	0.00000E+0
3.47178E+0	0.00000E+0	6.87038E-4	0.00000E+0
3.47183E+0	0.00000E+0	8.37142E-4	0.00000E+0
3.47183E+0	0.00000E+0	8.37142E-4	0.00000E+0
3.47173E+0	0.00000E+0	4.88281E-4	0.00000E+0
3.47187E+0	0.00000E+0	9.61652E-4	0.00000E+0
3.47183E+0	0.00000E+0	8.37142E-4	0.00000E+0
3.47178E+0	0.00000E+0	6.87038E-4	0.00000E+0
3.47173E+0	0.00000E+0	4.88281E-4	0.00000E+0
3.47173E+0	0.00000E+0	4.88281E-4	0.00000E+0
3.47183E+0	0.00000E+0	8.37142E-4	0.00000E+0
3.47178E+0	0.00000E+0	6.87038E-4	0.00000E+0
3.47183E+0	0.00000E+0	8.37142E-4	0.00000E+0
3.47192E+0	0.00000E+0	1.06955E-3	0.00000E+0
3.47217E+0	0.00000E+0	1.47222E-3	0.00000E+0
3.47437E+0	4.88281E-5	2.44141E-3	4.88281E-4
3.47856E+0	0.00000E+0	2.41363E-3	0.00000E+0
3.48027E+0	0.00000E+0	2.09587E-3	0.00000E+0
3.48135E+0	0.00000E+0	6.87038E-4	0.00000E+0
3.48398E+0	0.00000E+0	2.45174E-3	0.00000E+0
3.48945E+0	0.00000E+0	2.35556E-3	0.00000E+0
3.49331E+0	0.00000E+0	2.42954E-3	0.00000E+0
3.49438E+0	0.00000E+0	2.34069E-3	0.00000E+0
3.49722E+0	0.00000E+0	2.17869E-3	0.00000E+0
3.50098E+0	0.00000E+0	0.00000E+0	0.00000E+0
3.50093E+0	0.00000E+0	4.88281E-4	0.00000E+0
3.50093E+0	0.00000E+0	4.88281E-4	0.00000E+0
3.50103E+0	0.00000E+0	4.88281E-4	0.00000E+0
3.50103E+0	0.00000E+0	4.88281E-4	0.00000E+0
3.50107E+0	0.00000E+0	6.87038E-4	0.00000E+0
3.50103E+0	0.00000E+0	4.88281E-4	0.00000E+0
3.50269E+0	4.88281E-5	2.34069E-3	4.88281E-4
3.50547E+0	4.88281E-5	1.33135E-3	4.88281E-4
3.50757E+0	0.00000E+0	2.34069E-3	0.00000E+0
3.51797E+0	0.00000E+0	8.65376E-3	0.00000E+0
3.54199E+0	4.88281E-5	3.92593E-3	4.88281E-4
3.54492E+0	4.88281E-5	0.00000E+0	4.88281E-4
3.54492E+0	4.88281E-5	0.00000E+0	4.88281E-4
3.54492E+0	0.00000E+0	0.00000E+0	0.00000E+0
3.54497E+0	0.00000E+0	4.88281E-4	0.00000E+0
3.54492E+0	0.00000E+0	0.00000E+0	0.00000E+0
3.54492E+0	0.00000E+0	0.00000E+0	0.00000E+0
3.54492E+0	0.00000E+0	0.00000E+0	0.00000E+0
3.54492E+0	0.00000E+0	0.00000E+0	0.00000E+0
3.54492E+0	0.00000E+0	0.00000E+0	0.00000E+0
3.54492E+0	0.00000E+0	0.00000E+0	0.00000E+0
3.54492E+0	0.00000E+0	0.00000E+0	0.00000E+0
3.54492E+0	0.00000E+0	0.00000E+0	0.00000E+0
3.54492E+0	0.00000E+0	0.00000E+0	0.00000E+0
3.54492E+0	0.00000E+0	0.00000E+0	0.00000E+0
3.54492E+0	0.00000E+0	0.00000E+0	0.00000E+0
3.54492E+0	0.00000E+0	0.00000E+0	0.00000E+0
3.54492E+0	0.00000E+0	0.00000E+0	0.00000E+0
3.54497E+0	0.00000E+0	4.88281E-4	0.00000E+0
3.54492E+0	0.00000E+0	0.00000E+0	0.00000E+0
3.54492E+0	0.00000E+0	0.00000E+0	0.00000E+0
3.54492E+0	4.88281E-5	0.00000E+0	4.88281E-4
3.54487E+0	0.00000E+0	4.88281E-4	0.00000E+0
3.54492E+0	0.00000E+0	0.00000E+0	0.00000E+0
3.54492E+0	0.00000E+0	0.00000E+0	0.00000E+0
3.54492E+0	0.00000E+0	0.00000E+0	0.00000E+0
3.54648E+0	0.00000E+0	2.28919E-3	0.00000E+0
3.54971E+0	0.00000E+0	6.87038E-4	0.00000E+0
3.54990E+0	4.88281E-5	6.87038E-4	4.88281E-4
3.55347E+0	0.00000E+0	2.12497E-3	0.00000E+0
3.55825E+0	0.00000E+0	2.17869E-3	0.00000E+0
3.55962E+0	0.00000E+0	4.88281E-4	0.00000E+0
3.55967E+0	0.00000E+0	6.87038E-4	0.00000E+0
3.55957E+0	0.00000E+0	0.00000E+0	0.00000E+0
3.55957E+0	0.00000E+0	0.00000E+0	0.00000E+0
3.55957E+0	0.00000E+0	0.00000E+0	0.00000E+0
3.55957E+0	0.00000E+0	0.00000E+0	0.00000E+0
3.55957E+0	4.88281E-5	0.00000E+0	4.88281E-4
3.55957E+0	0.00000E+0	0.00000E+0	0.00000E+0
3.55957E+0	0.00000E+0	0.00000E+0	0.00000E+0
3.55957E+0	0.00000E+0	0.00000E+0	0.00000E+0
3.55957E+0	0.00000E+0	0.00000E+0	0.00000E+0
3.55957E+0	4.88281E-5	0.00000E+0	4.88281E-4
3.55952E+0	4.88281E-5	4.88281E-4	4.88281E-4
3.55957E+0	4.88281E-5	6.94013E-4	4.88281E-4
3.55952E+0	0.00000E+0	4.88281E-4	0.00000E+0
3.55962E+0	0.00000E+0	4.88281E-4	0.00000E+0
3.55957E+0	4.88281E-5	0.00000E+0	4.88281E-4
3.55957E+0	0.00000E+0	0.00000E+0	0.00000E+0
3.55957E+0	0.00000E+0	0.00000E+0	0.00000E+0
3.55952E+0	4.88281E-5	4.88281E-4	4.88281E-4
3.55962E+0	0.00000E+0	8.48571E-4	0.00000E+0
3.55962E+0	0.00000E+0	4.88281E-4	0.00000E+0
3.55962E+0	0.00000E+0	4.88281E-4	0.00000E+0
3.55952E+0	0.00000E+0	4.88281E-4	0.00000E+0
3.55947E+0	4.88281E-5	6.87038E-4	4.88281E-4
3.55957E+0	0.00000E+0	0.00000E+0	0.00000E+0
3.55957E+0	0.00000E+0	0.00000E+0	0.00000E+0
3.55957E+0	0.00000E+0	0.00000E+0	0.00000E+0
3.55962E+0	4.88281E-5	8.48571E-4	4.88281E-4
3.55957E+0	0.00000E+0	0.00000E+0	0.00000E+0
3.55957E+0	4.88281E-5	0.00000E+0	4.88281E-4
3.55962E+0	0.00000E+0	4.88281E-4	0.00000E+0
3.55962E+0	0.00000E+0	4.88281E-4	0.00000E+0
3.55967E+0	0.00000E+0	6.87038E-4	0.00000E+0
3.55962E+0	0.00000E+0	4.88281E-4	0.00000E+0
3.55957E+0	0.00000E+0	0.00000E+0	0.00000E+0
3.55952E+0	4.88281E-5	4.88281E-4	4.88281E-4
3.55957E+0	4.88281E-5	6.94013E-4	4.88281E-4
3.55952E+0	0.00000E+0	4.88281E-4	0.00000E+0
3.55957E+0	0.00000E+0	0.00000E+0	0.00000E+0
3.55957E+0	4.88281E-5	0.00000E+0	4.88281E-4
3.55957E+0	0.00000E+0	0.00000E+0	0.00000E+0
3.55972E+0	0.00000E+0	8.37142E-4	0.00000E+0
3.55957E+0	0.00000E+0	0.00000E+0	0.00000E+0
3.55957E+0	0.00000E+0	0.00000E+0	0.00000E+0
3.55967E+0	0.00000E+0	6.87038E-4	0.00000E+0
3.55962E+0	0.00000E+0	4.88281E-4	0.00000E+0
3.55957E+0	0.00000E+0	0.00000E+0	0.00000E+0
3.55957E+0	0.00000E+0	0.00000E+0	0.00000E+0
3.55952E+0	0.00000E+0	4.88281E-4	0.00000E+0
3.55957E+0	0.00000E+0	6.94013E-4	0.00000E+0
3.55962E+0	0.00000E+0	4.88281E-4	0.00000E+0
3.55957E+0	4.88281E-5	0.00000E+0	4.88281E-4
3.55962E+0	0.00000E+0	4.88281E-4	0.00000E+0
3.55962E+0	0.00000E+0	4.88281E-4	0.00000E+0
3.55952E+0	0.00000E+0	4.88281E-4	0.00000E+0
3.55952E+0	4.88281E-5	4.88281E-4	4.88281E-4
3.55952E+0	0.00000E+0	4.88281E-4	0.00000E+0
3.55957E+0	0.00000E+0	0.00000E+0	0.00000E+0
3.55957E+0	0.00000E+0	0.00000E+0	0.00000E+0
3.55952E+0	0.00000E+0	4.88281E-4	0.00000E+0
3.55952E+0	4.88281E-5	4.88281E-4	4.88281E-4
3.55957E+0	0.00000E+0	6.94013E-4	0.00000E+0
3.55957E+0	0.00000E+0	6.94013E-4	0.00000E+0
3.55962E+0	0.00000E+0	4.88281E-4	0.00000E+0
3.55957E+0	0.00000E+0	0.00000E+0	0.00000E+0
3.55952E+0	0.00000E+0	4.88281E-4	0.00000E+0
3.55952E+0	0.00000E+0	4.88281E-4	0.00000E+0
3.55957E+0	0.00000E+0	0.00000E+0	0.00000E+0
3.55962E+0	4.88281E-5	4.88281E-4	4.88281E-4
3.55957E+0	0.00000E+0	0.00000E+0	0.00000E+0
3.55957E+0	4.88281E-5	0.00000E+0	4.88281E-4
3.55957E+0	0.00000E+0	0.00000E+0	0.00000E+0
3.55957E+0	0.00000E+0	0.00000E+0	0.00000E+0
3.55957E+0	0.00000E+0	0.00000E+0	0.00000E+0
3.55962E+0	9.76563E-5	4.88281E-4	6.87038E-4
3.55952E+0	0.00000E+0	4.88281E-4	0.00000E+0
3.55957E+0	0.00000E+0	0.00000E+0	0.00000E+0
3.55957E+0	0.00000E+0	0.00000E+0	0.00000E+0
3.55957E+0	0.00000E+0	0.00000E+0	0.00000E+0
3.55957E+0	4.88281E-5	0.00000E+0	4.88281E-4
3.55957E+0	0.00000E+0	0.00000E+0	0.00000E+0
3.55957E+0	0.00000E+0	0.00000E+0	0.00000E+0
3.55957E+0	0.00000E+0	0.00000E+0	0.00000E+0
3.55952E+0	0.00000E+0	4.88281E-4	0.00000E+0
3.55957E+0	0.00000E+0	0.00000E+0	0.00000E+0
3.55957E+0	0.00000E+0	0.00000E+0	0.00000E+0
3.55962E+0	0.00000E+0	4.88281E-4	0.00000E+0
3.55962E+0	4.88281E-5	4.88281E-4	4.88281E-4
3.55957E+0	0.00000E+0	0.00000E+0	0.00000E+0
3.55957E+0	0.00000E+0	6.94013E-4	0.00000E+0
3.55957E+0	0.00000E+0	0.00000E+0	0.00000E+0
3.55962E+0	0.00000E+0	4.88281E-4	0.00000E+0
